1.54056
5   0   4.4
5.02   0   4.4
5.04   0   4.4
5.06   0   4.4
5.08   0   4.4
5.1   0   4.4
5.12   0   4.4
5.14   0   4.4
5.16   0   4.4
5.18   0   4.4
5.2   0   4.4
5.22   0   4.4
5.24   0   4.4
5.26   0   4.4
5.28   0   4.4
5.3   0   4.4
5.32   0   4.4
5.34   0   4.4
5.36   0   4.4
5.38   0   4.4
5.4   0   4.4
5.42   0   4.4
5.44   0   4.4
5.46   0   4.4
5.48   0   4.4
5.5   0   4.4
5.52   0   4.4
5.54   0   4.4
5.56   0   4.4
5.58   0   4.4
5.6   0   4.4
5.62   0   4.4
5.64   0   4.4
5.66   0   4.4
5.68   0   4.4
5.7   0   4.4
5.72   0   4.4
5.74   0   4.4
5.76   0   4.4
5.78   0   4.4
5.8   0   4.4
5.82   0   4.4
5.84   0   4.4
5.86   0   4.4
5.88   0   4.4
5.9   0   4.4
5.92   0   4.4
5.94   0   4.4
5.96   0   4.4
5.98   0   4.4
6   0   4.4
6.02   0   4.4
6.04   0   4.4
6.06   0   4.4
6.08   0   4.4
6.1   0   4.4
6.12   0   4.4
6.14   0   4.4
6.16   0   4.4
6.18   0   4.4
6.2   0   4.4
6.22   0   4.4
6.24   0   4.4
6.26   0   4.4
6.28   0   4.4
6.3   0   4.4
6.32   0   4.4
6.34   0   4.4
6.36   0   4.4
6.38   0   4.4
6.4   0   4.4
6.42   0   4.4
6.44   0   4.4
6.46   0   4.4
6.48   0   4.4
6.5   0   4.4
6.52   0   4.4
6.54   0   4.4
6.56   0   4.4
6.58   0   4.4
6.6   0   4.4
6.62   0   4.4
6.64   0   4.4
6.66   0   4.4
6.68   0   4.4
6.7   0   4.4
6.72   0   4.4
6.74   0   4.4
6.76   0   4.4
6.78   0   4.4
6.8   0   4.4
6.82   0   4.4
6.84   0   4.4
6.86   0   4.4
6.88   0   4.4
6.9   0   4.4
6.92   0   4.4
6.94   0   4.4
6.96   0   4.4
6.98   0   4.4
7   0   4.4
7.02   0   4.4
7.04   0   4.4
7.06   0   4.4
7.08   0   4.4
7.1   0   4.4
7.12   0   4.4
7.14   0   4.4
7.16   0   4.4
7.18   0   4.4
7.2   0   4.4
7.22   0   4.4
7.24   0   4.4
7.26   0   4.4
7.28   0   4.4
7.3   0   4.4
7.32   0   4.4
7.34   0   4.4
7.36   0   4.4
7.38   0   4.4
7.4   0   4.4
7.42   0   4.4
7.44   0   4.4
7.46   0   4.4
7.48   0   4.4
7.5   0   4.4
7.52   0   4.4
7.54   0   4.4
7.56   0   4.4
7.58   0   4.4
7.6   0   4.4
7.62   0   4.4
7.64   0   4.4
7.66   0   4.4
7.68   0   4.4
7.7   0   4.4
7.72   0   4.4
7.74   0   4.4
7.76   0   4.4
7.78   0   4.4
7.8   0   4.4
7.82   0   4.4
7.84   0   4.4
7.86   0   4.4
7.88   0   4.4
7.9   0   4.4
7.92   0   4.4
7.94   0   4.4
7.96   0   4.4
7.98   0   4.4
8   0   4.4
8.02   0   4.4
8.04   0   4.4
8.06   0   4.4
8.08   0   4.4
8.1   0   4.4
8.12   0   4.4
8.14   0   4.4
8.16   0   4.4
8.18   0   4.4
8.2   0   4.4
8.22   0   4.4
8.24   0   4.4
8.26   0   4.4
8.28   0   4.4
8.3   0   4.4
8.32   0   4.4
8.34   0   4.4
8.36   0   4.4
8.38   0   4.4
8.4   0   4.4
8.42   0   4.4
8.44   0   4.4
8.46   0   4.4
8.48   0   4.4
8.5   0   4.4
8.52   0   4.4
8.54   0   4.4
8.56   0   4.4
8.58   0   4.4
8.6   0   4.4
8.62   0   4.4
8.64   0   4.4
8.66   0   4.4
8.68   0   4.4
8.7   0   4.4
8.72   0   4.4
8.74   0   4.4
8.76   0   4.4
8.78   0   4.4
8.8   0   4.4
8.82   0   4.4
8.84   0   4.4
8.86   0   4.4
8.88   0   4.4
8.9   0   4.4
8.92   0   4.4
8.94   0   4.4
8.96   0   4.4
8.98   0   4.4
9   0   4.4
9.02   0   4.4
9.04   0   4.4
9.06   0   4.4
9.08   0   4.4
9.1   0   4.4
9.12   0   4.4
9.14   0   4.4
9.16   0   4.4
9.18   0   4.4
9.2   0   4.4
9.22   0   4.4
9.24   0   4.4
9.26   0   4.4
9.28   9.74167   4.4
9.3   10.0144   4.4
9.32   10.2987   4.4
9.34   10.5952   4.4
9.36   10.9048   4.4
9.38   11.2281   4.4
9.4   11.566   4.4
9.42   11.9194   4.4
9.44   12.2893   4.4
9.46   12.6766   4.4
9.48   13.0825   4.4
9.5   13.5082   4.4
9.52   13.955   4.4
9.54   14.4243   4.4
9.56   14.9177   4.4
9.58   15.4369   4.4
9.6   15.9836   4.4
9.62   16.5598   4.4
9.64   17.1678   4.4
9.66   17.8098   4.4
9.68   18.4886   4.4
9.7   19.2068   4.4
9.72   19.9677   4.46852
9.74   20.7746   4.55792
9.76   21.6315   4.65097
9.78   22.5424   4.74789
9.8   23.5121   4.84892
9.82   24.5456   4.95435
9.84   25.6487   5.06445
9.86   26.8278   5.17956
9.88   28.09   5.3
9.9   29.4434   5.42617
9.92   30.8968   5.55849
9.94   32.4604   5.6974
9.96   34.1456   5.84342
9.98   35.9653   5.99711
10   37.9342   6.15907
10.02   40.0691   6.33001
10.04   42.389   6.51069
10.06   44.9161   6.70195
10.08   47.6756   6.90475
10.1   50.6969   7.12017
10.12   54.0141   7.34943
10.14   57.667   7.59388
10.16   61.7024   7.85509
10.18   66.1755   8.13483
10.2   71.1518   8.43515
10.22   76.7093   8.75838
10.24   82.9419   9.10725
10.26   89.9632   9.48489
10.28   97.9115   9.89502
10.3   106.957   10.342
10.32   117.309   10.8309
10.34   129.232   11.368
10.36   143.057   11.9606
10.38   159.21   12.6178
10.4   178.239   13.3506
10.42   200.863   14.1726
10.44   228.04   15.101
10.46   261.061   16.1574
10.48   301.707   17.3697
10.5   352.479   18.7744
10.52   416.973   20.4199
10.54   500.512   22.3721
10.56   611.325   24.725
10.58   763.081   27.6239
10.6   980.916   31.3196
10.62   1314.72   36.259
10.64   1861.25   43.1422
10.66   2783.77   52.7614
10.68   4294.9   65.5355
10.7   6524.69   80.7755
10.72   9018.25   94.9645
10.74   10000   100
10.76   8367.21   91.4725
10.78   5829.17   76.349
10.8   3797.25   61.6218
10.82   2473.46   49.7339
10.84   1677.39   40.956
10.86   1204.34   34.7036
10.88   910.546   30.1753
10.9   714.985   26.7392
10.92   576.657   24.0137
10.94   474.615   21.7857
10.96   397.124   19.928
10.98   336.95   18.3562
11   289.342   17.0101
11.02   251.063   15.845
11.04   219.846   14.8272
11.06   194.067   13.9308
11.08   172.542   13.1355
11.1   154.389   12.4253
11.12   138.942   11.7874
11.14   125.692   11.2112
11.16   114.242   10.6884
11.18   104.283   10.2119
11.2   95.5666   9.77581
11.22   87.8954   9.37526
11.24   81.1094   9.00608
11.26   75.0777   8.66474
11.28   69.6929   8.34823
11.3   64.8659   8.05394
11.32   60.5224   7.77962
11.34   56.6001   7.5233
11.36   53.0463   7.28329
11.38   49.8163   7.05807
11.4   46.8721   6.84632
11.42   44.1809   6.64687
11.44   41.7147   6.45869
11.46   39.449   6.28085
11.48   37.3628   6.11251
11.5   35.4376   5.95295
11.52   33.6572   5.80148
11.54   32.0075   5.65752
11.56   30.4761   5.52052
11.58   29.0519   5.38998
11.6   27.7251   5.26547
11.62   26.4871   5.14656
11.64   25.3301   5.03291
11.66   24.2473   4.92415
11.68   23.2323   4.81999
11.7   22.2797   4.72014
11.72   21.3845   4.62434
11.74   20.5421   4.53234
11.76   19.7485   4.44393
11.78   19   4.4
11.8   18.2932   4.4
11.82   17.6251   4.4
11.84   16.993   4.4
11.86   16.3942   4.4
11.88   15.8265   4.4
11.9   15.2877   4.4
11.92   14.776   4.4
11.94   14.2896   4.4
11.96   13.8267   4.4
11.98   13.386   4.4
12   12.966   4.4
12.02   12.5655   4.4
12.04   12.1832   4.4
12.06   11.8181   4.4
12.08   11.4692   4.4
12.1   11.1355   4.4
12.12   10.8161   4.4
12.14   10.5103   4.4
12.16   10.2173   4.4
12.18   9.9363   4.4
12.2   0   4.4
12.22   0   4.4
12.24   0   4.4
12.26   0   4.4
12.28   0   4.4
12.3   0   4.4
12.32   0   4.4
12.34   0   4.4
12.36   0   4.4
12.38   0   4.4
12.4   0   4.4
12.42   0   4.4
12.44   0   4.4
12.46   0   4.4
12.48   0   4.4
12.5   0   4.4
12.52   0   4.4
12.54   0   4.4
12.56   0   4.4
12.58   0   4.4
12.6   0   4.4
12.62   0   4.4
12.64   0   4.4
12.66   0   4.4
12.68   0   4.4
12.7   0   4.4
12.72   0   4.4
12.74   0   4.4
12.76   0   4.4
12.78   0   4.4
12.8   0   4.4
12.82   0   4.4
12.84   0   4.4
12.86   0   4.4
12.88   0   4.4
12.9   0   4.4
12.92   0   4.4
12.94   0   4.4
12.96   0   4.4
12.98   0   4.4
13   0   4.4
13.02   0   4.4
13.04   0   4.4
13.06   0   4.4
13.08   0   4.4
13.1   0   4.4
13.12   0   4.4
13.14   0   4.4
13.16   0   4.4
13.18   0   4.4
13.2   0   4.4
13.22   0   4.4
13.24   0   4.4
13.26   0   4.4
13.28   0   4.4
13.3   0   4.4
13.32   0   4.4
13.34   0   4.4
13.36   0   4.4
13.38   0   4.4
13.4   0   4.4
13.42   0   4.4
13.44   0   4.4
13.46   0   4.4
13.48   0   4.4
13.5   0   4.4
13.52   0   4.4
13.54   0   4.4
13.56   0   4.4
13.58   0   4.4
13.6   0   4.4
13.62   0   4.4
13.64   0   4.4
13.66   0   4.4
13.68   0   4.4
13.7   0   4.4
13.72   0   4.4
13.74   0   4.4
13.76   0   4.4
13.78   0   4.4
13.8   0   4.4
13.82   0   4.4
13.84   0   4.4
13.86   0   4.4
13.88   0   4.4
13.9   0   4.4
13.92   0   4.4
13.94   0   4.4
13.96   0   4.4
13.98   0   4.4
14   0   4.4
14.02   0   4.4
14.04   0   4.4
14.06   0   4.4
14.08   0   4.4
14.1   0   4.4
14.12   0   4.4
14.14   0   4.4
14.16   0   4.4
14.18   0   4.4
14.2   0   4.4
14.22   0   4.4
14.24   0   4.4
14.26   0   4.4
14.28   0   4.4
14.3   0   4.4
14.32   0   4.4
14.34   0   4.4
14.36   0   4.4
14.38   0   4.4
14.4   0   4.4
14.42   0   4.4
14.44   0   4.4
14.46   0   4.4
14.48   0   4.4
14.5   0   4.4
14.52   0   4.4
14.54   0   4.4
14.56   0   4.4
14.58   0   4.4
14.6   0   4.4
14.62   0   4.4
14.64   0   4.4
14.66   0   4.4
14.68   0   4.4
14.7   0   4.4
14.72   0   4.4
14.74   0   4.4
14.76   0   4.4
14.78   0   4.4
14.8   0   4.4
14.82   0   4.4
14.84   0   4.4
14.86   0   4.4
14.88   0   4.4
14.9   0   4.4
14.92   0   4.4
14.94   0   4.4
14.96   0   4.4
14.98   0   4.4
15   0   4.4
15.02   0   4.4
15.04   0   4.4
15.06   0   4.4
15.08   0   4.4
15.1   0   4.4
15.12   0   4.4
15.14   0   4.4
15.16   0   4.4
15.18   0   4.4
15.2   0   4.4
15.22   0   4.4
15.24   0   4.4
15.26   1.30463   4.4
15.28   1.34125   4.4
15.3   1.37944   4.4
15.32   1.41927   4.4
15.34   1.46086   4.4
15.36   1.50431   4.4
15.38   1.54971   4.4
15.4   1.59721   4.4
15.42   1.64692   4.4
15.44   1.69899   4.4
15.46   1.75357   4.4
15.48   1.81081   4.4
15.5   1.87091   4.4
15.52   1.93404   4.4
15.54   2.00043   4.4
15.56   2.07029   4.4
15.58   2.14387   4.4
15.6   2.22144   4.4
15.62   2.30329   4.4
15.64   2.38976   4.4
15.66   2.48118   4.4
15.68   2.57794   4.4
15.7   2.68047   4.4
15.72   2.78924   4.4
15.74   2.90475   4.4
15.76   3.02759   4.4
15.78   3.15838   4.4
15.8   3.29783   4.4
15.82   3.44671   4.4
15.84   3.60588   4.4
15.86   3.77634   4.4
15.88   3.95915   4.4
15.9   4.15556   4.4
15.92   4.36692   4.4
15.94   4.59481   4.4
15.96   4.84099   4.4
15.98   5.10747   4.4
16   5.39652   4.4
16.02   5.71079   4.4
16.04   6.05328   4.4
16.06   6.42746   4.4
16.08   6.83736   4.4
16.1   7.28767   4.4
16.12   7.78386   4.4
16.14   8.33237   4.4
16.16   8.9408   4.4
16.18   9.61818   4.4
16.2   10.3753   4.4
16.22   11.2251   4.4
16.24   12.1834   4.4
16.26   13.2693   4.4
16.28   14.5064   4.4
16.3   15.924   4.4
16.32   17.5588   4.4
16.34   19.4573   4.41104
16.36   21.6788   4.65605
16.38   24.3006   4.92956
16.4   27.4238   5.23678
16.42   31.1837   5.58424
16.44   35.7635   5.98026
16.46   41.4166   6.43557
16.48   48.5004   6.96423
16.5   57.5318   7.58497
16.52   69.2811   8.32353
16.54   84.9529   9.21699
16.56   106.587   10.3241
16.58   138.008   11.7477
16.6   186.847   13.6692
16.62   267.625   16.3592
16.64   403.859   20.0962
16.66   623.914   24.9783
16.68   937.462   30.618
16.7   1253.32   35.4023
16.72   1312.74   36.2318
16.74   1047.26   32.3614
16.76   714.455   26.7293
16.78   463.433   21.5275
16.8   303.54   17.4224
16.82   208.105   14.4259
16.84   151.111   12.2927
16.86   115.245   10.7352
16.88   91.0453   9.54177
16.9   73.7591   8.58831
16.92   60.9229   7.80531
16.94   51.1276   7.15036
16.96   43.4909   6.59476
16.98   37.4283   6.11787
17   32.5392   5.70431
17.02   28.5415   5.34243
17.04   25.2326   5.02321
17.06   22.464   4.73962
17.08   20.1246   4.48605
17.1   18.1307   4.4
17.12   16.4178   4.4
17.14   14.9355   4.4
17.16   13.6446   4.4
17.18   12.5135   4.4
17.2   11.7672   4.4
17.22   10.8918   4.4
17.24   10.1141   4.4
17.26   9.42032   4.4
17.28   8.79902   4.4
17.3   8.2407   4.4
17.32   7.73736   4.4
17.34   7.28223   4.4
17.36   6.86958   4.4
17.38   6.49452   4.4
17.4   6.15284   4.4
17.42   5.84095   4.4
17.44   5.55573   4.4
17.46   5.29447   4.4
17.48   5.05482   4.4
17.5   4.83474   4.4
17.52   4.63243   4.4
17.54   4.44633   4.4
17.56   4.27506   4.4
17.58   4.11741   4.4
17.6   3.97232   4.4
17.62   3.83885   4.4
17.64   3.71619   4.4
17.66   3.60363   4.4
17.68   3.50053   4.4
17.7   3.40635   4.4
17.72   3.32062   4.4
17.74   3.24295   4.4
17.76   3.17301   4.4
17.78   3.11052   4.4
17.8   3.05528   4.4
17.82   3.00713   4.4
17.84   2.96598   4.4
17.86   2.93179   4.4
17.88   2.90458   4.4
17.9   2.88444   4.4
17.92   2.87152   4.4
17.94   2.86606   4.4
17.96   2.86836   4.4
17.98   2.87881   4.4
18   2.89792   4.4
18.02   2.92632   4.4
18.04   2.96476   4.4
18.06   3.01416   4.4
18.08   3.07564   4.4
18.1   3.15056   4.4
18.12   3.24055   4.4
18.14   3.34759   4.4
18.16   3.4741   4.4
18.18   3.62303   4.4
18.2   2.55168   4.4
18.22   2.79   4.4
18.24   3.06316   4.4
18.26   3.37826   4.4
18.28   3.74427   4.4
18.3   4.17271   4.4
18.32   4.67851   4.4
18.34   5.28129   4.4
18.36   6.00726   4.4
18.38   6.89197   4.4
18.4   7.98461   4.4
18.42   9.35465   4.4
18.44   11.1026   4.4
18.46   13.3786   4.4
18.48   16.4179   4.4
18.5   20.6201   4.54094
18.52   26.7381   5.17089
18.54   36.2739   6.02278
18.56   52.0738   7.21622
18.58   78.7082   8.87177
18.6   121.599   11.0272
18.62   182.246   13.4998
18.64   241.916   15.5536
18.66   250.531   15.8282
18.68   198.138   14.0762
18.7   134.69   11.6056
18.72   87.3189   9.34446
18.74   57.2636   7.56727
18.76   39.3456   6.27261
18.78   28.6315   5.35084
18.8   21.8714   4.67669
18.82   17.2984   4.4
18.84   14.0259   4.4
18.86   11.5928   4.4
18.88   9.73441   4.4
18.9   8.28445   4.4
18.92   7.13262   4.4
18.94   6.2032   4.4
18.96   5.44286   4.4
18.98   4.81325   4.4
19   4.28621   4.4
19.02   3.84074   4.4
19.04   3.46093   4.4
19.06   3.13454   4.4
19.08   2.85204   4.4
19.1   2.60593   4.4
19.12   2.39025   4.4
19.14   2.20019   4.4
19.16   2.03186   4.4
19.18   1.88208   4.4
19.2   1.74823   4.4
19.22   1.62813   4.4
19.24   1.51997   4.4
19.26   1.42221   4.4
19.28   1.33358   4.4
19.3   1.25296   4.4
19.32   1.17942   4.4
19.34   1.11217   4.4
19.36   1.05049   4.4
19.38   0.993804   4.4
19.4   0.941576   4.4
19.42   0.893354   4.4
19.44   0.848739   4.4
19.46   0.807381   4.4
19.48   0.76897   4.4
19.5   0.733233   4.4
19.52   0.699929   4.4
19.54   0.66884   4.4
19.56   0.639776   4.4
19.58   0.612564   4.4
19.6   0.587051   4.4
19.62   0.563097   4.4
19.64   0.540579   4.4
19.66   0.519384   4.4
19.68   0.499411   4.4
19.7   0.480567   4.4
19.72   0.46277   4.4
19.74   0.445942   4.4
19.76   0.430015   4.4
19.78   0.414926   4.4
19.8   0.400617   4.4
19.82   0.387035   4.4
19.84   0.374132   4.4
19.86   0.361863   4.4
19.88   0.350187   4.4
19.9   0.339068   4.4
19.92   0.328469   4.4
19.94   0.318359   4.4
19.96   0.308709   4.4
19.98   0.299491   4.4
20   0.29068   4.4
20.02   0.282251   4.4
20.04   0.274184   4.4
20.06   0.266458   4.4
20.08   0.259053   4.4
20.1   2.79441   4.4
20.12   2.85813   4.4
20.14   2.6865   4.4
20.16   2.76315   4.4
20.18   2.84313   4.4
20.2   2.92663   4.4
20.22   3.01386   4.4
20.24   3.10504   4.4
20.26   3.20043   4.4
20.28   3.30028   4.4
20.3   3.40487   4.4
20.32   3.51452   4.4
20.34   3.62954   4.4
20.36   3.7503   4.4
20.38   3.87718   4.4
20.4   4.01061   4.4
20.42   4.15105   4.4
20.44   4.29899   4.4
20.46   4.45497   4.4
20.48   4.61959   4.4
20.5   4.7935   4.4
20.52   4.97742   4.4
20.54   5.17211   4.4
20.56   5.37845   4.4
20.58   5.59737   4.4
20.6   5.82993   4.4
20.62   6.07727   4.4
20.64   6.34068   4.4
20.66   6.62157   4.4
20.68   6.92153   4.4
20.7   7.24233   4.4
20.72   7.58592   4.4
20.74   7.95453   4.4
20.76   8.35063   4.4
20.78   8.77704   4.4
20.8   9.23691   4.4
20.82   9.73383   4.4
20.84   10.2719   4.4
20.86   10.8558   4.4
20.88   11.4908   4.4
20.9   12.1831   4.4
20.92   12.9397   4.4
20.94   13.769   4.4
20.96   14.6804   4.4
20.98   15.6851   4.4
21   16.7964   4.4
21.02   18.0297   4.4
21.04   19.4036   4.40496
21.06   20.9403   4.57605
21.08   22.6662   4.7609
21.1   24.6138   4.96123
21.12   26.8225   5.17905
21.14   29.341   5.41674
21.16   32.2297   5.67712
21.18   35.5643   5.96358
21.2   39.4722   6.28269
21.22   44.0154   6.63441
21.24   49.3842   7.02739
21.26   55.7897   7.46925
21.28   63.514   7.96957
21.3   72.9407   8.54054
21.32   84.602   9.19793
21.34   99.2508   9.96247
21.36   117.981   10.8619
21.38   142.431   11.9345
21.4   175.192   13.236
21.42   220.712   14.8564
21.44   287.461   16.9547
21.46   392.339   19.8076
21.48   566.95   23.8107
21.5   860.732   29.3382
21.52   1329.26   36.459
21.54   1975.87   44.4508
21.56   2565.1   50.6469
21.58   2569.01   50.6854
21.6   1983.07   44.5317
21.62   1335.19   36.5402
21.64   864.636   29.4047
21.66   569.312   23.8603
21.68   393.749   19.8431
21.7   288.343   16.9807
21.72   221.309   14.8764
21.74   175.626   13.2524
21.76   142.765   11.9484
21.78   118.248   10.8742
21.8   99.473   9.97361
21.82   84.7933   9.20833
21.84   73.1109   8.55049
21.86   63.6698   7.97934
21.88   55.9362   7.47905
21.9   49.5251   7.03741
21.92   44.1537   6.64482
21.94   39.6103   6.29367
21.96   35.7344   5.97782
21.98   32.4024   5.69231
22   29.5179   5.43304
22.02   27.0052   5.19665
22.04   24.8036   4.98033
22.06   22.8647   4.7817
22.08   21.1489   4.59879
22.1   19.624   4.4299
22.12   18.2636   4.4
22.14   17.0457   4.4
22.16   15.9521   4.4
22.18   14.9674   4.4
22.2   14.0789   4.4
22.22   13.2758   4.4
22.24   12.5493   4.4
22.26   11.8917   4.4
22.28   11.2969   4.4
22.3   10.7599   4.4
22.32   10.277   4.4
22.34   9.84529   4.4
22.36   9.46341   4.4
22.38   9.13118   4.4
22.4   8.85011   4.4
22.42   8.62394   4.4
22.44   8.4594   4.4
22.46   8.36767   4.4
22.48   8.3669   4.4
22.5   8.48709   4.4
22.52   8.7813   4.4
22.54   9.35224   4.4
22.56   10.4064   4.4
22.58   12.3305   4.4
22.6   15.7293   4.4
22.62   21.2793   4.61295
22.64   29.0067   5.38579
22.66   35.9923   5.99936
22.68   35.7879   5.9823
22.7   28.4388   5.33281
22.72   20.3924   4.51579
22.74   14.5276   4.4
22.76   10.8046   4.4
22.78   8.54413   4.4
22.8   7.14189   4.4
22.82   6.21132   4.4
22.84   5.54552   4.4
22.86   5.04068   4.4
22.88   4.64211   4.4
22.9   4.31789   4.4
22.92   4.04772   4.4
22.94   3.81802   4.4
22.96   3.61934   4.4
22.98   3.44499   4.4
23   3.29007   4.4
23.02   3.15097   4.4
23.04   3.02492   4.4
23.06   0.434389   4.4
23.08   0.393657   4.4
23.1   0.358373   4.4
23.12   0.327611   4.4
23.14   0.300633   4.4
23.16   0.276844   4.4
23.18   0.255763   4.4
23.2   0.236994   4.4
23.22   0.220213   4.4
23.24   0.205149   4.4
23.26   0.191575   4.4
23.28   0.179303   4.4
23.3   0.168171   4.4
23.32   0.158043   4.4
23.34   0.148801   4.4
23.36   0.140345   4.4
23.38   0.132589   4.4
23.4   0.125458   4.4
23.42   0.118886   4.4
23.44   0.112816   4.4
23.46   0.107199   4.4
23.48   0.101991   4.4
23.5   0.0971535   4.4
23.52   0.0926514   4.4
23.54   0.0884548   4.4
23.56   0.0845367   4.4
23.58   0.080873   4.4
23.6   0.0774422   4.4
23.62   0.074225   4.4
23.64   0.0712041   4.4
23.66   0.0683637   4.4
23.68   0.0656898   4.4
23.7   0.137493   4.4
23.72   0.137213   4.4
23.74   0.137154   4.4
23.76   0.137313   4.4
23.78   0.137687   4.4
23.8   0.138273   4.4
23.82   0.13907   4.4
23.84   0.14008   4.4
23.86   0.141302   4.4
23.88   0.142741   4.4
23.9   0.1444   4.4
23.92   0.146283   4.4
23.94   0.148396   4.4
23.96   0.150747   4.4
23.98   0.153344   4.4
24   0.156196   4.4
24.02   0.159316   4.4
24.04   0.162714   4.4
24.06   0.166407   4.4
24.08   0.17041   4.4
24.1   0.174741   4.4
24.12   0.179421   4.4
24.14   0.184472   4.4
24.16   0.159695   4.4
24.18   0.166363   4.4
24.2   0.173456   4.4
24.22   0.181013   4.4
24.24   0.189074   4.4
24.26   1.60448   4.4
24.28   1.65348   4.4
24.3   1.70484   4.4
24.32   1.75874   4.4
24.34   1.81536   4.4
24.36   1.87488   4.4
24.38   1.93752   4.4
24.4   2.00353   4.4
24.42   2.07316   4.4
24.44   2.1467   4.4
24.46   2.22449   4.4
24.48   2.30688   4.4
24.5   2.39426   4.4
24.52   2.48711   4.4
24.54   2.58592   4.4
24.56   2.69129   4.4
24.58   2.80386   4.4
24.6   2.9244   4.4
24.62   3.05379   4.4
24.64   3.19302   4.4
24.66   3.34328   4.4
24.68   3.50597   4.4
24.7   3.68272   4.4
24.72   3.8755   4.4
24.74   4.0867   4.4
24.76   4.31921   4.4
24.78   4.57662   4.4
24.8   4.86343   4.4
24.82   5.18534   4.4
24.84   5.5497   4.4
24.86   5.96617   4.4
24.88   6.44769   4.4
24.9   7.01192   4.4
24.92   7.68363   4.4
24.94   8.49849   4.4
24.96   9.50984   4.4
24.98   10.8024   4.4
25   12.5241   4.4
25.02   14.9597   4.4
25.04   18.6725   4.4
25.06   24.6799   4.96789
25.08   34.4807   5.87203
25.1   49.5382   7.03834
25.12   69.0009   8.30668
25.14   83.667   9.14697
25.16   79.491   8.91577
25.18   62.0435   7.87677
25.2   45.5531   6.7493
25.22   34.5061   5.87419
25.24   28.1993   5.3103
25.26   25.0531   5.0053
25.28   23.8062   4.87916
25.3   23.7097   4.86926
25.32   24.3989   4.93953
25.34   25.7247   5.07195
25.36   27.6492   5.25825
25.38   30.2014   5.49558
25.4   33.4641   5.78482
25.42   37.5774   6.13004
25.44   42.7521   6.53851
25.46   49.2961   7.02112
25.48   57.6594   7.59338
25.5   68.5091   8.27702
25.52   82.8683   9.1032
25.54   102.402   10.1194
25.56   130.089   11.4057
25.58   171.769   13.1061
25.6   238.979   15.4589
25.62   352.157   18.7658
25.64   540.33   23.245
25.66   828.862   28.79
25.68   1188.15   34.4695
25.7   1416.5   37.6364
25.72   1274.1   35.6945
25.74   920.588   30.3412
25.76   605.835   24.6137
25.78   392.837   19.8201
25.8   262.876   16.2135
25.82   185.872   13.6335
25.84   138.811   11.7818
25.86   108.074   10.3959
25.88   86.6453   9.30835
25.9   70.9892   8.42551
25.92   59.1809   7.69291
25.94   50.0607   7.07536
25.96   42.878   6.54813
25.98   37.1254   6.09306
26   32.45   5.69649
26.02   28.6006   5.34796
26.04   25.3947   5.03932
26.06   22.6972   4.76416
26.08   20.4065   4.51735
26.1   18.445   4.4
26.12   16.7528   4.4
26.14   15.283   4.4
26.16   13.9982   4.4
26.18   12.8687   4.4
26.2   11.8706   4.4
26.22   10.9842   4.4
26.24   10.1936   4.4
26.26   9.48536   4.4
26.28   8.84848   4.4
26.3   8.27371   4.4
26.32   7.75321   4.4
26.34   7.28037   4.4
26.36   6.84955   4.4
26.38   6.45592   4.4
26.4   6.0953   4.4
26.42   5.76412   4.4
26.44   5.45925   4.4
26.46   5.54821   4.4
26.48   5.29845   4.4
26.5   5.06827   4.4
26.52   4.85586   4.4
26.54   4.65962   4.4
26.56   4.47815   4.4
26.58   4.3102   4.4
26.6   4.15467   4.4
26.62   3.93919   4.4
26.64   3.80758   4.4
26.66   3.6857   4.4
26.68   3.57286   4.4
26.7   3.46846   4.4
26.72   3.37196   4.4
26.74   3.28287   4.4
26.76   3.20077   4.4
26.78   3.1253   4.4
26.8   3.05611   4.4
26.82   2.99292   4.4
26.84   2.93548   4.4
26.86   2.88359   4.4
26.88   2.83707   4.4
26.9   2.79577   4.4
26.92   2.75959   4.4
26.94   2.72844   4.4
26.96   2.70229   4.4
26.98   2.68111   4.4
27   2.66492   4.4
27.02   2.65378   4.4
27.04   2.64777   4.4
27.06   2.64702   4.4
27.08   2.65169   4.4
27.1   2.662   4.4
27.12   2.6782   4.4
27.14   2.7006   4.4
27.16   2.72958   4.4
27.18   1.4241   4.4
27.2   1.50321   4.4
27.22   1.82046   4.4
27.24   1.92044   4.4
27.26   2.02917   4.4
27.28   2.14774   4.4
27.3   2.27737   4.4
27.32   2.41951   4.4
27.34   2.57586   4.4
27.36   2.74839   4.4
27.38   2.93947   4.4
27.4   3.15187   4.4
27.42   3.38895   4.4
27.44   3.65472   4.4
27.46   3.95408   4.4
27.48   4.29298   4.4
27.5   4.67881   4.4
27.52   5.1207   4.4
27.54   5.63016   4.4
27.56   6.22182   4.4
27.58   6.91443   4.4
27.6   7.73242   4.4
27.62   8.70804   4.4
27.64   9.88453   4.4
27.66   11.3208   4.4
27.68   13.099   4.4
27.7   15.3357   4.4
27.72   18.201   4.4
27.74   21.9518   4.68528
27.76   26.9991   5.19606
27.78   34.0621   5.83628
27.8   44.5308   6.67314
27.82   61.1705   7.82116
27.84   89.0284   9.43548
27.86   135.658   11.6472
27.88   208.718   14.4471
27.9   305.136   17.4681
27.92   380.878   19.5161
27.94   361.967   19.0254
27.96   270.218   16.4383
27.98   180.033   13.4176
28   116.964   10.815
28.02   77.9979   8.83164
28.04   54.9319   7.41161
28.06   41.0122   6.40408
28.08   32.0839   5.66426
28.1   25.9684   5.09592
28.12   21.574   4.64478
28.14   18.3186   4.4
28.16   15.8592   4.4
28.18   13.9769   4.4
28.2   12.5264   4.4
28.22   11.4087   4.4
28.24   10.5556   4.4
28.26   9.91997   4.4
28.28   9.47011   4.4
28.3   9.18595   4.4
28.32   9.05696   4.4
28.34   9.08125   4.4
28.36   9.26555   4.4
28.38   9.62634   4.4
28.4   10.1921   4.4
28.42   11.0076   4.4
28.44   12.1408   4.4
28.46   13.6945   4.4
28.48   15.8284   4.4
28.5   18.8022   4.4
28.52   23.0792   4.80408
28.54   29.5643   5.4373
28.56   40.0543   6.32885
28.58   57.7783   7.6012
28.6   87.4348   9.35066
28.62   133.44   11.5516
28.64   192.359   13.8693
28.66   233.848   15.2921
28.68   215.522   14.6807
28.7   158.128   12.5749
28.72   104.872   10.2407
28.74   68.307   8.26481
28.76   45.8531   6.77149
28.78   32.5309   5.70359
28.8   24.4102   4.94067
28.82   19.1256   4.4
28.84   15.4491   4.4
28.86   12.7634   4.4
28.88   10.7356   4.4
28.9   9.16622   4.4
28.92   7.92701   4.4
28.94   6.93141   4.4
28.96   6.1193   4.4
28.98   5.44798   4.4
29   4.88641   4.4
29.02   4.41165   4.4
29.04   4.00647   4.4
29.06   3.65769   4.4
29.08   3.35514   4.4
29.1   3.09084   4.4
29.12   2.85847   4.4
29.14   2.65296   4.4
29.16   2.47024   4.4
29.18   2.30697   4.4
29.2   2.16041   4.4
29.22   2.02829   4.4
29.24   1.90872   4.4
29.26   1.80011   4.4
29.28   1.70111   4.4
29.3   1.6106   4.4
29.32   1.52759   4.4
29.34   1.45126   4.4
29.36   1.38087   4.4
29.38   1.31581   4.4
29.4   0.888821   4.4
29.42   0.842596   4.4
29.44   0.799881   4.4
29.46   0.76033   4.4
29.48   0.723638   4.4
29.5   0.689536   4.4
29.52   0.657787   4.4
29.54   0.628178   4.4
29.56   0.600523   4.4
29.58   0.574653   4.4
29.6   0.550418   4.4
29.62   0.527682   4.4
29.64   0.506326   4.4
29.66   0.486239   4.4
29.68   0.467324   4.4
29.7   0.44949   4.4
29.72   0.432657   4.4
29.74   0.416752   4.4
29.76   0.401708   4.4
29.78   0.387463   4.4
29.8   0.373962   4.4
29.82   0.361154   4.4
29.84   0.348993   4.4
29.86   0.337435   4.4
29.88   0.326442   4.4
29.9   0.315977   4.4
29.92   0.306007   4.4
29.94   0.296502   4.4
29.96   0.287432   4.4
29.98   0.278772   4.4
30   0.270498   4.4
30.02   0.262586   4.4
30.04   0.664175   4.4
30.06   0.66842   4.4
30.08   0.673459   4.4
30.1   0.679305   4.4
30.12   0.685972   4.4
30.14   0.471817   4.4
30.16   0.486068   4.4
30.18   0.500973   4.4
30.2   0.516574   4.4
30.22   0.532915   4.4
30.24   0.550044   4.4
30.26   0.568011   4.4
30.28   0.586873   4.4
30.3   0.60669   4.4
30.32   0.627527   4.4
30.34   0.649455   4.4
30.36   0.672552   4.4
30.38   0.696903   4.4
30.4   0.7226   4.4
30.42   0.749744   4.4
30.44   0.778445   4.4
30.46   0.808826   4.4
30.48   0.963156   4.4
30.5   1.0007   4.4
30.52   1.04051   4.4
30.54   1.08278   4.4
30.56   1.1277   4.4
30.58   1.17551   4.4
30.6   1.22647   4.4
30.62   1.28085   4.4
30.64   1.33899   4.4
30.66   1.40122   4.4
30.68   1.46796   4.4
30.7   1.53964   4.4
30.72   1.61678   4.4
30.74   1.69995   4.4
30.76   1.78979   4.4
30.78   1.88706   4.4
30.8   1.9926   4.4
30.82   2.10737   4.4
30.84   2.23251   4.4
30.86   2.36931   4.4
30.88   2.51927   4.4
30.9   2.68416   4.4
30.92   2.86604   4.4
30.94   3.06736   4.4
30.96   3.291   4.4
30.98   3.54042   4.4
31   3.81976   4.4
31.02   4.13405   4.4
31.04   4.48942   4.4
31.06   4.89339   4.4
31.08   5.3553   4.4
31.1   5.88683   4.4
31.12   6.50278   4.4
31.14   7.22207   4.4
31.16   8.2196   4.4
31.18   9.23109   4.4
31.2   10.4458   4.4
31.22   11.9221   4.4
31.24   13.7405   4.4
31.26   16.0147   4.4
31.28   18.9094   4.4
31.3   22.6698   4.76128
31.32   27.6807   5.26124
31.34   34.5949   5.88174
31.36   44.6417   6.68145
31.38   60.273   7.76357
31.4   86.1363   9.28097
31.42   129.698   11.3885
31.44   199.823   14.1359
31.46   299.006   17.2918
31.48   396.753   19.9187
31.5   411.243   20.2791
31.52   325.877   18.0521
31.54   222.265   14.9086
31.56   144.918   12.0382
31.58   95.9229   9.79403
31.6   66.826   8.17472
31.62   49.5644   7.0402
31.64   38.8287   6.23127
31.66   31.7397   5.6338
31.68   26.8644   5.18309
31.7   23.4749   4.84509
31.72   21.1757   4.60171
31.74   19.7498   4.44407
31.76   19.0999   4.4
31.78   19.2344   4.4
31.8   20.2969   4.50521
31.82   22.6681   4.76111
31.84   27.1859   5.21401
31.86   35.4402   5.95316
31.88   49.8667   7.06163
31.9   73.0208   8.54522
31.92   104.23   10.2093
31.94   129.857   11.3955
31.96   125.048   11.1825
31.98   94.9937   9.74647
32   64.6015   8.0375
32.02   43.1039   6.56535
32.04   29.7225   5.45183
32.06   21.7525   4.66396
32.08   16.9203   4.4
32.1   13.8115   4.4
32.12   11.6803   4.4
32.14   10.1534   4.4
32.16   9.03336   4.4
32.18   8.20492   4.4
32.2   7.59613   4.4
32.22   7.16077   4.4
32.24   6.86945   4.4
32.26   6.70474   4.4
32.28   6.6584   4.4
32.3   6.73022   4.4
32.32   6.92798   4.4
32.34   7.30173   4.4
32.36   7.81427   4.4
32.38   8.54242   4.4
32.4   9.55466   4.4
32.42   10.9582   4.4
32.44   12.9295   4.4
32.46   15.7868   4.4
32.48   20.1558   4.48952
32.5   27.274   5.22245
32.52   39.3322   6.27154
32.54   59.436   7.70948
32.56   90.2813   9.50165
32.58   128.62   11.3411
32.6   152.744   12.3589
32.62   137.196   11.7131
32.64   99.3221   9.96605
32.66   65.7075   8.10602
32.68   42.9736   6.55542
32.7   29.0943   5.39392
32.72   20.8567   4.56691
32.74   15.8079   4.4
32.76   12.4988   4.4
32.78   10.1831   4.4
32.8   8.48445   4.4
32.82   7.19788   4.4
32.84   6.19973   4.4
32.86   5.4099   4.4
32.88   4.77421   4.4
32.9   4.25497   4.4
32.92   3.82532   4.4
32.94   3.46574   4.4
32.96   3.16177   4.4
32.98   2.51245   4.4
33   2.29993   4.4
33.02   2.11702   4.4
33.04   1.95874   4.4
33.06   1.82113   4.4
33.08   1.70104   4.4
33.1   1.59596   4.4
33.12   1.50384   4.4
33.14   1.42303   4.4
33.16   1.35222   4.4
33.18   1.2903   4.4
33.2   1.23641   4.4
33.22   1.18987   4.4
33.24   1.15015   4.4
33.26   1.11685   4.4
33.28   1.08971   4.4
33.3   1.06861   4.4
33.32   1.05354   4.4
33.34   1.04464   4.4
33.36   1.0422   4.4
33.38   1.04667   4.4
33.4   1.05876   4.4
33.42   0.958083   4.4
33.44   0.991787   4.4
33.46   1.03695   4.4
33.48   1.09595   4.4
33.5   1.17198   4.4
33.52   1.26944   4.4
33.54   1.39444   4.4
33.56   1.55563   4.4
33.58   1.76552   4.4
33.6   2.04272   4.4
33.62   2.41612   4.4
33.64   2.93414   4.4
33.66   3.68646   4.4
33.68   4.85153   4.4
33.7   6.77613   4.4
33.72   10.0274   4.4
33.74   15.335   4.4
33.76   23.0811   4.80428
33.78   31.4559   5.60856
33.8   34.1687   5.8454
33.82   28.1296   5.30374
33.84   19.5022   4.41613
33.86   12.7478   4.4
33.88   8.38225   4.4
33.9   5.76256   4.4
33.92   4.20144   4.4
33.94   3.22569   4.4
33.96   2.57156   4.4
33.98   2.106   4.4
34   1.76073   4.4
34.02   1.49719   4.4
34.04   1.29148   4.4
34.06   1.12786   4.4
34.08   0.852222   4.4
34.1   0.747507   4.4
34.12   0.661009   4.4
34.14   0.588773   4.4
34.16   0.52786   4.4
34.18   0.476045   4.4
34.2   0.431624   4.4
34.22   0.393273   4.4
34.24   0.359951   4.4
34.26   0.330833   4.4
34.28   0.305255   4.4
34.3   0.282683   4.4
34.32   0.26268   4.4
34.34   0.244885   4.4
34.36   0.229004   4.4
34.38   0.21479   4.4
34.4   0.202035   4.4
34.42   0.190568   4.4
34.44   0.180242   4.4
34.46   0.170936   4.4
34.48   0.162544   4.4
34.5   0.15498   4.4
34.52   0.148171   4.4
34.54   0.142054   4.4
34.56   0.13658   4.4
34.58   0.131709   4.4
34.6   0.127408   4.4
34.62   0.123656   4.4
34.64   0.120439   4.4
34.66   0.117752   4.4
34.68   0.115601   4.4
34.7   0.114001   4.4
34.72   0.112982   4.4
34.74   0.112587   4.4
34.76   0.11288   4.4
34.78   0.113947   4.4
34.8   0.115906   4.4
34.82   0.118919   4.4
34.84   0.123203   4.4
34.86   0.129055   4.4
34.88   0.136888   4.4
34.9   0.147278   4.4
34.92   0.161056   4.4
34.94   0.179435   4.4
34.96   0.204259   4.4
34.98   0.238494   4.4
35   0.287367   4.4
35.02   0.361019   4.4
35.04   0.47961   4.4
35.06   0.679659   4.4
35.08   1.01509   4.4
35.1   1.53871   4.4
35.12   2.22038   4.4
35.14   2.72932   4.4
35.16   2.55628   4.4
35.18   1.89806   4.4
35.2   1.26939   4.4
35.22   0.833474   4.4
35.24   0.564634   4.4
35.26   0.372094   4.4
35.28   0.275799   4.4
35.3   0.213545   4.4
35.32   0.170507   4.4
35.34   0.139242   4.4
35.36   0.115756   4.4
35.38   0.0976771   4.4
35.4   0.0834785   4.4
35.42   0.0721352   4.4
35.44   0.0629366   4.4
35.46   0.0553785   4.4
35.48   0.0490954   4.4
35.5   0.0438176   4.4
35.52   0.0393427   4.4
35.54   0.0355166   4.4
35.56   0.0322201   4.4
35.58   0.0293604   4.4
35.6   0.0268637   4.4
35.62   0.0246714   4.4
35.64   0.022736   4.4
35.66   0.0210191   4.4
35.68   0.019489   4.4
35.7   0.0181197   4.4
35.72   0.0168895   4.4
35.74   0.0157802   4.4
35.76   0.0147764   4.4
35.78   0.0138653   4.4
35.8   0.0130357   4.4
35.82   0.0122783   4.4
35.84   0.011585   4.4
35.86   0.0109487   4.4
35.88   0.0103633   4.4
35.9   0.00982354   4.4
35.92   0.00932485   4.4
35.94   0.00886314   4.4
35.96   0.00843485   4.4
35.98   0.00803684   4.4
36   0.00766632   4.4
36.02   0.00732081   4.4
36.04   0.00699813   4.4
36.06   0.00669629   4.4
36.08   0.00641356   4.4
36.1   0.00614834   4.4
36.12   0.00589923   4.4
36.14   0.00566494   4.4
36.16   0.00544433   4.4
36.18   0.00523635   4.4
36.2   0.00504005   4.4
36.22   0.00485458   4.4
36.24   0.00467916   4.4
36.26   0.00451307   4.4
36.28   0.00435566   4.4
36.3   0.00420635   4.4
36.32   0.00406457   4.4
36.34   0.00392984   4.4
36.36   0.0038017   4.4
36.38   0.00391769   4.4
36.4   0.00380821   4.4
36.42   0.00370443   4.4
36.44   0.00360605   4.4
36.46   0.00351277   4.4
36.48   0.00342433   4.4
36.5   0.00334049   4.4
36.52   0.00326102   4.4
36.54   0.00318572   4.4
36.56   0.00311441   4.4
36.58   0.00304692   4.4
36.6   0.00298309   4.4
36.62   0.000342176   4.4
36.64   0.000353819   4.4
36.66   0.000366067   4.4
36.68   0.000378961   4.4
36.7   0.000392549   4.4
36.72   0.00040688   4.4
36.74   0.000422009   4.4
36.76   0.000437998   4.4
36.78   0.000454913   4.4
36.8   0.000472825   4.4
36.82   0.000491816   4.4
36.84   0.000511973   4.4
36.86   0.000533395   4.4
36.88   0.000556188   4.4
36.9   0.000580472   4.4
36.92   0.000606381   4.4
36.94   0.000634062   4.4
36.96   0.00066368   4.4
36.98   0.000695421   4.4
37   0.000729491   4.4
37.02   0.000766124   4.4
37.04   0.000805584   4.4
37.06   0.000848168   4.4
37.08   0.000894215   4.4
37.1   0.00094411   4.4
37.12   0.000998292   4.4
37.14   0.00105727   4.4
37.16   0.00112162   4.4
37.18   0.00119201   4.4
37.2   0.00126924   4.4
37.22   0.0013542   4.4
37.24   0.00144796   4.4
37.26   0.00155178   4.4
37.28   0.00166715   4.4
37.3   0.00179583   4.4
37.32   0.00193996   4.4
37.34   0.00210209   4.4
37.36   0.00228535   4.4
37.38   0.00249355   4.4
37.4   0.00273141   4.4
37.42   0.00412256   4.4
37.44   0.0044702   4.4
37.46   0.00487155   4.4
37.48   0.00533881   4.4
37.5   0.00588792   4.4
37.52   0.00653991   4.4
37.54   0.00732307   4.4
37.56   0.0082761   4.4
37.58   0.00945294   4.4
37.6   0.0109306   4.4
37.62   0.0128218   4.4
37.64   0.0152982   4.4
37.66   0.0186374   4.4
37.68   0.0233334   4.4
37.7   0.0303517   4.4
37.72   0.0416021   4.4
37.74   0.0604874   4.4
37.76   0.0918885   4.4
37.78   0.140206   4.4
37.8   0.201055   4.4
37.82   0.241499   4.4
37.84   0.21964   4.4
37.86   0.160232   4.4
37.88   0.106478   4.4
37.9   0.0699332   4.4
37.92   0.0476312   4.4
37.94   0.0344684   4.4
37.96   0.028988   4.4
37.98   0.0239103   4.4
38   0.0204494   4.4
38.02   0.0179935   4.4
38.04   0.0162115   4.4
38.06   0.0149049   4.4
38.08   0.0139463   4.4
38.1   0.01325   4.4
38.12   0.0127573   4.4
38.14   0.0124272   4.4
38.16   0.0122307   4.4
38.18   0.0121471   4.4
38.2   0.012162   4.4
38.22   0.0122653   4.4
38.24   0.0124506   4.4
38.26   0.0127142   4.4
38.28   0.0130549   4.4
38.3   0.0134734   4.4
38.32   0.0139725   4.4
38.34   0.0145571   4.4
38.36   0.0152341   4.4
38.38   0.0160127   4.4
38.4   0.016905   4.4
38.42   0.0179262   4.4
38.44   0.0190954   4.4
38.46   0.0204371   4.4
38.48   0.0219817   4.4
38.5   0.0237681   4.4
38.52   0.0258462   4.4
38.54   0.0282805   4.4
38.56   0.0311556   4.4
38.58   0.0345838   4.4
38.6   0.0387169   4.4
38.62   0.0437637   4.4
38.64   0.0500584   4.4
38.66   0.0579411   4.4
38.68   0.0680754   4.4
38.7   0.0814255   4.4
38.72   0.0995976   4.4
38.74   0.125554   4.4
38.76   0.165178   4.4
38.78   0.229836   4.4
38.8   0.338557   4.4
38.82   0.515773   4.4
38.84   0.775287   4.4
38.86   1.06014   4.4
38.88   1.16215   4.4
38.9   0.96734   4.4
38.92   0.678365   4.4
38.94   0.450468   4.4
38.96   0.303512   4.4
38.98   0.216304   4.4
39   0.165618   4.4
39.02   0.135351   4.4
39.04   0.116527   4.4
39.06   0.104667   4.4
39.08   0.0975745   4.4
39.1   0.0940421   4.4
39.12   0.0934847   4.4
39.14   0.0956426   4.4
39.16   0.100526   4.4
39.18   0.108398   4.4
39.2   0.119814   4.4
39.22   0.135706   4.4
39.24   0.15758   4.4
39.26   0.187888   4.4
39.28   0.230915   4.4
39.3   0.294642   4.4
39.32   0.395969   4.4
39.34   0.565483   4.4
39.36   0.851548   4.4
39.38   1.30885   4.4
39.4   1.94196   4.4
39.42   2.52366   4.4
39.44   2.53542   4.4
39.46   1.96296   4.4
39.48   1.32473   4.4
39.5   0.859903   4.4
39.52   0.567763   4.4
39.54   0.393942   4.4
39.56   0.289532   4.4
39.58   0.223108   4.4
39.6   0.177819   4.4
39.62   0.145217   4.4
39.64   0.120872   4.4
39.66   0.102212   4.4
39.68   0.087612   4.4
39.7   0.0759873   4.4
39.72   0.066593   4.4
39.74   0.0589039   4.4
39.76   0.0525424   4.4
39.78   0.0472326   4.4
39.8   0.0427705   4.4
39.82   0.0390043   4.4
39.84   0.0358219   4.4
39.86   0.0331423   4.4
39.88   0.0309118   4.4
39.9   0.0291037   4.4
39.92   0.0277247   4.4
39.94   0.0268367   4.4
39.96   0.0266076   4.4
39.98   0.0274006   4.4
40   0.0298554   4.4
40.02   0.0348265   4.4
40.04   0.0428688   4.4
40.06   0.052252   4.4
40.08   0.0558246   4.4
40.1   0.0486399   4.4
40.12   0.0374768   4.4
40.14   0.0284669   4.4
40.16   0.022334   4.4
40.18   0.0184596   4.4
40.2   0.0159914   4.4
40.22   0.0143245   4.4
40.24   0.0131157   4.4
40.26   0.0121913   4.4
40.28   0.0114641   4.4
40.3   0.0108873   4.4
40.32   0.0104361   4.4
40.34   0.00899249   4.4
40.36   0.00880077   4.4
40.38   0.00873839   4.4
40.4   0.00884272   4.4
40.42   0.00919524   4.4
40.44   0.0099658   4.4
40.46   0.0114709   4.4
40.48   0.0141915   4.4
40.5   0.0187281   4.4
40.52   0.0247314   4.4
40.54   0.0295807   4.4
40.56   0.0284295   4.4
40.58   0.0224039   4.4
40.6   0.0163649   4.4
40.62   0.0120764   4.4
40.64   0.00937353   4.4
40.66   0.00772613   4.4
40.68   0.0066909   4.4
40.7   0.00599285   4.4
40.72   0.00548701   4.4
40.74   0.00510057   4.4
40.76   0.00479466   4.4
40.78   0.00454629   4.4
40.8   0.00434074   4.4
40.82   0.00416809   4.4
40.84   0.0040215   4.4
40.86   0.00389611   4.4
40.88   0.00378845   4.4
40.9   0.00369598   4.4
40.92   0.00118437   4.4
40.94   0.00118121   4.4
40.96   0.00118662   4.4
40.98   0.0012001   4.4
41   0.00122138   4.4
41.02   0.00125042   4.4
41.04   0.00128737   4.4
41.06   0.00133258   4.4
41.08   0.0013866   4.4
41.1   0.0014502   4.4
41.12   0.00152439   4.4
41.14   0.00161046   4.4
41.16   0.00171007   4.4
41.18   0.00182529   4.4
41.2   0.00195873   4.4
41.22   0.00211371   4.4
41.24   0.00229444   4.4
41.26   0.00250633   4.4
41.28   0.0027564   4.4
41.3   0.00305388   4.4
41.32   0.00341108   4.4
41.34   0.00384469   4.4
41.36   0.00437775   4.4
41.38   0.00504275   4.4
41.4   0.00588665   4.4
41.42   0.0069795   4.4
41.44   0.00843109   4.4
41.46   0.0104282   4.4
41.48   0.0133231   4.4
41.5   0.0178177   4.4
41.52   0.0252373   4.4
41.54   0.037654   4.4
41.56   0.0576195   4.4
41.58   0.0856436   4.4
41.6   0.1127   4.4
41.62   0.115787   4.4
41.64   0.0915457   4.4
41.66   0.0629569   4.4
41.68   0.0418974   4.4
41.7   0.0287565   4.4
41.72   0.0211677   4.4
41.74   0.0169281   4.4
41.76   0.014621   4.4
41.78   0.0135208   4.4
41.8   0.0133329   4.4
41.82   0.0140246   4.4
41.84   0.0158071   4.4
41.86   0.0192643   4.4
41.88   0.0255837   4.4
41.9   0.0366813   4.4
41.92   0.0547616   4.4
41.94   0.0800925   4.4
41.96   0.103752   4.4
41.98   0.104702   4.4
42   0.0815988   4.4
42.02   0.0554322   4.4
42.04   0.0362791   4.4
42.06   0.0241907   4.4
42.08   0.0169675   4.4
42.1   0.0127094   4.4
42.12   0.00992482   4.4
42.14   0.00801609   4.4
42.16   0.00663409   4.4
42.18   0.00559568   4.4
42.2   0.00479453   4.4
42.22   0.00416334   4.4
42.24   0.00365719   4.4
42.26   0.00324507   4.4
42.28   0.00290503   4.4
42.3   0.00262121   4.4
42.32   0.00238191   4.4
42.34   0.00217835   4.4
42.36   0.00200384   4.4
42.38   0.00185322   4.4
42.4   0.00172245   4.4
42.42   0.00160834   4.4
42.44   0.00150834   4.4
42.46   0.00142038   4.4
42.48   0.00134279   4.4
42.5   0.00129017   4.4
42.52   0.00122992   4.4
42.54   0.00117662   4.4
42.56   0.00112951   4.4
42.58   0.00108793   4.4
42.6   0.00105137   4.4
42.62   0.00101935   4.4
42.64   0.000991515   4.4
42.66   0.000967553   4.4
42.68   0.000947214   4.4
42.7   0.000930297   4.4
42.72   0.000916647   4.4
42.74   0.000906147   4.4
42.76   0.000898723   4.4
42.78   0.000894336   4.4
42.8   0.000892982   4.4
42.82   0.000894695   4.4
42.84   0.000899548   4.4
42.86   0.000907651   4.4
42.88   0.000919161   4.4
42.9   0.000934282   4.4
42.92   0.000953272   4.4
42.94   0.000976454   4.4
42.96   0.00100422   4.4
42.98   0.00103706   4.4
43   0.00107555   4.4
43.02   0.00112041   4.4
43.04   0.0011725   4.4
43.06   0.00123288   4.4
43.08   0.00130285   4.4
43.1   0.00127513   4.4
43.12   0.00137233   4.4
43.14   0.00148506   4.4
43.16   0.00161648   4.4
43.18   0.00177058   4.4
43.2   0.00195251   4.4
43.22   0.00216902   4.4
43.24   0.002429   4.4
43.26   0.00274446   4.4
43.28   0.00313178   4.4
43.3   0.00361386   4.4
43.32   0.00422339   4.4
43.34   0.00500827   4.4
43.36   0.00604137   4.4
43.38   0.00744068   4.4
43.4   0.00941635   4.4
43.42   0.012379   4.4
43.44   0.0171411   4.4
43.46   0.0250497   4.4
43.48   0.0383761   4.4
43.5   0.0588774   4.4
43.52   0.0846559   4.4
43.54   0.101694   4.4
43.56   0.0922747   4.4
43.58   0.0670578   4.4
43.6   0.0442987   4.4
43.62   0.0288378   4.4
43.64   0.0194054   4.4
43.66   0.0138405   4.4
43.68   0.010473   4.4
43.7   0.00831067   4.4
43.72   0.00684362   4.4
43.74   0.00581913   4.4
43.76   0.00510569   4.4
43.78   0.0046328   4.4
43.8   0.00436907   4.4
43.82   0.00432053   4.4
43.84   0.0045468   4.4
43.86   0.00519405   4.4
43.88   0.00652299   4.4
43.9   0.00887279   4.4
43.92   0.0124234   4.4
43.94   0.0163161   4.4
43.96   0.0175391   4.4
43.98   0.0145654   4.4
44   0.0103338   4.4
44.02   0.00700448   4.4
44.04   0.00483299   4.4
44.06   0.00351082   4.4
44.08   0.00270621   4.4
44.1   0.00219006   4.4
44.12   0.00183425   4.4
44.14   0.00157388   4.4
44.16   0.00137544   4.4
44.18   0.0012199   4.4
44.2   0.00109535   4.4
44.22   0.000993891   4.4
44.24   0.00091007   4.4
44.26   0.00084003   4.4
44.28   0.000780981   4.4
44.3   0.000730865   4.4
44.32   0.000688143   4.4
44.34   0.000651649   4.4
44.36   0.000620495   4.4
44.38   0.000593999   4.4
44.4   0.000571646   4.4
44.42   0.000553048   4.4
44.44   0.000537926   4.4
44.46   0.000526092   4.4
44.48   0.000517444   4.4
44.5   0.00051196   4.4
44.52   0.00050976   4.4
44.54   0.000510868   4.4
44.56   0.000515587   4.4
44.58   0.000524277   4.4
44.6   0.000537439   4.4
44.62   0.000555758   4.4
44.64   0.000580152   4.4
44.66   0.000611861   4.4
44.68   0.000652559   4.4
44.7   0.00070453   4.4
44.72   0.000770941   4.4
44.74   0.000856245   4.4
44.76   0.000966847   4.4
44.78   0.0011122   4.4
44.8   0.0013068   4.4
44.82   0.00157441   4.4
44.84   0.00199594   4.4
44.86   0.00258123   4.4
44.88   0.00353349   4.4
44.9   0.00514211   4.4
44.92   0.00780542   4.4
44.94   0.0118357   4.4
44.96   0.0166713   4.4
44.98   0.0193162   4.4
45   0.0169041   4.4
45.02   0.0119825   4.4
45.04   0.00787694   4.4
45.06   0.0051423   4.4
45.08   0.00348445   4.4
45.1   0.0025021   4.4
45.12   0.00189872   4.4
45.14   0.00150228   4.4
45.16   0.00122485   4.4
45.18   0.00102193   4.4
45.2   0.000869009   4.4
45.22   0.000751218   4.4
45.24   0.000658865   4.4
45.26   0.000585385   4.4
45.28   0.000526203   4.4
45.3   0.00047806   4.4
45.32   0.000438589   4.4
45.34   0.000406039   4.4
45.36   0.000379098   4.4
45.38   0.00035677   4.4
45.4   0.000338287   4.4
45.42   0.000307271   4.4
45.44   0.000295257   4.4
45.46   0.000285659   4.4
45.48   0.000278195   4.4
45.5   0.00027265   4.4
45.52   0.000268857   4.4
45.54   0.000266693   4.4
45.56   0.000266073   4.4
45.58   0.000266941   4.4
45.6   0.000269274   4.4
45.62   0.000273075   4.4
45.64   0.000278373   4.4
45.66   0.000285227   4.4
45.68   0.000293726   4.4
45.7   0.00030399   4.4
45.72   0.000316179   4.4
45.74   0.000330499   4.4
45.76   0.000347209   4.4
45.78   0.000366639   4.4
45.8   0.000389217   4.4
45.82   0.00041551   4.4
45.84   0.000446316   4.4
45.86   0.000482819   4.4
45.88   0.000526761   4.4
45.9   0.000580466   4.4
45.92   0.000646335   4.4
45.94   0.000724583   4.4
45.96   0.000808268   4.4
45.98   0.000890306   4.4
46   0.000982226   4.4
46.02   0.00109991   4.4
46.04   0.00125314   4.4
46.06   0.00145136   4.4
46.08   0.00170817   4.4
46.1   0.00204477   4.4
46.12   0.00249525   4.4
46.14   0.00311783   4.4
46.16   0.00402196   4.4
46.18   0.00542599   4.4
46.2   0.0077467   4.4
46.22   0.0116759   4.4
46.24   0.0180139   4.4
46.26   0.0270865   4.4
46.28   0.0363551   4.4
46.3   0.0383428   4.4
46.32   0.0307637   4.4
46.34   0.0210474   4.4
46.36   0.0136709   4.4
46.38   0.00896041   4.4
46.4   0.00614676   4.4
46.42   0.00446765   4.4
46.44   0.00339424   4.4
46.46   0.00268419   4.4
46.48   0.00217777   4.4
46.5   0.0018022   4.4
46.52   0.00151596   4.4
46.54   0.0012931   4.4
46.56   0.00111644   4.4
46.58   0.000974225   4.4
46.6   0.000858177   4.4
46.62   0.000762353   4.4
46.64   0.000682401   4.4
46.66   0.000615077   4.4
46.68   0.000559991   4.4
46.7   0.000511186   4.4
46.72   0.00046921   4.4
46.74   0.000432913   4.4
46.76   0.000401381   4.4
46.78   0.000373886   4.4
46.8   0.000349836   4.4
46.82   0.000328754   4.4
46.84   0.000310247   4.4
46.86   0.000293995   4.4
46.88   0.000279733   4.4
46.9   0.000267244   4.4
46.92   0.000256347   4.4
46.94   0.000246897   4.4
46.96   0.000238774   4.4
46.98   0.000231883   4.4
47   0.00022615   4.4
47.02   0.00022152   4.4
47.04   0.000217957   4.4
47.06   0.000215443   4.4
47.08   0.000213973   4.4
47.1   0.000213566   4.4
47.12   0.000214256   4.4
47.14   0.000216099   4.4
47.16   0.000219176   4.4
47.18   0.000223595   4.4
47.2   0.000229499   4.4
47.22   0.000237071   4.4
47.24   0.000246547   4.4
47.26   0.000258229   4.4
47.28   0.000272503   4.4
47.3   0.000289867   4.4
47.32   0.000310968   4.4
47.34   0.000336655   4.4
47.36   0.000368054   4.4
47.38   0.000406681   4.4
47.4   0.000454613   4.4
47.42   0.000514685   4.4
47.44   0.00059114   4.4
47.46   0.000689943   4.4
47.48   0.000820217   4.4
47.5   0.000996591   4.4
47.52   0.00124478   4.4
47.54   0.00161463   4.4
47.56   0.00220519   4.4
47.58   0.00319627   4.4
47.6   0.00485442   4.4
47.62   0.00744331   4.4
47.64   0.0108326   4.4
47.66   0.0133969   4.4
47.68   0.0125985   4.4
47.7   0.00935357   4.4
47.72   0.00622987   4.4
47.74   0.00406029   4.4
47.76   0.00272365   4.4
47.78   0.00189658   4.4
47.8   0.00141994   4.4
47.82   0.0011144   4.4
47.84   0.000905908   4.4
47.86   0.000757448   4.4
47.88   0.000649428   4.4
47.9   0.00057052   4.4
47.92   0.000513879   4.4
47.94   0.000475521   4.4
47.96   0.00045365   4.4
47.98   0.000448656   4.4
48   0.000464055   4.4
48.02   0.000509098   4.4
48.04   0.000603322   4.4
48.06   0.000780598   4.4
48.08   0.00108541   4.4
48.1   0.00154474   4.4
48.12   0.00206124   4.4
48.14   0.00225769   4.4
48.16   0.00190159   4.4
48.18   0.00135588   4.4
48.2   0.000918774   4.4
48.22   0.000632565   4.4
48.24   0.000458842   4.4
48.26   0.000354151   4.4
48.28   0.000287992   4.4
48.3   0.000243162   4.4
48.32   0.000210939   4.4
48.34   0.000186853   4.4
48.36   0.000168391   4.4
48.38   0.000153996   4.4
48.4   0.000142649   4.4
48.42   0.000133651   4.4
48.44   0.000126519   4.4
48.46   0.000120909   4.4
48.48   0.000116577   4.4
48.5   0.000113349   4.4
48.52   0.000111105   4.4
48.54   0.000109764   4.4
48.56   0.000111323   4.4
48.58   0.000111729   4.4
48.6   0.00011298   4.4
48.62   0.000115109   4.4
48.64   0.000118173   4.4
48.66   0.000122264   4.4
48.68   0.000127503   4.4
48.7   0.00013406   4.4
48.72   0.000142156   4.4
48.74   0.000152083   4.4
48.76   0.000164227   4.4
48.78   0.000179103   4.4
48.8   0.000197403   4.4
48.82   0.000220069   4.4
48.84   0.000248409   4.4
48.86   0.000284272   4.4
48.88   0.000330332   4.4
48.9   0.000390575   4.4
48.92   0.000471228   4.4
48.94   0.000582805   4.4
48.96   0.000744983   4.4
48.98   0.00099699   4.4
49   0.00141372   4.4
49.02   0.00211719   4.4
49.04   0.00325637   4.4
49.06   0.00488866   4.4
49.08   0.00656065   4.4
49.1   0.00692734   4.4
49.12   0.00556687   4.4
49.14   0.00380241   4.4
49.16   0.0024712   4.4
49.18   0.00162078   4.4
49.2   0.00111281   4.4
49.22   0.000809798   4.4
49.24   0.000619592   4.4
49.26   0.00049161   4.4
49.28   0.000400427   4.4
49.3   0.000332897   4.4
49.32   0.000282827   4.4
49.34   0.000242971   4.4
49.36   0.000211499   4.4
49.38   0.000186294   4.4
49.4   0.000165869   4.4
49.42   0.000149161   4.4
49.44   0.000135394   4.4
49.46   0.000123992   4.4
49.48   0.000114527   4.4
49.5   0.000106674   4.4
49.52   0.00010019   4.4
49.54   9.48894e-05   4.4
49.56   9.06375e-05   4.4
49.58   8.73379e-05   4.4
49.6   8.288e-05   4.4
49.62   8.13856e-05   4.4
49.64   8.07494e-05   4.4
49.66   8.1005e-05   4.4
49.68   8.22234e-05   4.4
49.7   8.45221e-05   4.4
49.72   8.80781e-05   4.4
49.74   9.31498e-05   4.4
49.76   0.00010011   4.4
49.78   0.000109501   4.4
49.8   0.000122116   4.4
49.82   0.000139153   4.4
49.84   0.000162496   4.4
49.86   0.000195352   4.4
49.88   0.000243753   4.4
49.9   0.000319741   4.4
49.92   0.000446222   4.4
49.94   0.000660204   4.4
49.96   0.00100612   4.4
49.98   0.00149834   4.4
50   0.00199103   4.4
50.02   0.0020773   4.4
50.04   0.0016571   4.4
50.06   0.00113571   4.4
50.08   0.000743558   4.4
50.1   0.000494005   4.4
50.12   0.000345072   4.4
50.14   0.00025609   4.4
50.16   0.000200846   4.4
50.18   0.000163105   4.4
50.2   0.000136221   4.4
50.22   0.000116365   4.4
50.24   0.000101348   4.4
50.26   8.98435e-05   4.4
50.28   8.08669e-05   4.4
50.3   7.3848e-05   4.4
50.32   6.83639e-05   4.4
50.34   6.41195e-05   4.4
50.36   6.09098e-05   4.4
50.38   5.85959e-05   4.4
50.4   5.70901e-05   4.4
50.42   5.63474e-05   4.4
50.44   5.6362e-05   4.4
50.46   5.71672e-05   4.4
50.48   5.88406e-05   4.4
50.5   6.15145e-05   4.4
50.52   6.53931e-05   4.4
50.54   7.07824e-05   4.4
50.56   7.81385e-05   4.4
50.58   8.16093e-05   4.4
50.6   9.55268e-05   4.4
50.62   0.00011497   4.4
50.64   0.000143257   4.4
50.66   0.000186981   4.4
50.68   0.000258954   4.4
50.7   0.000380853   4.4
50.72   0.000581045   4.4
50.74   0.00087731   4.4
50.76   0.00121073   4.4
50.78   0.00134609   4.4
50.8   0.0011314   4.4
50.82   0.000792097   4.4
50.84   0.000519239   4.4
50.86   0.000341153   4.4
50.88   0.000233972   4.4
50.9   0.000170283   4.4
50.92   0.000130764   4.4
50.94   0.000104499   4.4
50.96   8.59612e-05   4.4
50.98   7.23315e-05   4.4
51   6.2033e-05   4.4
51.02   5.40959e-05   4.4
51.04   4.78855e-05   4.4
51.06   4.2971e-05   4.4
51.08   3.90528e-05   4.4
51.1   3.5919e-05   4.4
51.12   3.34176e-05   4.4
51.14   3.14506e-05   4.4
51.16   2.99173e-05   4.4
51.18   2.87739e-05   4.4
51.2   2.7984e-05   4.4
51.22   2.75271e-05   4.4
51.24   2.73969e-05   4.4
51.26   2.76013e-05   4.4
51.28   2.81633e-05   4.4
51.3   2.91238e-05   4.4
51.32   3.05463e-05   4.4
51.34   3.25241e-05   4.4
51.36   3.54336e-05   4.4
51.38   3.89946e-05   4.4
51.4   4.37285e-05   4.4
51.42   5.00645e-05   4.4
51.44   5.86718e-05   4.4
51.46   7.06709e-05   4.4
51.48   8.81366e-05   4.4
51.5   0.000113238   4.4
51.52   0.000157881   4.4
51.54   0.00023329   4.4
51.56   0.000356331   4.4
51.58   0.000536119   4.4
51.6   0.000731713   4.4
51.62   0.00079906   4.4
51.64   0.000666835   4.4
51.66   0.000477325   4.4
51.68   0.00033211   4.4
51.7   0.000235866   4.4
51.72   0.000168642   4.4
51.74   0.000121661   4.4
51.76   9.02831e-05   4.4
51.78   6.94015e-05   4.4
51.8   5.51845e-05   4.4
51.82   4.51662e-05   4.4
51.84   3.78264e-05   4.4
51.86   3.2256e-05   4.4
51.88   2.79102e-05   4.4
51.9   2.44484e-05   4.4
51.92   2.16447e-05   4.4
51.94   1.93428e-05   4.4
51.96   1.74303e-05   4.4
51.98   1.58254e-05   4.4
52   1.44668e-05   4.4
52.02   1.33082e-05   4.4
52.04   1.23139e-05   4.4
52.06   1.14564e-05   4.4
52.08   1.07139e-05   4.4
52.1   1.00692e-05   4.4
52.12   9.50862e-06   4.4
52.14   9.02132e-06   4.4
52.16   8.59856e-06   4.4
52.18   8.23342e-06   4.4
52.2   7.92047e-06   4.4
52.22   7.65559e-06   4.4
52.24   6.14419e-06   4.4
52.26   6.00212e-06   4.4
52.28   5.90096e-06   4.4
52.3   5.84104e-06   4.4
52.32   5.82389e-06   4.4
52.34   5.85255e-06   4.4
52.36   5.93194e-06   4.4
52.38   6.06962e-06   4.4
52.4   6.27695e-06   4.4
52.42   6.57157e-06   4.4
52.44   6.98274e-06   4.4
52.46   7.56365e-06   4.4
52.48   8.41408e-06   4.4
52.5   9.70746e-06   4.4
52.52   1.16931e-05   4.4
52.54   1.461e-05   4.4
52.56   1.83132e-05   4.4
52.58   2.13492e-05   4.4
52.6   2.17681e-05   4.4
52.62   2.07579e-05   4.4
52.64   2.05512e-05   4.4
52.66   2.20003e-05   4.4
52.68   2.54398e-05   4.4
52.7   3.15288e-05   4.4
52.72   4.18707e-05   4.4
52.74   5.96275e-05   4.4
52.76   8.96538e-05   4.4
52.78   0.00013693   4.4
52.8   0.000199562   4.4
52.82   0.000249148   4.4
52.84   0.000237291   4.4
52.86   0.000177528   4.4
52.88   0.000118493   4.4
52.9   7.71117e-05   4.4
52.92   5.14913e-05   4.4
52.94   3.62834e-05   4.4
52.96   2.70692e-05   4.4
52.98   2.11248e-05   4.4
53   1.70199e-05   4.4
53.02   1.40372e-05   4.4
53.04   1.17938e-05   4.4
53.06   1.00634e-05   4.4
53.08   7.9428e-06   4.4
53.1   6.87143e-06   4.4
53.12   6.00268e-06   4.4
53.14   5.28883e-06   4.4
53.16   4.65373e-06   4.4
53.18   4.15624e-06   4.4
53.2   3.73449e-06   4.4
53.22   3.37393e-06   4.4
53.24   3.06334e-06   4.4
53.26   2.79394e-06   4.4
53.28   2.55882e-06   4.4
53.3   2.35242e-06   4.4
53.32   2.17031e-06   4.4
53.34   2.00884e-06   4.4
53.36   1.86505e-06   4.4
53.38   1.7365e-06   4.4
53.4   1.62113e-06   4.4
53.42   1.51726e-06   4.4
53.44   1.42345e-06   4.4
53.46   1.33849e-06   4.4
53.48   1.26136e-06   4.4
53.5   1.19119e-06   4.4
53.52   1.12722e-06   4.4
53.54   1.06884e-06   4.4
53.56   1.01548e-06   4.4
53.58   9.66701e-07   4.4
53.6   9.22096e-07   4.4
53.62   8.8134e-07   4.4
53.64   8.44162e-07   4.4
53.66   8.10345e-07   4.4
53.68   7.79728e-07   4.4
53.7   7.52205e-07   4.4
53.72   7.27732e-07   4.4
53.74   7.06334e-07   4.4
53.76   6.88123e-07   4.4
53.78   6.73318e-07   4.4
53.8   6.62286e-07   4.4
53.82   6.55595e-07   4.4
53.84   6.54106e-07   4.4
53.86   6.59118e-07   4.4
53.88   6.72619e-07   4.4
53.9   6.97751e-07   4.4
53.92   7.52487e-07   4.4
53.94   8.21859e-07   4.4
53.96   9.38059e-07   4.4
53.98   1.13943e-06   4.4
54   1.49013e-06   4.4
54.02   2.06915e-06   4.4
54.04   2.91711e-06   4.4
54.06   3.81522e-06   4.4
54.08   4.08491e-06   4.4
54.1   3.39624e-06   4.4
54.12   2.43781e-06   4.4
54.14   1.69053e-06   4.4
54.16   1.20617e-06   4.4
54.18   9.13068e-07   4.4
54.2   7.35753e-07   4.4
54.22   6.22554e-07   4.4
54.24   5.44752e-07   4.4
54.26   4.87868e-07   4.4
54.28   4.44452e-07   4.4
54.3   1.71141e-07   4.4
54.32   1.49959e-07   4.4
54.34   1.33424e-07   4.4
54.36   1.20363e-07   4.4
54.38   1.09956e-07   4.4
54.4   1.01617e-07   4.4
54.42   9.49169e-08   4.4
54.44   8.95407e-08   4.4
54.46   8.52517e-08   4.4
54.48   8.1871e-08   4.4
54.5   7.92622e-08   4.4
54.52   7.73212e-08   4.4
54.54   7.59687e-08   4.4
54.56   7.51447e-08   4.4
54.58   7.48047e-08   4.4
54.6   7.49169e-08   4.4
54.62   7.54604e-08   4.4
54.64   7.64236e-08   4.4
54.66   7.78034e-08   4.4
54.68   7.96046e-08   4.4
54.7   8.184e-08   4.4
54.72   8.45302e-08   4.4
54.74   8.77044e-08   4.4
54.76   9.14008e-08   4.4
54.78   9.56681e-08   4.4
54.8   1.00567e-07   4.4
54.82   1.06172e-07   4.4
54.84   1.12574e-07   4.4
54.86   1.19886e-07   4.4
54.88   1.28244e-07   4.4
54.9   1.37816e-07   4.4
54.92   1.48812e-07   4.4
54.94   1.61488e-07   4.4
54.96   1.76169e-07   4.4
54.98   1.93264e-07   4.4
55   2.13295e-07   4.4
55.02   2.36937e-07   4.4
55.04   2.65069e-07   4.4
55.06   3.00377e-07   4.4
55.08   3.41446e-07   4.4
55.1   3.9191e-07   4.4
55.12   4.54789e-07   4.4
55.14   5.34401e-07   4.4
55.16   6.37097e-07   4.4
55.18   7.74959e-07   4.4
55.2   9.59173e-07   4.4
55.22   1.22062e-06   4.4
55.24   1.61546e-06   4.4
55.26   2.25392e-06   4.4
55.28   3.32817e-06   4.4
55.3   5.10399e-06   4.4
55.32   7.79419e-06   4.4
55.34   1.10433e-05   4.4
55.36   1.28881e-05   4.4
55.38   1.14052e-05   4.4
55.4   8.32725e-06   4.4
55.42   5.73324e-06   4.4
55.44   3.97455e-06   4.4
55.46   2.78132e-06   4.4
55.48   1.97641e-06   4.4
55.5   1.45083e-06   4.4
55.52   1.10521e-06   4.4
55.54   8.67262e-07   4.4
55.56   7.02423e-07   4.4
55.58   5.81881e-07   4.4
55.6   4.907e-07   4.4
55.62   4.19873e-07   4.4
55.64   3.63722e-07   4.4
55.66   3.18476e-07   4.4
55.68   2.81515e-07   4.4
55.7   2.50967e-07   4.4
55.72   2.25463e-07   4.4
55.74   2.03983e-07   4.4
55.76   1.85756e-07   4.4
55.78   1.7019e-07   4.4
55.8   1.56825e-07   4.4
55.82   1.45301e-07   4.4
55.84   1.35332e-07   4.4
55.86   1.26691e-07   4.4
55.88   1.19194e-07   4.4
55.9   1.12695e-07   4.4
55.92   1.07076e-07   4.4
55.94   1.02241e-07   4.4
55.96   9.81141e-08   4.4
55.98   9.46368e-08   4.4
56   9.17644e-08   4.4
56.02   8.9465e-08   4.4
56.04   8.89989e-08   4.4
56.06   8.78358e-08   4.4
56.08   8.72252e-08   4.4
56.1   8.71855e-08   4.4
56.12   8.77497e-08   4.4
56.14   8.89686e-08   4.4
56.16   9.09146e-08   4.4
56.18   9.36877e-08   4.4
56.2   9.74236e-08   4.4
56.22   1.02306e-07   4.4
56.24   1.08785e-07   4.4
56.26   1.16811e-07   4.4
56.28   1.27055e-07   4.4
56.3   1.40199e-07   4.4
56.32   1.57358e-07   4.4
56.34   1.79801e-07   4.4
56.36   2.10107e-07   4.4
56.38   2.52705e-07   4.4
56.4   3.16182e-07   4.4
56.42   4.1686e-07   4.4
56.44   5.81788e-07   4.4
56.46   8.45681e-07   4.4
56.48   1.22887e-06   4.4
56.5   1.65481e-06   4.4
56.52   1.84642e-06   4.4
56.54   1.67533e-06   4.4
56.56   1.4515e-06   4.4
56.58   1.42764e-06   4.4
56.6   1.67893e-06   4.4
56.62   2.1691e-06   4.4
56.64   2.61765e-06   4.4
56.66   2.51574e-06   4.4
56.68   1.91743e-06   4.4
56.7   1.30444e-06   4.4
56.72   8.66993e-07   4.4
56.74   5.92649e-07   4.4
56.76   4.27433e-07   4.4
56.78   3.26142e-07   4.4
56.8   2.60147e-07   4.4
56.82   2.01872e-07   4.4
56.84   1.68581e-07   4.4
56.86   1.43476e-07   4.4
56.88   1.2411e-07   4.4
56.9   1.08349e-07   4.4
56.92   9.62753e-08   4.4
56.94   8.65783e-08   4.4
56.96   7.87382e-08   4.4
56.98   7.23812e-08   4.4
57   6.72351e-08   4.4
57.02   6.3101e-08   4.4
57.04   5.98346e-08   4.4
57.06   5.73335e-08   4.4
57.08   5.55294e-08   4.4
57.1   5.43831e-08   4.4
57.12   5.38828e-08   4.4
57.14   5.40437e-08   4.4
57.16   5.49114e-08   4.4
57.18   5.65675e-08   4.4
57.2   5.91398e-08   4.4
57.22   6.28187e-08   4.4
57.24   6.78838e-08   4.4
57.26   7.47458e-08   4.4
57.28   8.40181e-08   4.4
57.3   9.66457e-08   4.4
57.32   1.14175e-07   4.4
57.34   1.39386e-07   4.4
57.36   1.7774e-07   4.4
57.38   2.40004e-07   4.4
57.4   3.45122e-07   4.4
57.42   5.19683e-07   4.4
57.44   7.86059e-07   4.4
57.46   1.11338e-06   4.4
57.48   1.31118e-06   4.4
57.5   1.17045e-06   4.4
57.52   8.49623e-07   4.4
57.54   5.70114e-07   4.4
57.56   3.84339e-07   4.4
57.58   2.74883e-07   4.4
57.6   2.15955e-07   4.4
57.62   1.89694e-07   4.4
57.64   1.88353e-07   4.4
57.66   2.11047e-07   4.4
57.68   2.56776e-07   4.4
57.7   3.08379e-07   4.4
57.72   3.25684e-07   4.4
57.74   3.04677e-07   4.4
57.76   2.7114e-07   4.4
57.78   2.2141e-07   4.4
57.8   1.64847e-07   4.4
57.82   1.20066e-07   4.4
57.84   9.01686e-08   4.4
57.86   7.133e-08   4.4
57.88   6.0101e-08   4.4
57.9   5.25706e-08   4.4
57.92   4.76768e-08   4.4
57.94   4.45957e-08   4.4
57.96   4.29513e-08   4.4
57.98   4.11255e-08   4.4
58   4.22335e-08   4.4
58.02   4.50418e-08   4.4
58.04   5.02554e-08   4.4
58.06   5.93837e-08   4.4
58.08   7.5438e-08   4.4
58.1   1.03567e-07   4.4
58.12   1.50555e-07   4.4
58.14   2.18438e-07   4.4
58.16   2.98068e-07   4.4
58.18   3.30958e-07   4.4
58.2   2.7963e-07   4.4
58.22   1.9765e-07   4.4
58.24   1.3143e-07   4.4
58.26   8.80503e-08   4.4
58.28   6.18189e-08   4.4
58.3   4.61313e-08   4.4
58.32   3.63155e-08   4.4
58.34   2.97266e-08   4.4
58.36   2.55066e-08   4.4
58.38   2.20177e-08   4.4
58.4   1.93466e-08   4.4
58.42   1.72571e-08   4.4
58.44   1.5594e-08   4.4
58.46   1.42514e-08   4.4
58.48   1.3155e-08   4.4
58.5   1.22516e-08   4.4
58.52   1.15026e-08   4.4
58.54   1.0879e-08   4.4
58.56   1.03593e-08   4.4
58.58   9.92699e-09   4.4
58.6   9.56958e-09   4.4
58.62   9.27741e-09   4.4
58.64   9.04307e-09   4.4
58.66   8.86099e-09   4.4
58.68   8.72701e-09   4.4
58.7   8.63819e-09   4.4
58.72   8.59264e-09   4.4
58.74   8.59455e-09   4.4
58.76   8.63366e-09   4.4
58.78   8.71577e-09   4.4
58.8   8.84253e-09   4.4
58.82   9.01655e-09   4.4
58.84   9.24147e-09   4.4
58.86   9.52215e-09   4.4
58.88   9.8649e-09   4.4
58.9   1.02777e-08   4.4
58.92   1.07709e-08   4.4
58.94   1.01063e-08   4.4
58.96   1.08361e-08   4.4
58.98   1.16954e-08   4.4
59   1.27114e-08   4.4
59.02   1.39198e-08   4.4
59.04   1.53672e-08   4.4
59.06   1.71163e-08   4.4
59.08   1.92522e-08   4.4
59.1   2.18928e-08   4.4
59.12   2.52048e-08   4.4
59.14   2.94297e-08   4.4
59.16   3.4929e-08   4.4
59.18   4.22715e-08   4.4
59.2   5.22358e-08   4.4
59.22   6.70616e-08   4.4
59.24   9.01131e-08   4.4
59.26   1.28541e-07   4.4
59.28   1.93138e-07   4.4
59.3   2.96411e-07   4.4
59.32   4.40104e-07   4.4
59.34   5.74739e-07   4.4
59.36   5.82512e-07   4.4
59.38   4.54832e-07   4.4
59.4   3.09453e-07   4.4
59.42   2.03103e-07   4.4
59.44   1.36399e-07   4.4
59.46   9.70638e-08   4.4
59.48   7.38959e-08   4.4
59.5   5.96673e-08   4.4
59.52   5.05112e-08   4.4
59.54   4.45605e-08   4.4
59.56   4.07876e-08   4.4
59.58   3.8736e-08   4.4
59.6   3.81722e-08   4.4
59.62   3.90513e-08   4.4
59.64   4.1197e-08   4.4
59.66   4.55988e-08   4.4
59.68   5.26731e-08   4.4
59.7   6.39153e-08   4.4
59.72   8.23893e-08   4.4
59.74   1.13911e-07   4.4
59.76   1.67907e-07   4.4
59.78   2.54623e-07   4.4
59.8   3.75905e-07   4.4
59.82   4.90243e-07   4.4
59.84   4.97439e-07   4.4
59.86   3.88661e-07   4.4
59.88   2.64021e-07   4.4
59.9   1.72431e-07   4.4
59.92   1.14624e-07   4.4
59.94   8.01551e-08   4.4
59.96   5.94423e-08   4.4
59.98   4.62773e-08   4.4
60   3.73164e-08   4.4
60.02   3.08866e-08   4.4
60.04   2.61208e-08   4.4
60.06   2.25325e-08   4.4
60.08   1.98443e-08   4.4
60.1   1.7919e-08   4.4
60.12   1.67168e-08   4.4
60.14   1.6223e-08   4.4
60.16   1.62333e-08   4.4
60.18   1.5916e-08   4.4
60.2   1.43953e-08   4.4
60.22   1.2292e-08   4.4
60.24   1.04685e-08   4.4
60.26   9.11059e-09   4.4
60.28   8.12898e-09   4.4
60.3   7.40204e-09   4.4
60.32   6.83769e-09   4.4
60.34   6.37985e-09   4.4
60.36   5.99749e-09   4.4
60.38   5.67301e-09   4.4
60.4   5.39543e-09   4.4
60.42   5.15727e-09   4.4
60.44   4.95315e-09   4.4
60.46   4.7791e-09   4.4
60.48   4.6322e-09   4.4
60.5   4.51034e-09   4.4
60.52   4.41207e-09   4.4
60.54   4.3365e-09   4.4
60.56   4.28327e-09   4.4
60.58   4.25254e-09   4.4
60.6   4.24502e-09   4.4
60.62   4.26201e-09   4.4
60.64   4.30555e-09   4.4
60.66   4.37853e-09   4.4
60.68   4.485e-09   4.4
60.7   4.63048e-09   4.4
60.72   4.82255e-09   4.4
60.74   5.07164e-09   4.4
60.76   5.3924e-09   4.4
60.78   5.80579e-09   4.4
60.8   6.34278e-09   4.4
60.82   7.05185e-09   4.4
60.84   7.46207e-09   4.4
60.86   8.85247e-09   4.4
60.88   1.09586e-08   4.4
60.9   1.43229e-08   4.4
60.92   1.97363e-08   4.4
60.94   2.80856e-08   4.4
60.96   3.86475e-08   4.4
60.98   4.67168e-08   4.4
61   4.53489e-08   4.4
61.02   3.78979e-08   4.4
61.04   3.17304e-08   4.4
61.06   2.93622e-08   4.4
61.08   3.11311e-08   4.4
61.1   3.76957e-08   4.4
61.12   5.10765e-08   4.4
61.14   7.48142e-08   4.4
61.16   1.12529e-07   4.4
61.18   1.61805e-07   4.4
61.2   1.98244e-07   4.4
61.22   1.84958e-07   4.4
61.24   1.36817e-07   4.4
61.26   9.11084e-08   4.4
61.28   5.94681e-08   4.4
61.3   3.9965e-08   4.4
61.32   2.79185e-08   4.4
61.34   2.08798e-08   4.4
61.36   1.63148e-08   4.4
61.38   1.31501e-08   4.4
61.4   1.08463e-08   4.4
61.42   9.11318e-09   4.4
61.44   7.77778e-09   4.4
61.46   6.72887e-09   4.4
61.48   5.89154e-09   4.4
61.5   5.2138e-09   4.4
61.52   4.65872e-09   4.4
61.54   4.19952e-09   4.4
61.56   3.81644e-09   4.4
61.58   3.49466e-09   4.4
61.6   3.22289e-09   4.4
61.62   2.99248e-09   4.4
61.64   2.79163e-09   4.4
61.66   2.62529e-09   4.4
61.68   2.48411e-09   4.4
61.7   2.3648e-09   4.4
61.72   2.26477e-09   4.4
61.74   2.18196e-09   4.4
61.76   2.11481e-09   4.4
61.78   2.06212e-09   4.4
61.8   2.02303e-09   4.4
61.82   1.997e-09   4.4
61.84   1.98377e-09   4.4
61.86   1.98333e-09   4.4
61.88   1.996e-09   4.4
61.9   2.02235e-09   4.4
61.92   2.06334e-09   4.4
61.94   2.12029e-09   4.4
61.96   2.19498e-09   4.4
61.98   2.28981e-09   4.4
62   2.44265e-09   4.4
62.02   2.58893e-09   4.4
62.04   2.76777e-09   4.4
62.06   2.9861e-09   4.4
62.08   3.25306e-09   4.4
62.1   3.58092e-09   4.4
62.12   3.98634e-09   4.4
62.14   4.53415e-09   4.4
62.16   5.17447e-09   4.4
62.18   5.9948e-09   4.4
62.2   7.06471e-09   4.4
62.22   8.49217e-09   4.4
62.24   1.04577e-08   4.4
62.26   1.32953e-08   4.4
62.28   1.76698e-08   4.4
62.3   2.48627e-08   4.4
62.32   3.7009e-08   4.4
62.34   5.68244e-08   4.4
62.36   8.57556e-08   4.4
62.38   1.17115e-07   4.4
62.4   1.27459e-07   4.4
62.42   1.05053e-07   4.4
62.44   7.28435e-08   4.4
62.46   4.75595e-08   4.4
62.48   3.12489e-08   4.4
62.5   2.14805e-08   4.4
62.52   1.56845e-08   4.4
62.54   1.20901e-08   4.4
62.56   9.71139e-09   4.4
62.58   8.0532e-09   4.4
62.6   6.86537e-09   4.4
62.62   6.01264e-09   4.4
62.64   5.42117e-09   4.4
62.66   5.06185e-09   4.4
62.68   4.76619e-09   4.4
62.7   4.99724e-09   4.4
62.72   5.71493e-09   4.4
62.74   7.09772e-09   4.4
62.76   9.14116e-09   4.4
62.78   1.10007e-08   4.4
62.8   1.08308e-08   4.4
62.82   8.64873e-09   4.4
62.84   6.2902e-09   4.4
62.86   4.57008e-09   4.4
62.88   3.47363e-09   4.4
62.9   2.80541e-09   4.4
62.92   2.40935e-09   4.4
62.94   2.14012e-09   4.4
62.96   1.95519e-09   4.4
62.98   1.82466e-09   4.4
63   1.73289e-09   4.4
63.02   1.67094e-09   4.4
63.04   1.63345e-09   4.4
63.06   1.61724e-09   4.4
63.08   1.62065e-09   4.4
63.1   1.64321e-09   4.4
63.12   1.68545e-09   4.4
63.14   1.7489e-09   4.4
63.16   1.83623e-09   4.4
63.18   1.95653e-09   4.4
63.2   2.10553e-09   4.4
63.22   2.29641e-09   4.4
63.24   2.54086e-09   4.4
63.26   2.85584e-09   4.4
63.28   3.26651e-09   4.4
63.3   3.81194e-09   4.4
63.32   4.55783e-09   4.4
63.34   5.6261e-09   4.4
63.36   7.25563e-09   4.4
63.38   9.88963e-09   4.4
63.4   1.42239e-08   4.4
63.42   2.10602e-08   4.4
63.44   3.05448e-08   4.4
63.46   3.96898e-08   4.4
63.48   4.15097e-08   4.4
63.5   3.61171e-08   4.4
63.52   3.14744e-08   4.4
63.54   3.18864e-08   4.4
63.56   3.77331e-08   4.4
63.58   4.55589e-08   4.4
63.6   4.64993e-08   4.4
63.62   3.73538e-08   4.4
63.64   2.60012e-08   4.4
63.66   1.73665e-08   4.4
63.68   1.17939e-08   4.4
63.7   8.40664e-09   4.4
63.72   6.33879e-09   4.4
63.74   5.00803e-09   4.4
63.76   4.09199e-09   4.4
63.78   3.42651e-09   4.4
63.8   2.92532e-09   4.4
63.82   2.53846e-09   4.4
63.84   2.23432e-09   4.4
63.86   1.86892e-09   4.4
63.88   1.67669e-09   4.4
63.9   1.52106e-09   4.4
63.92   1.39468e-09   4.4
63.94   1.29221e-09   4.4
63.96   1.20978e-09   4.4
63.98   1.14464e-09   4.4
64   1.09489e-09   4.4
64.02   1.05936e-09   4.4
64.04   1.03752e-09   4.4
64.06   1.02948e-09   4.4
64.08   1.03608e-09   4.4
64.1   1.05898e-09   4.4
64.12   1.10093e-09   4.4
64.14   1.16626e-09   4.4
64.16   1.26153e-09   4.4
64.18   1.39685e-09   4.4
64.2   1.58834e-09   4.4
64.22   1.86362e-09   4.4
64.24   2.27495e-09   4.4
64.26   2.92676e-09   4.4
64.28   4.00852e-09   4.4
64.3   5.85671e-09   4.4
64.32   8.83873e-09   4.4
64.34   1.30613e-08   4.4
64.36   1.7225e-08   4.4
64.38   1.78424e-08   4.4
64.4   1.42136e-08   4.4
64.42   9.81772e-09   4.4
64.44   6.55087e-09   4.4
64.46   4.5051e-09   4.4
64.48   3.32696e-09   4.4
64.5   2.68571e-09   4.4
64.52   2.38055e-09   4.4
64.54   2.33835e-09   4.4
64.56   2.58196e-09   4.4
64.58   3.19014e-09   4.4
64.6   4.21417e-09   4.4
64.62   5.41311e-09   4.4
64.64   5.86073e-09   4.4
64.66   4.95487e-09   4.4
64.68   3.57166e-09   4.4
64.7   2.45677e-09   4.4
64.72   1.71973e-09   4.4
64.74   1.26591e-09   4.4
64.76   9.8695e-10   4.4
64.78   8.06383e-10   4.4
64.8   6.80803e-10   4.4
64.82   5.8804e-10   4.4
64.84   5.16625e-10   4.4
64.86   4.60038e-10   4.4
64.88   4.14198e-10   4.4
64.9   3.76381e-10   4.4
64.92   3.44698e-10   4.4
64.94   3.17803e-10   4.4
64.96   2.60802e-10   4.4
64.98   2.41677e-10   4.4
65   2.25035e-10   4.4
65.02   2.10449e-10   4.4
65.04   1.97588e-10   4.4
65.06   1.45101e-10   4.4
65.08   1.3605e-10   4.4
65.1   1.28038e-10   4.4
65.12   1.20929e-10   4.4
65.14   1.14613e-10   4.4
65.16   1.09003e-10   4.4
65.18   1.04023e-10   4.4
65.2   9.96158e-11   4.4
65.22   9.57339e-11   4.4
65.24   9.23409e-11   4.4
65.26   8.94096e-11   4.4
65.28   8.69218e-11   4.4
65.3   8.48682e-11   4.4
65.32   8.32687e-11   4.4
65.34   8.20933e-11   4.4
65.36   8.13822e-11   4.4
65.38   8.11698e-11   4.4
65.4   8.15065e-11   4.4
65.42   8.24641e-11   4.4
65.44   8.41419e-11   4.4
65.46   8.66771e-11   4.4
65.48   9.02588e-11   4.4
65.5   9.51511e-11   4.4
65.52   1.01727e-10   4.4
65.54   1.10527e-10   4.4
65.56   1.22354e-10   4.4
65.58   1.38468e-10   4.4
65.6   1.61019e-10   4.4
65.62   1.94001e-10   4.4
65.64   2.45029e-10   4.4
65.66   3.27508e-10   4.4
65.68   4.61312e-10   4.4
65.7   6.6766e-10   4.4
65.72   9.42839e-10   4.4
65.74   1.1938e-09   4.4
65.76   1.31035e-09   4.4
65.78   1.39169e-09   4.4
65.8   1.49737e-09   4.4
65.82   1.43006e-09   4.4
65.84   1.11694e-09   4.4
65.86   7.5623e-10   4.4
65.88   5.0314e-10   4.4
65.9   3.41408e-10   4.4
65.92   2.43053e-10   4.4
65.94   1.82628e-10   4.4
65.96   1.43437e-10   4.4
65.98   1.16293e-10   4.4
66   9.64857e-11   4.4
66.02   8.15053e-11   4.4
66.04   6.98822e-11   4.4
66.06   6.06785e-11   4.4
66.08   5.3264e-11   4.4
66.1   4.21506e-11   4.4
66.12   3.72619e-11   4.4
66.14   3.31804e-11   4.4
66.16   2.97385e-11   4.4
66.18   2.68097e-11   4.4
66.2   2.42974e-11   4.4
66.22   2.21269e-11   4.4
66.24   2.02393e-11   4.4
66.26   1.85884e-11   4.4
66.28   1.71368e-11   4.4
66.3   1.58544e-11   4.4
66.32   1.47169e-11   4.4
66.34   1.37043e-11   4.4
66.36   1.28e-11   4.4
66.38   1.19907e-11   4.4
66.4   1.1265e-11   4.4
66.42   1.0757e-11   4.4
66.44   1.01769e-11   4.4
66.46   9.65807e-12   4.4
66.48   9.19607e-12   4.4
66.5   8.78785e-12   4.4
66.52   8.43195e-12   4.4
66.54   8.12869e-12   4.4
66.56   7.88077e-12   4.4
66.58   7.69408e-12   4.4
66.6   7.57948e-12   4.4
66.62   7.55608e-12   4.4
66.64   7.65914e-12   4.4
66.66   7.95846e-12   4.4
66.68   8.59528e-12   4.4
66.7   9.8317e-12   4.4
66.72   1.20687e-11   4.4
66.74   1.57328e-11   4.4
66.76   2.07456e-11   4.4
66.78   2.49461e-11   4.4
66.8   2.42138e-11   4.4
66.82   1.92166e-11   4.4
66.84   1.40807e-11   4.4
66.86   1.04676e-11   4.4
66.88   8.14145e-12   4.4
66.9   6.72161e-12   4.4
66.92   5.82978e-12   4.4
66.94   5.2291e-12   4.4
66.96   4.79414e-12   4.4
66.98   4.46192e-12   4.4
67   4.199e-12   4.4
67.02   3.98564e-12   4.4
67.04   3.80928e-12   4.4
67.06   3.66145e-12   4.4
67.08   3.53632e-12   4.4
67.1   3.42979e-12   4.4
67.12   3.3389e-12   4.4
67.14   3.26153e-12   4.4
67.16   3.19612e-12   4.4
67.18   3.14334e-12   4.4
67.2   3.09896e-12   4.4
67.22   2.30469e-12   4.4
67.24   2.2994e-12   4.4
67.26   2.30259e-12   4.4
67.28   2.31444e-12   4.4
67.3   1.21266e-12   4.4
67.32   1.27259e-12   4.4
67.34   1.34161e-12   4.4
67.36   1.42077e-12   4.4
67.38   1.51134e-12   4.4
67.4   1.61494e-12   4.4
67.42   1.73359e-12   4.4
67.44   1.86977e-12   4.4
67.46   2.02664e-12   4.4
67.48   2.20811e-12   4.4
67.5   2.41921e-12   4.4
67.52   2.66634e-12   4.4
67.54   2.9578e-12   4.4
67.56   3.42684e-12   4.4
67.58   3.84675e-12   4.4
67.6   4.35624e-12   4.4
67.62   4.98239e-12   4.4
67.64   5.76335e-12   4.4
67.66   6.75407e-12   4.4
67.68   8.03613e-12   4.4
67.7   9.73625e-12   4.4
67.72   1.20668e-11   4.4
67.74   1.54221e-11   4.4
67.76   2.0587e-11   4.4
67.78   2.90695e-11   4.4
67.8   4.33635e-11   4.4
67.82   6.65995e-11   4.4
67.84   1.003e-10   4.4
67.86   1.36177e-10   4.4
67.88   1.46772e-10   4.4
67.9   1.20085e-10   4.4
67.92   8.31732e-11   4.4
67.94   5.45735e-11   4.4
67.96   3.62182e-11   4.4
67.98   2.53e-11   4.4
68   1.8888e-11   4.4
68.02   1.49845e-11   4.4
68.04   1.2488e-11   4.4
68.06   1.08533e-11   4.4
68.08   9.81362e-12   4.4
68.1   9.23789e-12   4.4
68.12   9.0734e-12   4.4
68.14   9.33261e-12   4.4
68.16   1.01121e-11   4.4
68.18   1.16591e-11   4.4
68.2   1.45009e-11   4.4
68.22   1.95898e-11   4.4
68.24   2.82748e-11   4.4
68.26   4.16952e-11   4.4
68.28   5.82568e-11   4.4
68.3   6.82569e-11   4.4
68.32   6.0909e-11   4.4
68.34   4.427e-11   4.4
68.36   2.97034e-11   4.4
68.38   1.99135e-11   4.4
68.4   1.39405e-11   4.4
68.42   1.04033e-11   4.4
68.44   8.2465e-12   4.4
68.46   6.85064e-12   4.4
68.48   5.89913e-12   4.4
68.5   5.23477e-12   4.4
68.52   4.77667e-12   4.4
68.54   4.48529e-12   4.4
68.56   4.35075e-12   4.4
68.58   4.38688e-12   4.4
68.6   4.61727e-12   4.4
68.62   5.02624e-12   4.4
68.64   5.4195e-12   4.4
68.66   5.43893e-12   4.4
68.68   5.15147e-12   4.4
68.7   4.93521e-12   4.4
68.72   4.91404e-12   4.4
68.74   5.10768e-12   4.4
68.76   5.5033e-12   4.4
68.78   6.10613e-12   4.4
68.8   6.95236e-12   4.4
68.82   8.11822e-12   4.4
68.84   9.73991e-12   4.4
68.86   1.20674e-11   4.4
68.88   1.55935e-11   4.4
68.9   2.12965e-11   4.4
68.92   3.09218e-11   4.4
68.94   4.69765e-11   4.4
68.96   7.17271e-11   4.4
68.98   1.02949e-10   4.4
69   1.23766e-10   4.4
69.02   1.1258e-10   4.4
69.04   8.2002e-11   4.4
69.06   5.42872e-11   4.4
69.08   3.54207e-11   4.4
69.1   2.3888e-11   4.4
69.12   1.70655e-11   4.4
69.14   1.29191e-11   4.4
69.16   1.02375e-11   4.4
69.18   8.39689e-12   4.4
69.2   7.08713e-12   4.4
69.22   6.14621e-12   4.4
69.24   5.48825e-12   4.4
69.26   5.08036e-12   4.4
69.28   4.9428e-12   4.4
69.3   5.1546e-12   4.4
69.32   5.83806e-12   4.4
69.34   6.92741e-12   4.4
69.36   8.40192e-12   4.4
69.38   8.91516e-12   4.4
69.4   7.67598e-12   4.4
69.42   5.82012e-12   4.4
69.44   4.32236e-12   4.4
69.46   3.32758e-12   4.4
69.48   2.71315e-12   4.4
69.5   2.33848e-12   4.4
69.52   2.10475e-12   4.4
69.54   1.9569e-12   4.4
69.56   1.86839e-12   4.4
69.58   1.82787e-12   4.4
69.6   1.83226e-12   4.4
69.62   1.88443e-12   4.4
69.64   1.99357e-12   4.4
69.66   2.17841e-12   4.4
69.68   2.47583e-12   4.4
69.7   2.96099e-12   4.4
69.72   3.7826e-12   4.4
69.74   5.19774e-12   4.4
69.76   7.49038e-12   4.4
69.78   1.1045e-11   4.4
69.8   1.52244e-11   4.4
69.82   1.73066e-11   4.4
69.84   1.50074e-11   4.4
69.86   1.08242e-11   4.4
69.88   7.35367e-12   4.4
69.9   5.08248e-12   4.4
69.92   3.74271e-12   4.4
69.94   2.99456e-12   4.4
69.96   2.59609e-12   4.4
69.98   2.41783e-12   4.4
70   2.41271e-12   4.4
