1.54056
5   0   4.4
5.02   0   4.4
5.04   0   4.4
5.06   0   4.4
5.08   0   4.4
5.1   0   4.4
5.12   0   4.4
5.14   0   4.4
5.16   0   4.4
5.18   0   4.4
5.2   0   4.4
5.22   0   4.4
5.24   0   4.4
5.26   0   4.4
5.28   0   4.4
5.3   0   4.4
5.32   0   4.4
5.34   0   4.4
5.36   0   4.4
5.38   0   4.4
5.4   0   4.4
5.42   0   4.4
5.44   0   4.4
5.46   0   4.4
5.48   0   4.4
5.5   0   4.4
5.52   0   4.4
5.54   0   4.4
5.56   0   4.4
5.58   0   4.4
5.6   0   4.4
5.62   0   4.4
5.64   0   4.4
5.66   0   4.4
5.68   0   4.4
5.7   0   4.4
5.72   0   4.4
5.74   0   4.4
5.76   0   4.4
5.78   0   4.4
5.8   0   4.4
5.82   0   4.4
5.84   0   4.4
5.86   0   4.4
5.88   0   4.4
5.9   0   4.4
5.92   0   4.4
5.94   0   4.4
5.96   0   4.4
5.98   0   4.4
6   0   4.4
6.02   0   4.4
6.04   0   4.4
6.06   0   4.4
6.08   0   4.4
6.1   0   4.4
6.12   0   4.4
6.14   0   4.4
6.16   0   4.4
6.18   0   4.4
6.2   0   4.4
6.22   0   4.4
6.24   0   4.4
6.26   0   4.4
6.28   0   4.4
6.3   0   4.4
6.32   0   4.4
6.34   0   4.4
6.36   0   4.4
6.38   0   4.4
6.4   0   4.4
6.42   0   4.4
6.44   0   4.4
6.46   0   4.4
6.48   0   4.4
6.5   0   4.4
6.52   0   4.4
6.54   0   4.4
6.56   0   4.4
6.58   0   4.4
6.6   0   4.4
6.62   0   4.4
6.64   0   4.4
6.66   0   4.4
6.68   0   4.4
6.7   0   4.4
6.72   0   4.4
6.74   0   4.4
6.76   0   4.4
6.78   0   4.4
6.8   0   4.4
6.82   0   4.4
6.84   0   4.4
6.86   0   4.4
6.88   0   4.4
6.9   0   4.4
6.92   0   4.4
6.94   0   4.4
6.96   0   4.4
6.98   0   4.4
7   0   4.4
7.02   0   4.4
7.04   0   4.4
7.06   0   4.4
7.08   0   4.4
7.1   0   4.4
7.12   0   4.4
7.14   0   4.4
7.16   0   4.4
7.18   0   4.4
7.2   0   4.4
7.22   0   4.4
7.24   0   4.4
7.26   0   4.4
7.28   0   4.4
7.3   0   4.4
7.32   0   4.4
7.34   0   4.4
7.36   0   4.4
7.38   0   4.4
7.4   0   4.4
7.42   0   4.4
7.44   0   4.4
7.46   0   4.4
7.48   0   4.4
7.5   0   4.4
7.52   0   4.4
7.54   0   4.4
7.56   0   4.4
7.58   0   4.4
7.6   0   4.4
7.62   0   4.4
7.64   0   4.4
7.66   0   4.4
7.68   0   4.4
7.7   0   4.4
7.72   0   4.4
7.74   0   4.4
7.76   0   4.4
7.78   0   4.4
7.8   0   4.4
7.82   0   4.4
7.84   0   4.4
7.86   0   4.4
7.88   0   4.4
7.9   0   4.4
7.92   0   4.4
7.94   0   4.4
7.96   0   4.4
7.98   0   4.4
8   0   4.4
8.02   0   4.4
8.04   0   4.4
8.06   0   4.4
8.08   0   4.4
8.1   0   4.4
8.12   0   4.4
8.14   0   4.4
8.16   0   4.4
8.18   0   4.4
8.2   0   4.4
8.22   0   4.4
8.24   0   4.4
8.26   0   4.4
8.28   0   4.4
8.3   0   4.4
8.32   0   4.4
8.34   0   4.4
8.36   0   4.4
8.38   0   4.4
8.4   0   4.4
8.42   0   4.4
8.44   0   4.4
8.46   0   4.4
8.48   0   4.4
8.5   0   4.4
8.52   0   4.4
8.54   0   4.4
8.56   0   4.4
8.58   0   4.4
8.6   0   4.4
8.62   0   4.4
8.64   0   4.4
8.66   0   4.4
8.68   0   4.4
8.7   0   4.4
8.72   0   4.4
8.74   0   4.4
8.76   0   4.4
8.78   0   4.4
8.8   0   4.4
8.82   0   4.4
8.84   0   4.4
8.86   0   4.4
8.88   0   4.4
8.9   0   4.4
8.92   0   4.4
8.94   0   4.4
8.96   0   4.4
8.98   0   4.4
9   0   4.4
9.02   0   4.4
9.04   0   4.4
9.06   0   4.4
9.08   0   4.4
9.1   0   4.4
9.12   0   4.4
9.14   0   4.4
9.16   0   4.4
9.18   0   4.4
9.2   0   4.4
9.22   0   4.4
9.24   0   4.4
9.26   0   4.4
9.28   0   4.4
9.3   0   4.4
9.32   0   4.4
9.34   0   4.4
9.36   0   4.4
9.38   0   4.4
9.4   0   4.4
9.42   0   4.4
9.44   0   4.4
9.46   0   4.4
9.48   0   4.4
9.5   0   4.4
9.52   0   4.4
9.54   0   4.4
9.56   0   4.4
9.58   0   4.4
9.6   0   4.4
9.62   0   4.4
9.64   0   4.4
9.66   0   4.4
9.68   0   4.4
9.7   0   4.4
9.72   0   4.4
9.74   0   4.4
9.76   0   4.4
9.78   0   4.4
9.8   0   4.4
9.82   0   4.4
9.84   0   4.4
9.86   0   4.4
9.88   0   4.4
9.9   0   4.4
9.92   0   4.4
9.94   0   4.4
9.96   0   4.4
9.98   0   4.4
10   0   4.4
10.02   0   4.4
10.04   0   4.4
10.06   0   4.4
10.08   0   4.4
10.1   0   4.4
10.12   0   4.4
10.14   0   4.4
10.16   0   4.4
10.18   0   4.4
10.2   0   4.4
10.22   0   4.4
10.24   0   4.4
10.26   0   4.4
10.28   0   4.4
10.3   0   4.4
10.32   0   4.4
10.34   0   4.4
10.36   0   4.4
10.38   0   4.4
10.4   0   4.4
10.42   0   4.4
10.44   0   4.4
10.46   0   4.4
10.48   0   4.4
10.5   0   4.4
10.52   0   4.4
10.54   0   4.4
10.56   0   4.4
10.58   0   4.4
10.6   0   4.4
10.62   0   4.4
10.64   0   4.4
10.66   0   4.4
10.68   0   4.4
10.7   0   4.4
10.72   0   4.4
10.74   0   4.4
10.76   0   4.4
10.78   0   4.4
10.8   0   4.4
10.82   0   4.4
10.84   0   4.4
10.86   0   4.4
10.88   0   4.4
10.9   0   4.4
10.92   0   4.4
10.94   0   4.4
10.96   0   4.4
10.98   0   4.4
11   0   4.4
11.02   0   4.4
11.04   0   4.4
11.06   0   4.4
11.08   0   4.4
11.1   0   4.4
11.12   0   4.4
11.14   0   4.4
11.16   0   4.4
11.18   0   4.4
11.2   0   4.4
11.22   0   4.4
11.24   0   4.4
11.26   0   4.4
11.28   0   4.4
11.3   0   4.4
11.32   0   4.4
11.34   0   4.4
11.36   0   4.4
11.38   0   4.4
11.4   0   4.4
11.42   0   4.4
11.44   0   4.4
11.46   0   4.4
11.48   0   4.4
11.5   0   4.4
11.52   0   4.4
11.54   0   4.4
11.56   0   4.4
11.58   0   4.4
11.6   0   4.4
11.62   0   4.4
11.64   0   4.4
11.66   0   4.4
11.68   0   4.4
11.7   0   4.4
11.72   0   4.4
11.74   0   4.4
11.76   0   4.4
11.78   0   4.4
11.8   0   4.4
11.82   0   4.4
11.84   0   4.4
11.86   0   4.4
11.88   0   4.4
11.9   0   4.4
11.92   0   4.4
11.94   0   4.4
11.96   0   4.4
11.98   0   4.4
12   0   4.4
12.02   0   4.4
12.04   0   4.4
12.06   0   4.4
12.08   0   4.4
12.1   0   4.4
12.12   0   4.4
12.14   0   4.4
12.16   0   4.4
12.18   0   4.4
12.2   0   4.4
12.22   0   4.4
12.24   0   4.4
12.26   0   4.4
12.28   0   4.4
12.3   0   4.4
12.32   0   4.4
12.34   0   4.4
12.36   0   4.4
12.38   0   4.4
12.4   0   4.4
12.42   0.664462   4.4
12.44   0.683062   4.4
12.46   1.05118   4.4
12.48   1.08126   4.4
12.5   1.11264   4.4
12.52   1.14541   4.4
12.54   1.38219   4.4
12.56   1.42361   4.4
12.58   1.46691   4.4
12.6   1.51223   4.4
12.62   1.55967   4.4
12.64   1.60939   4.4
12.66   1.91726   4.4
12.68   1.97919   4.4
12.7   2.04419   4.4
12.72   2.11246   4.4
12.74   2.18421   4.4
12.76   2.25969   4.4
12.78   2.33917   4.4
12.8   2.42293   4.4
12.82   2.51129   4.4
12.84   2.60459   4.4
12.86   2.70321   4.4
12.88   2.80756   4.4
12.9   2.91809   4.4
12.92   3.03531   4.4
12.94   3.15977   4.4
12.96   3.29208   4.4
12.98   3.43292   4.4
13   3.58303   4.4
13.02   3.74326   4.4
13.04   3.91454   4.4
13.06   4.09792   4.4
13.08   4.29455   4.4
13.1   4.50577   4.4
13.12   4.73305   4.4
13.14   4.97808   4.4
13.16   5.24277   4.4
13.18   5.52928   4.4
13.2   5.84009   4.4
13.22   6.17806   4.4
13.24   6.54645   4.4
13.26   6.94905   4.4
13.28   7.39026   4.4
13.3   7.87522   4.4
13.32   8.40994   4.4
13.34   9.00152   4.4
13.36   9.65837   4.4
13.38   10.3905   4.4
13.4   11.21   4.4
13.42   12.1315   4.4
13.44   13.1727   4.4
13.46   14.3554   4.4
13.48   15.7068   4.4
13.5   17.2607   4.4
13.52   19.4383   4.40888
13.54   21.5485   4.64204
13.56   24.0309   4.90213
13.58   26.9792   5.19415
13.6   30.519   5.5244
13.62   34.821   5.90093
13.64   40.1221   6.3342
13.66   46.7587   6.83803
13.68   55.2218   7.43114
13.7   66.2567   8.13982
13.72   81.0703   9.0039
13.74   101.811   10.0901
13.76   132.632   11.5166
13.78   181.563   13.4745
13.8   262.522   16.2025
13.82   394.987   19.8743
13.84   595.1   24.3947
13.86   838.886   28.9635
13.88   1001.28   31.643
13.9   964.302   31.0532
13.92   782.452   27.9723
13.94   584.82   24.183
13.96   455.994   21.354
13.98   404.957   20.1235
14   397.659   19.9414
14.02   378.354   19.4513
14.04   339.714   18.4313
14.06   322.165   17.949
14.08   337.366   18.3675
14.1   348.742   18.6746
14.12   305.191   17.4697
14.14   227.476   15.0823
14.16   159.539   12.6309
14.18   112.642   10.6133
14.2   82.8235   9.10074
14.22   64.0878   8.00549
14.24   51.8376   7.19983
14.26   43.3015   6.58039
14.28   37.007   6.08334
14.3   32.1809   5.67282
14.32   28.3843   5.32769
14.34   25.3422   5.03411
14.36   22.8707   4.78233
14.38   20.8417   4.56527
14.4   19.4531   4.41056
14.42   18.0671   4.4
14.44   16.9165   4.4
14.46   15.9644   4.4
14.48   15.1838   4.4
14.5   14.5546   4.4
14.52   14.0626   4.4
14.54   13.6983   4.4
14.56   13.4566   4.4
14.58   13.3364   4.4
14.6   13.3411   4.4
14.62   13.4782   4.4
14.64   13.7609   4.4
14.66   14.2091   4.4
14.68   14.8514   4.4
14.7   15.7283   4.4
14.72   16.8969   4.4
14.74   18.4383   4.4
14.76   20.4695   4.52432
14.78   23.1624   4.81274
14.8   26.7784   5.17479
14.82   31.7366   5.63352
14.84   38.7728   6.22678
14.86   49.3106   7.02215
14.88   66.1842   8.13537
14.9   94.5625   9.72433
14.92   142.172   11.9236
14.94   216.82   14.7248
14.96   315.244   17.7551
14.98   392.156   19.8029
15   372.139   19.2909
15.02   278.127   16.6771
15.04   186   13.6382
15.06   121.606   11.0275
15.08   81.7981   9.04423
15.1   58.192   7.62837
15.12   43.9016   6.62583
15.14   34.6945   5.89021
15.16   28.3523   5.32469
15.18   23.7624   4.87467
15.2   20.331   4.50899
15.22   17.7069   4.4
15.24   15.6654   4.4
15.26   14.0564   4.4
15.28   12.7764   4.4
15.3   11.7525   4.4
15.32   10.9329   4.4
15.34   9.6209   4.4
15.36   9.12562   4.4
15.38   8.41557   4.4
15.4   8.15536   4.4
15.42   7.9926   4.4
15.44   7.92279   4.4
15.46   7.94519   4.4
15.48   8.06282   4.4
15.5   8.08548   4.4
15.52   8.42484   4.4
15.54   8.89602   4.4
15.56   9.52469   4.4
15.58   10.1026   4.4
15.6   11.1769   4.4
15.62   12.5701   4.4
15.64   14.3894   4.4
15.66   16.7949   4.4
15.68   20.0359   4.47615
15.7   24.5293   4.95271
15.72   31.047   5.57199
15.74   41.1245   6.41284
15.76   57.7277   7.59788
15.78   85.8088   9.2633
15.8   131.697   11.4759
15.82   198.863   14.1019
15.84   272.121   16.4961
15.86   297.153   17.2381
15.88   245.543   15.6698
15.9   170.311   13.0503
15.92   111.092   10.54
15.94   72.7431   8.52896
15.96   49.7202   7.05125
15.98   36.0115   6.00096
16   27.4579   5.24003
16.02   21.7347   4.66205
16.04   17.6687   4.4
16.06   14.6579   4.4
16.08   12.3636   4.4
16.1   10.5757   4.4
16.12   9.15619   4.4
16.14   8.01062   4.4
16.16   7.07284   4.4
16.18   6.29541   4.4
16.2   5.64363   4.4
16.22   5.09166   4.4
16.24   4.61998   4.4
16.26   4.2136   4.4
16.28   3.86088   4.4
16.3   3.55266   4.4
16.32   3.28166   4.4
16.34   3.04202   4.4
16.36   2.82902   4.4
16.38   2.63877   4.4
16.4   2.46809   4.4
16.42   2.31433   4.4
16.44   2.17528   4.4
16.46   1.67451   4.4
16.48   1.56955   4.4
16.5   1.47413   4.4
16.52   1.38714   4.4
16.54   1.30762   4.4
16.56   1.23473   4.4
16.58   1.16777   4.4
16.6   1.1061   4.4
16.62   1.04918   4.4
16.64   0.996537   4.4
16.66   0.947756   4.4
16.68   0.902467   4.4
16.7   0.860344   4.4
16.72   0.821101   4.4
16.74   0.784479   4.4
16.76   0.750252   4.4
16.78   0.718214   4.4
16.8   0.688184   4.4
16.82   0.659997   4.4
16.84   0.633506   4.4
16.86   0.608577   4.4
16.88   0.58509   4.4
16.9   0.562936   4.4
16.92   0.542015   4.4
16.94   0.522239   4.4
16.96   0.503525   4.4
16.98   0.485799   4.4
17   0.468991   4.4
17.02   0.453041   4.4
17.04   0.43789   4.4
17.06   0.423487   4.4
17.08   0.409782   4.4
17.1   0.396731   4.4
17.12   0.384294   4.4
17.14   0.372433   4.4
17.16   0.361111   4.4
17.18   0.350299   4.4
17.2   0.339964   4.4
17.22   0.33008   4.4
17.24   0.32062   4.4
17.26   0.311562   4.4
17.28   0.302881   4.4
17.3   0.294559   4.4
17.32   0   4.4
17.34   0   4.4
17.36   0   4.4
17.38   0   4.4
17.4   0   4.4
17.42   0   4.4
17.44   0   4.4
17.46   0   4.4
17.48   0   4.4
17.5   0   4.4
17.52   0   4.4
17.54   0   4.4
17.56   0   4.4
17.58   0   4.4
17.6   0   4.4
17.62   0.00443536   4.4
17.64   0.00456058   4.4
17.66   0.00469119   4.4
17.68   0.00482748   4.4
17.7   0.00496979   4.4
17.72   0.0051185   4.4
17.74   0.00527397   4.4
17.76   0.00543663   4.4
17.78   0.00560693   4.4
17.8   0.00578536   4.4
17.82   0.00597244   4.4
17.84   0.00616873   4.4
17.86   0.00637486   4.4
17.88   0.00659148   4.4
17.9   0.00681934   4.4
17.92   0.0070592   4.4
17.94   0.00731194   4.4
17.96   0.00757849   4.4
17.98   0.00785988   4.4
18   0.00815722   4.4
18.02   0.00847175   4.4
18.04   0.00880481   4.4
18.06   0.00915788   4.4
18.08   0.00953261   4.4
18.1   0.0099308   4.4
18.12   0.0103544   4.4
18.14   0.0108058   4.4
18.16   0.0112872   4.4
18.18   0.0118015   4.4
18.2   0.0123518   4.4
18.22   0.0129414   4.4
18.24   0.0135742   4.4
18.26   0.0142545   4.4
18.28   0.0149871   4.4
18.3   0.0157777   4.4
18.32   0.0166324   4.4
18.34   0.0175584   4.4
18.36   0.0185638   4.4
18.38   0.0196579   4.4
18.4   0.0208515   4.4
18.42   0.022157   4.4
18.44   0.0235887   4.4
18.46   0.0251635   4.4
18.48   0.026901   4.4
18.5   0.0288243   4.4
18.52   0.030961   4.4
18.54   0.0333435   4.4
18.56   0.0360111   4.4
18.58   0.0390109   4.4
18.6   0.0424001   4.4
18.62   0.046249   4.4
18.64   0.0506441   4.4
18.66   0.0556933   4.4
18.68   0.0615325   4.4
18.7   0.0683341   4.4
18.72   0.0763203   4.4
18.74   0.0857806   4.4
18.76   0.0970977   4.4
18.78   0.110785   4.4
18.8   0.127546   4.4
18.82   0.148359   4.4
18.84   0.174617   4.4
18.86   0.208419   4.4
18.88   0.25274   4.4
18.9   0.312607   4.4
18.92   0.396799   4.4
18.94   0.52237   4.4
18.96   0.723178   4.4
18.98   1.06031   4.4
19   1.62333   4.4
19.02   2.49831   4.4
19.04   3.62803   4.4
19.06   4.44939   4.4
19.08   4.13409   4.4
19.1   3.04194   4.4
19.12   2.01326   4.4
19.14   1.30371   4.4
19.16   0.867493   4.4
19.18   0.609027   4.4
19.2   0.452042   4.4
19.22   0.350365   4.4
19.24   0.279964   4.4
19.26   0.228769   4.4
19.28   0.190287   4.4
19.3   0.160648   4.4
19.32   0.13736   4.4
19.34   0.118749   4.4
19.36   0.103653   4.4
19.38   0.0912462   4.4
19.4   0.0809309   4.4
19.42   0.0722652   4.4
19.44   0.0649177   4.4
19.46   0.0586357   4.4
19.48   0.053224   4.4
19.5   0.04853   4.4
19.52   0.0444332   4.4
19.54   0.0408372   4.4
19.56   0.0376644   4.4
19.58   0.0348515   4.4
19.6   0.0323469   4.4
19.62   0.0301077   4.4
19.64   0.0280985   4.4
19.66   0.0262896   4.4
19.68   0.0246559   4.4
19.7   0.0231766   4.4
19.72   0.0218336   4.4
19.74   0.0206117   4.4
19.76   0.0194981   4.4
19.78   0.0184815   4.4
19.8   0.0175525   4.4
19.82   0.016703   4.4
19.84   0.0159262   4.4
19.86   0.0152164   4.4
19.88   0.0145688   4.4
19.9   0.0139797   4.4
19.92   0.0134463   4.4
19.94   0.0129668   4.4
19.96   0.0125406   4.4
19.98   0.0121683   4.4
20   0.0118521   4.4
20.02   0.0115962   4.4
20.04   0.0114077   4.4
20.06   0.0112976   4.4
20.08   0.0112827   4.4
20.1   0.0113885   4.4
20.12   0.0116553   4.4
20.14   0.0121489   4.4
20.16   0.0129877   4.4
20.18   0.0144047   4.4
20.2   0.0168616   4.4
20.22   0.0211835   4.4
20.24   0.028557   4.4
20.26   0.0400593   4.4
20.28   0.0546546   4.4
20.3   0.064383   4.4
20.32   0.0589653   4.4
20.34   0.0443046   4.4
20.36   0.0309768   4.4
20.38   0.0218476   4.4
20.4   0.0162052   4.4
20.42   0.0128047   4.4
20.44   0.0106788   4.4
20.46   0.00925029   4.4
20.48   0.00822044   4.4
20.5   0.00743883   4.4
20.52   0.00682381   4.4
20.54   0.00207005   4.4
20.56   0.00177118   4.4
20.58   0.00153204   4.4
20.6   0.00133785   4.4
20.62   0.0011781   4.4
20.64   0.00104516   4.4
20.66   7.28516   4.4
20.68   7.49166   4.4
20.7   7.70709   4.4
20.72   7.93196   4.4
20.74   8.16682   4.4
20.76   8.41228   4.4
20.78   8.66899   4.4
20.8   8.93763   4.4
20.82   9.21896   4.4
20.84   9.51378   4.4
20.86   9.82298   4.4
20.88   10.1475   4.4
20.9   10.4884   4.4
20.92   10.8467   4.4
20.94   11.2237   4.4
20.96   11.6207   4.4
20.98   12.0391   4.4
21   12.4805   4.4
21.02   12.9467   4.4
21.04   13.4394   4.4
21.06   13.9608   4.4
21.08   14.5131   4.4
21.1   15.0988   4.4
21.12   15.7207   4.4
21.14   16.3817   4.4
21.16   17.0854   4.4
21.18   17.8352   4.4
21.2   18.6356   4.4
21.22   19.4909   4.41485
21.24   20.4065   4.51736
21.26   21.3881   4.62472
21.28   22.4421   4.73731
21.3   23.5759   4.8555
21.32   24.7977   4.97973
21.34   26.1169   5.11047
21.36   27.544   5.24824
21.38   29.0912   5.39363
21.4   30.7723   5.54728
21.42   32.6031   5.70992
21.44   34.602   5.88235
21.46   36.7902   6.06549
21.48   39.1922   6.26036
21.5   41.8367   6.46813
21.52   44.7575   6.6901
21.54   47.9943   6.92779
21.56   51.5944   7.18292
21.58   55.6138   7.45747
21.6   60.1202   7.75372
21.62   65.1953   8.07436
21.64   70.9384   8.42249
21.66   77.4716   8.80179
21.68   84.946   9.21662
21.7   93.5505   9.67215
21.72   104.705   10.2326
21.74   116.384   10.7881
21.76   130.13   11.4075
21.78   146.458   12.102
21.8   166.05   12.886
21.82   189.831   13.7779
21.84   219.068   14.801
21.86   255.543   15.9857
21.88   301.809   17.3727
21.9   361.642   19.0169
21.92   440.854   20.9965
21.94   549.042   23.4316
21.96   703.732   26.528
21.98   939.617   30.6532
22   1324.35   36.3916
22.02   1973.53   44.4244
22.04   3041.24   55.1474
22.06   4633.11   68.0669
22.08   6467.16   80.4186
22.1   7305.54   85.4725
22.12   6218.87   78.8598
22.14   4368.53   66.0949
22.16   2855.5   53.4369
22.18   1859.38   43.1206
22.2   1258.58   35.4765
22.22   902.062   30.0343
22.24   681.666   26.1087
22.26   535.732   23.1459
22.28   432.949   20.8074
22.3   357.383   18.9046
22.32   300.175   17.3255
22.34   255.889   15.9965
22.36   220.973   14.8652
22.38   193.01   13.8928
22.4   170.309   13.0502
22.42   151.664   12.3152
22.44   136.195   11.6703
22.46   123.251   11.1018
22.48   112.34   10.5991
22.5   103.089   10.1533
22.52   95.2062   9.75737
22.54   88.4679   9.40574
22.56   82.6962   9.09374
22.58   77.751   8.81765
22.6   73.5212   8.57445
22.62   69.9186   8.36173
22.64   66.8738   8.17764
22.66   64.3329   8.02078
22.68   62.2553   7.8902
22.7   60.612   7.78537
22.72   59.385   7.70616
22.74   60.1311   7.75442
22.76   59.768   7.73098
22.78   59.8337   7.73523
22.8   60.3572   7.76899
22.82   61.3837   7.83477
22.84   62.9798   7.93598
22.86   66.5445   8.15748
22.88   69.6382   8.34495
22.9   73.7158   8.58579
22.92   82.0597   9.05868
22.94   89.0966   9.4391
22.96   98.323   9.9158
22.98   110.591   10.5162
23   127.277   11.2817
23.02   150.833   12.2814
23.04   186.038   13.6396
23.06   242.349   15.5676
23.08   336.624   18.3473
23.1   493.091   22.2056
23.12   733.733   27.0875
23.14   1037.4   32.2087
23.16   1241.75   35.2385
23.18   1137.5   33.7268
23.2   845.353   29.075
23.22   580.826   24.1003
23.24   402.307   20.0576
23.26   295.384   17.1867
23.28   234.846   15.3247
23.3   201.191   14.1842
23.32   182.922   13.5249
23.34   174.31   13.2026
23.36   172.761   13.1438
23.38   177.263   13.314
23.4   187.733   13.7016
23.42   204.849   14.3125
23.44   230.147   15.1706
23.46   266.424   16.3225
23.48   318.744   17.8534
23.5   396.925   19.923
23.52   520.75   22.8199
23.54   727.676   26.9755
23.56   1070.35   32.7163
23.58   1632.74   40.4072
23.6   2422.19   49.2157
23.62   3180.67   56.3974
23.64   3257.43   57.0739
23.66   2564.44   50.6403
23.68   1751.6   41.8522
23.7   1151.09   33.9277
23.72   772.373   27.7916
23.74   547.907   23.4074
23.76   414.758   20.3656
23.78   331.878   18.2175
23.8   277.099   16.6463
23.82   239.346   15.4708
23.84   212.9   14.5911
23.86   194.526   13.9473
23.88   182.264   13.5005
23.9   174.907   13.2252
23.92   171.746   13.1052
23.94   172.439   13.1316
23.96   178.032   13.3429
23.98   186.67   13.6627
24   200.019   14.1428
24.02   219.161   14.8041
24.04   245.894   15.681
24.06   283.3   16.8315
24.08   337.08   18.3597
24.1   418.295   20.4523
24.12   547.409   23.3968
24.14   756.838   27.5107
24.16   1085.37   32.9449
24.18   1547.05   39.3325
24.2   2022.07   44.9674
24.22   2211.63   47.0279
24.24   2120.8   46.0522
24.26   2108.01   45.9131
24.28   2310.57   48.0683
24.3   2558.29   50.5795
24.32   2722.09   52.1736
24.34   3020.37   54.9579
24.36   3475.16   58.9505
24.38   3546.99   59.5566
24.4   2893.69   53.793
24.42   2029.67   45.0519
24.44   1356.57   36.8317
24.46   917.607   30.292
24.48   649.489   25.4851
24.5   485.983   22.045
24.52   381.41   19.5297
24.54   309.937   17.605
24.56   258.017   16.0629
24.58   218.409   14.7787
24.6   187.427   13.6904
24.62   162.918   12.7639
24.64   142.157   11.923
24.66   126.248   11.236
24.68   113.165   10.6379
24.7   102.284   10.1135
24.72   93.1449   9.65116
24.74   85.4098   9.24174
24.76   78.8226   8.87821
24.78   73.1876   8.55498
24.8   68.3529   8.26758
24.82   64.1998   8.01248
24.84   60.6352   7.78686
24.86   57.5862   7.58856
24.88   54.996   7.41593
24.9   52.821   7.26781
24.92   51.0294   7.14349
24.94   49.5992   7.04267
24.96   49.803   7.05712
24.98   49.104   7.00743
25   48.7593   6.98279
25.02   48.7866   6.98474
25.04   49.2164   7.01544
25.06   50.0951   7.07779
25.08   51.4895   7.17562
25.1   53.4935   7.31392
25.12   53.1629   7.29129
25.14   56.9151   7.54421
25.16   61.8528   7.86466
25.18   68.3562   8.26778
25.2   76.9884   8.77431
25.22   88.6176   9.41369
25.24   104.677   10.2312
25.26   127.779   11.3039
25.28   163.089   12.7706
25.3   220.661   14.8547
25.32   317.753   17.8256
25.34   477.02   21.8408
25.36   714.175   26.7241
25.38   987.267   31.4208
25.4   1112.97   33.3612
25.42   955.035   30.9036
25.44   686.244   26.1963
25.46   468.987   21.6561
25.48   331.482   18.2066
25.5   257.312   16.0409
25.52   228.247   15.1078
25.54   235.519   15.3466
25.56   280.158   16.7379
25.58   366.115   19.1341
25.6   479.499   21.8975
25.62   546.762   23.3829
25.64   486.732   22.062
25.66   358.475   18.9334
25.68   246.404   15.6972
25.7   168.914   12.9967
25.72   122.071   11.0486
25.74   93.7833   9.68418
25.76   74.8371   8.65084
25.78   63.1107   7.94422
25.8   54.9036   7.40969
25.82   49.0277   7.00198
25.84   41.9038   6.47332
25.86   39.3278   6.27119
25.88   38.138   6.1756
25.9   38.2124   6.18162
25.92   38.8348   6.23176
25.94   38.2694   6.18623
25.96   36.0623   6.00519
25.98   33.8328   5.8166
26   32.5046   5.70128
26.02   32.1361   5.66887
26.04   32.5851   5.70833
26.06   33.728   5.80758
26.08   35.5227   5.96009
26.1   38.0064   6.16493
26.12   41.2864   6.42545
26.14   45.5405   6.74837
26.16   51.034   7.14381
26.18   58.156   7.62601
26.2   67.4837   8.21485
26.22   79.8972   8.93852
26.24   96.8151   9.83946
26.26   125.903   11.2206
26.28   161.84   12.7216
26.3   219.313   14.8092
26.32   315.815   17.7712
26.34   477.168   21.8442
26.36   728.615   26.9929
26.38   1055.56   32.4894
26.4   1299.31   36.046
26.42   1216.48   34.878
26.44   902.073   30.0345
26.46   602.214   24.5401
26.48   394.663   19.8661
26.5   267.065   16.3421
26.52   199.072   14.1093
26.54   153.923   12.4066
26.56   125.216   11.19
26.58   110.817   10.527
26.6   97.6253   9.88055
26.62   88.6435   9.41507
26.64   83.0312   9.11215
26.66   80.6445   8.98023
26.68   82.1012   9.06097
26.7   88.8417   9.42559
26.72   102.741   10.1361
26.74   124.233   11.146
26.76   145.957   12.0813
26.78   150.865   12.2827
26.8   129.841   11.3948
26.82   104.739   10.2342
26.84   86.1682   9.28268
26.86   73.5673   8.57714
26.88   67.0152   8.18628
26.9   63.4989   7.96862
26.92   61.7383   7.85737
26.94   61.0369   7.81261
26.96   63.7667   7.9854
26.98   64.3826   8.02388
27   65.4343   8.08915
27.02   66.8647   8.17708
27.04   68.6416   8.28502
27.06   70.7496   8.41128
27.08   72.7081   8.5269
27.1   75.4912   8.68857
27.12   78.6231   8.86697
27.14   82.1262   9.06235
27.16   86.0308   9.27528
27.18   90.3753   9.50659
27.2   95.2074   9.75743
27.22   100.585   10.0292
27.24   106.58   10.3237
27.26   113.276   10.6431
27.28   120.779   10.99
27.3   129.216   11.3673
27.32   138.746   11.779
27.34   149.561   12.2295
27.36   161.909   12.7243
27.38   176.097   13.2702
27.4   192.525   13.8753
27.42   211.7   14.5499
27.44   234.323   15.3076
27.46   261.304   16.1649
27.48   293.903   17.1436
27.5   333.888   18.2726
27.52   383.806   19.591
27.54   447.458   21.1532
27.56   530.849   23.0402
27.58   644.382   25.3847
27.6   807.95   28.4245
27.62   1060.85   32.5706
27.64   1474.42   38.3982
27.66   2155.07   46.4228
27.68   3210.34   56.6599
27.7   4596.06   67.7943
27.72   5693.4   75.4546
27.74   5477.91   74.0129
27.76   4273.25   65.3701
27.78   3120.08   55.8577
27.8   2378.89   48.7739
27.82   2023.89   44.9877
27.84   1974.43   44.4345
27.86   2202.11   46.9266
27.88   2764.71   52.5805
27.9   3807.63   61.706
27.92   5493.4   74.1175
27.94   7751.03   88.0399
27.96   9656.64   98.2682
27.98   10000   100
28   9397.16   96.939
28.02   8384.4   91.5664
28.04   6612.01   81.3143
28.06   4703.41   68.5814
28.08   3287.41   57.336
28.1   2402.2   49.0123
28.12   1910.55   43.7098
28.14   1698.85   41.2171
28.16   1717.21   41.4392
28.18   1968.02   44.3623
28.2   2452.7   49.5247
28.22   3018.31   54.9392
28.24   3177.57   56.37
28.26   2694.8   51.9114
28.28   2042.41   45.193
28.3   1566.41   39.5779
28.32   1323.66   36.3822
28.34   1300.4   36.0611
28.36   1498.52   38.7107
28.38   1937.94   44.0221
28.4   2578.62   50.7801
28.42   3094.26   55.626
28.44   2931.38   54.1422
28.46   2229.74   47.2201
28.48   1537.58   39.212
28.5   1048.28   32.3772
28.52   740.591   27.2138
28.54   553.523   23.5271
28.56   436.538   20.8935
28.58   358.332   18.9297
28.6   302.358   17.3884
28.62   260.236   16.1318
28.64   227.439   15.0811
28.66   201.257   14.1865
28.68   179.93   13.4138
28.7   162.259   12.7381
28.72   147.403   12.1409
28.74   134.755   11.6084
28.76   125.703   11.2117
28.78   117.525   10.8409
28.8   109.321   10.4557
28.82   102.091   10.104
28.84   95.6791   9.78157
28.86   89.9595   9.4847
28.88   84.8322   9.21044
28.9   80.215   8.95628
28.92   76.0408   8.72014
28.94   72.2536   8.50021
28.96   68.8067   8.29498
28.98   65.6608   8.10314
29   62.7827   7.92355
29.02   60.1439   7.75525
29.04   57.7202   7.59738
29.06   55.4906   7.4492
29.08   53.4372   7.31008
29.1   52.4221   7.24031
29.12   50.7009   7.12046
29.14   50.6496   7.11685
29.16   49.2338   7.01668
29.18   47.937   6.92365
29.2   41.6407   6.45296
29.22   40.6955   6.37931
29.24   39.844   6.31221
29.26   39.0817   6.25153
29.28   38.4047   6.19715
29.3   37.8099   6.14897
29.32   37.2949   6.10696
29.34   36.858   6.07108
29.36   36.4979   6.04135
29.38   36.214   6.0178
29.4   36.0063   6.00052
29.42   35.8755   5.98961
29.44   28.8137   5.36784
29.46   29.0269   5.38766
29.48   24.5624   4.95604
29.5   25.0578   5.00578
29.52   25.6322   5.06283
29.54   26.2916   5.12753
29.56   27.043   5.20029
29.58   27.8949   5.28156
29.6   28.857   5.37187
29.62   29.9409   5.47183
29.64   31.1603   5.58214
29.66   32.5315   5.70364
29.68   34.0735   5.83725
29.7   33.3041   5.77097
29.72   35.328   5.94374
29.74   37.6034   6.13216
29.76   40.17   6.33798
29.78   43.0767   6.56328
29.8   46.3831   6.81052
29.82   50.1633   7.08261
29.84   54.5096   7.38306
29.86   59.5387   7.71613
29.88   66.4845   8.1538
29.9   70.7027   8.40849
29.92   78.9691   8.88646
29.94   88.8475   9.42589
29.96   100.793   10.0396
29.98   115.436   10.7441
30   133.661   11.5612
30.02   156.749   12.5199
30.04   186.611   13.6606
30.06   226.245   15.0414
30.08   281.084   16.7656
30.1   360.124   18.9769
30.12   482.844   21.9737
30.14   685.267   26.1776
30.16   1024.57   32.0089
30.18   1567.1   39.5867
30.2   2325.01   48.2184
30.22   3050.82   55.2342
30.24   3141.11   56.0456
30.26   2501.51   50.0151
30.28   1728.22   41.5719
30.3   1152.22   33.9443
30.32   791.495   28.1335
30.34   583.472   24.1552
30.36   468.52   21.6453
30.38   408.226   20.2046
30.4   383.514   19.5835
30.42   388.426   19.7085
30.44   426.886   20.6612
30.46   513.497   22.6605
30.48   675.627   25.9928
30.5   950.421   30.8289
30.52   1358.13   36.8529
30.54   1819.52   42.6558
30.56   2146.61   46.3316
30.58   2205.87   46.9667
30.6   1881.19   43.3726
30.62   1355.9   36.8225
30.64   910.252   30.1704
30.66   611.323   24.725
30.68   427.393   20.6735
30.7   316.018   17.7769
30.72   246.154   15.6893
30.74   199.366   14.1197
30.76   166.142   12.8896
30.78   141.542   11.8971
30.8   122.822   11.0825
30.82   108.304   10.4069
30.84   96.8956   9.84356
30.86   87.8535   9.37302
30.88   80.6642   8.98132
30.9   74.9674   8.65837
30.92   70.5104   8.39705
30.94   67.119   8.19262
30.96   64.6795   8.04236
30.98   63.1285   7.94534
31   62.4477   7.90238
31.02   62.6649   7.91612
31.04   63.8593   7.9912
31.06   66.1739   8.13473
31.08   69.8375   8.35689
31.1   75.2028   8.67195
31.12   82.81   9.1
31.14   93.5084   9.66997
31.16   108.714   10.4266
31.18   131.021   11.4464
31.2   165.572   12.8675
31.22   222.405   14.9133
31.24   318.699   17.8521
31.26   477.427   21.8501
31.28   714.593   26.7319
31.3   989.257   31.4524
31.32   1118.37   33.4421
31.34   961.299   31.0048
31.36   689.522   26.2588
31.38   468.611   21.6474
31.4   328.335   18.12
31.42   252.789   15.8993
31.44   223.967   14.9655
31.46   232.291   15.2411
31.48   274.774   16.5763
31.5   342.091   18.4957
31.52   389.57   19.7375
31.54   355.807   18.8629
31.56   268.308   16.3801
31.58   187.679   13.6996
31.6   131.59   11.4712
31.62   96.2401   9.81021
31.64   74.436   8.62763
31.66   60.4898   7.77752
31.68   50.9548   7.13826
31.7   42.7966   6.54191
31.72   35.7853   5.98208
31.74   31.7582   5.63544
31.76   28.5777   5.34581
31.78   26.0432   5.10326
31.8   24.0223   4.90126
31.82   22.4289   4.73591
31.84   21.2121   4.60566
31.86   20.3536   4.51149
31.88   19.8733   4.45795
31.9   19.8541   4.4558
31.92   20.4924   4.52685
31.94   22.1657   4.70805
31.96   25.4524   5.04503
31.98   30.9595   5.56412
32   38.536   6.20774
32.02   44.2339   6.65086
32.04   44.5805   6.67686
32.06   39.4249   6.27892
32.08   38.2048   6.181
32.1   42.6752   6.53262
32.12   53.8057   7.33524
32.14   69.5894   8.34203
32.16   83.5086   9.1383
32.18   88.6182   9.41372
32.2   78.3645   8.85237
32.22   58.2338   7.6311
32.24   40.1435   6.33589
32.26   27.7163   5.26463
32.28   20.041   4.47672
32.3   15.3107   4.4
32.32   12.32   4.4
32.34   10.2995   4.4
32.36   8.84333   4.4
32.38   7.743   4.4
32.4   6.88377   4.4
32.42   6.19596   4.4
32.44   5.6341   4.4
32.46   5.16713   4.4
32.48   4.77322   4.4
32.5   4.43663   4.4
32.52   4.96503   4.4
32.54   4.73439   4.4
32.56   4.53519   4.4
32.58   4.36237   4.4
32.6   4.21198   4.4
32.62   4.08089   4.4
32.64   3.96661   4.4
32.66   3.86713   4.4
32.68   3.78085   4.4
32.7   3.70644   4.4
32.72   3.64283   4.4
32.74   3.58915   4.4
32.76   3.55255   4.4
32.78   2.4654   4.4
32.8   2.46624   4.4
32.82   2.47385   4.4
32.84   2.48803   4.4
32.86   2.50867   4.4
32.88   2.53573   4.4
32.9   2.56922   4.4
32.92   2.60925   4.4
32.94   2.65597   4.4
32.96   2.7096   4.4
32.98   2.77044   4.4
33   2.52656   4.4
33.02   2.6113   4.4
33.04   2.70431   4.4
33.06   2.80624   4.4
33.08   2.91789   4.4
33.1   3.04019   4.4
33.12   3.17423   4.4
33.14   3.32132   4.4
33.16   3.48303   4.4
33.18   3.66124   4.4
33.2   3.85824   4.4
33.22   4.07688   4.4
33.24   4.32074   4.4
33.26   4.59446   4.4
33.28   4.90416   4.4
33.3   5.25838   4.4
33.32   5.6698   4.4
33.34   6.15945   4.4
33.36   6.76547   4.4
33.38   7.55714   4.4
33.4   8.6457   4.4
33.42   10.17   4.4
33.44   12.2033   4.4
33.46   14.4134   4.4
33.48   15.6924   4.4
33.5   15.5811   4.4
33.52   15.293   4.4
33.54   15.6051   4.4
33.56   16.6782   4.4
33.58   18.5367   4.4
33.6   21.3091   4.61618
33.62   25.3857   5.03842
33.64   33.1727   5.75957
33.66   42.8835   6.54855
33.68   57.8709   7.60729
33.7   78.7822   8.87593
33.72   100.727   10.0363
33.74   109.29   10.4542
33.76   100.645   10.0322
33.78   89.9613   9.48479
33.8   86.7993   9.31661
33.82   93.395   9.66411
33.84   111.446   10.5568
33.86   145.827   12.0759
33.88   206.978   14.3867
33.9   310.992   17.635
33.92   473.255   21.7544
33.94   681.819   26.1117
33.96   828.869   28.7901
33.98   764.337   27.6466
34   561.232   23.6903
34.02   372.674   19.3048
34.04   243.27   15.5971
34.06   163.924   12.8033
34.08   117.011   10.8171
34.1   88.6245   9.41406
34.12   70.4323   8.3924
34.14   58.1809   7.62764
34.16   49.8366   7.0595
34.18   44.3854   6.66224
34.2   41.0985   6.41081
34.22   38.6987   6.22083
34.24   35.2678   5.93867
34.26   30.8086   5.55055
34.28   26.7854   5.17546
34.3   23.7309   4.87143
34.32   21.5298   4.64002
34.34   19.9504   4.46658
34.36   18.8   4.4
34.38   18.0734   4.4
34.4   17.4574   4.4
34.42   17.0264   4.4
34.44   16.7539   4.4
34.46   16.6226   4.4
34.48   16.6217   4.4
34.5   16.745   4.4
34.52   16.9903   4.4
34.54   17.3585   4.4
34.56   17.8541   4.4
34.58   18.4847   4.4
34.6   19.2616   4.4
34.62   20.1999   4.49443
34.64   21.3198   4.61734
34.66   22.8414   4.77927
34.68   24.4144   4.9411
34.7   26.2703   5.12545
34.72   28.4631   5.33508
34.74   31.0626   5.57338
34.76   34.1596   5.84463
34.78   37.9559   6.16083
34.8   42.4491   6.5153
34.82   47.9353   6.92353
34.84   54.7123   7.39677
34.86   63.1993   7.9498
34.88   73.9998   8.60231
34.9   88.0083   9.38128
34.92   106.611   10.3252
34.94   132.112   11.494
34.96   168.794   12.9921
34.98   225.132   15.0044
35   317.512   17.8189
35.02   473.308   21.7556
35.04   727.569   26.9735
35.06   1099.72   33.1621
35.08   1506.59   38.8149
35.1   1648.19   40.5979
35.12   1365.1   36.9473
35.14   949.88   30.8201
35.16   623.122   24.9624
35.18   412.356   20.3065
35.2   287.13   16.9449
35.22   214.297   14.6389
35.24   171.478   13.095
35.26   146.144   12.089
35.28   133.425   11.551
35.3   132.835   11.5254
35.32   147.124   12.1295
35.34   180.736   13.4438
35.36   236.096   15.3654
35.38   292.616   17.106
35.4   300.124   17.3241
35.42   244.069   15.6227
35.44   174.183   13.1979
35.46   121.731   11.0332
35.48   87.7891   9.36958
35.5   67.0311   8.18725
35.52   54.249   7.36539
35.54   45.9672   6.77991
35.56   40.2794   6.34661
35.58   36.2282   6.01899
35.6   33.8258   5.816
35.62   31.821   5.64101
35.64   30.5622   5.52831
35.66   29.9987   5.47711
35.68   30.1628   5.49206
35.7   31.1982   5.58554
35.72   33.4431   5.783
35.74   37.6586   6.13666
35.76   45.2775   6.72886
35.78   58.6022   7.65521
35.8   80.3007   8.96107
35.82   110.834   10.5278
35.84   139.945   11.8299
35.86   142.584   11.9409
35.88   116.278   10.7832
35.9   86.1367   9.28099
35.92   64.6289   8.03921
35.94   52.1144   7.21903
35.96   46.1878   6.79616
35.98   45.1435   6.71889
36   47.3919   6.88418
36.02   53.7314   7.33017
36.04   66.3442   8.14519
36.06   88.5057   9.40774
36.08   124.708   11.1673
36.1   175.774   13.258
36.12   225.277   15.0092
36.14   234.037   15.2983
36.16   201.05   14.1792
36.18   168.102   12.9654
36.2   152.785   12.3606
36.22   143.565   11.9818
36.24   122.195   11.0542
36.26   94.0582   9.69836
36.28   71.4481   8.4527
36.3   56.4601   7.514
36.32   47.5264   6.89394
36.34   42.5909   6.52617
36.36   40.1791   6.3387
36.38   39.4844   6.28366
36.4   40.4137   6.35718
36.42   42.7061   6.53499
36.44   47.0335   6.8581
36.46   54.1617   7.35946
36.48   64.7209   8.04493
36.5   77.8533   8.82345
36.52   87.3779   9.34762
36.54   88.9836   9.43311
36.56   87.4015   9.34887
36.58   93.1088   9.64929
36.6   108.208   10.4023
36.62   135.833   11.6548
36.64   178.607   13.3644
36.66   233.049   15.2659
36.68   277.595   16.6612
36.7   293.261   17.1249
36.72   309.606   17.5956
36.74   368.403   19.1938
36.76   499.643   22.3527
36.78   725.638   26.9377
36.8   1032   32.1248
36.82   1270.96   35.6506
36.84   1204.37   34.704
36.86   909.523   30.1583
36.88   625.245   25.0049
36.9   432.74   20.8024
36.92   323.595   17.9888
36.94   275.962   16.6121
36.96   276.189   16.6189
36.98   321.59   17.9329
37   412.12   20.3007
37.02   523.341   22.8767
37.04   566.46   23.8004
37.06   480.454   21.9193
37.08   347.279   18.6354
37.1   239.69   15.4819
37.12   168.892   12.9958
37.14   125.888   11.22
37.16   100.233   10.0116
37.18   84.5416   9.19465
37.2   74.6574   8.64045
37.22   68.531   8.27834
37.24   65.2768   8.07941
37.26   64.4132   8.02578
37.28   66.0159   8.12502
37.3   70.5051   8.39673
37.32   78.9272   8.8841
37.34   93.4832   9.66867
37.36   119.06   10.9115
37.38   162.956   12.7654
37.4   233.853   15.2923
37.42   333.846   18.2715
37.44   432.632   20.7998
37.46   461.914   21.4922
37.48   425.382   20.6248
37.5   378.241   19.4484
37.52   316.757   17.7977
37.54   238.744   15.4514
37.56   172.637   13.1391
37.58   128.726   11.3457
37.6   103.1   10.1538
37.62   90.1617   9.49535
37.64   86.9873   9.3267
37.66   92.827   9.63468
37.68   109.537   10.466
37.7   139.89   11.8275
37.72   183.359   13.541
37.74   223.399   14.9465
37.76   231.593   15.2182
37.78   219.88   14.8283
37.8   223.343   14.9447
37.82   250.269   15.8199
37.84   274.416   16.5655
37.86   260.946   16.1538
37.88   230.959   15.1973
37.9   222.985   14.9327
37.92   247.77   15.7407
37.94   287.079   16.9434
37.96   289.153   17.0045
37.98   233.778   15.2898
38   165.971   12.883
38.02   114.338   10.6929
38.04   80.8519   8.99177
38.06   60.3478   7.76839
38.08   47.7302   6.90871
38.1   39.7449   6.30436
38.12   34.1622   5.84485
38.14   30.0645   5.48311
38.16   27.3035   5.22528
38.18   25.5165   5.05138
38.2   24.5738   4.95719
38.22   24.1824   4.91756
38.24   23.5474   4.85256
38.26   22.1233   4.70354
38.28   20.5795   4.53646
38.3   18.3579   4.4
38.32   17.9732   4.4
38.34   18.0789   4.4
38.36   18.2864   4.4
38.38   18.2286   4.4
38.4   18.2245   4.4
38.42   18.6123   4.4
38.44   19.6823   4.43648
38.46   21.6606   4.6541
38.48   24.7692   4.97687
38.5   28.4127   5.33035
38.52   32.1889   5.67352
38.54   33.4882   5.7869
38.56   33.4132   5.78042
38.58   34.7099   5.89151
38.6   38.9526   6.2412
38.62   47.2775   6.87586
38.64   60.641   7.78723
38.66   78.2045   8.84333
38.68   92.6173   9.62379
38.7   93.2794   9.65812
38.72   85.335   9.23769
38.74   80.2903   8.96049
38.76   82.3276   9.07345
38.78   92.3419   9.60947
38.8   112.16   10.5906
38.82   145.92   12.0797
38.84   203.798   14.2758
38.86   302.315   17.3872
38.88   461.004   21.471
38.9   683.84   26.1503
38.92   904.307   30.0717
38.94   951.967   30.854
38.96   770.871   27.7646
38.98   531.257   23.049
39   346.71   18.6201
39.02   228.3   15.1096
39.04   157.358   12.5443
39.06   115.01   10.7243
39.08   88.4736   9.40604
39.1   70.6753   8.40686
39.12   58.0451   7.61873
39.14   48.7402   6.98142
39.16   41.7159   6.45878
39.18   36.3239   6.02693
39.2   32.2145   5.67578
39.22   28.8011   5.36667
39.24   26.2718   5.1256
39.26   24.3373   4.93328
39.28   22.9119   4.78663
39.3   21.9468   4.68474
39.32   21.2428   4.60899
39.34   21.1912   4.60339
39.36   21.6652   4.65459
39.38   22.7892   4.7738
39.4   24.7974   4.9797
39.42   27.9101   5.28301
39.44   33.5468   5.79196
39.46   43.2745   6.57834
39.48   60.0965   7.75219
39.5   87.7789   9.36904
39.52   128.122   11.3191
39.54   171.018   13.0774
39.56   183.291   13.5385
39.58   150.789   12.2796
39.6   106.227   10.3066
39.62   71.819   8.47461
39.64   49.8368   7.05952
39.66   36.9174   6.07597
39.68   29.5859   5.43929
39.7   25.5387   5.05358
39.72   23.6668   4.86486
39.74   23.7194   4.87026
39.76   26.0757   5.10644
39.78   31.635   5.6245
39.8   40.6614   6.37663
39.82   51.3883   7.16856
39.84   56.1899   7.49599
39.86   49.0203   7.00145
39.88   37.4007   6.11561
39.9   28.0675   5.29788
39.92   22.1307   4.70432
39.94   18.8234   4.4
39.96   17.7076   4.4
39.98   17.2648   4.4
40   17.6599   4.4
40.02   18.8834   4.4
40.04   21.0325   4.58612
40.06   24.2301   4.92241
40.08   28.3423   5.32375
40.1   33.134   5.75622
40.12   39.895   6.31625
40.14   51.7049   7.19061
40.16   72.7026   8.52658
40.18   108.129   10.3985
40.2   161.268   12.6991
40.22   222.18   14.9057
40.24   248.944   15.778
40.26   211.63   14.5475
40.28   149.837   12.2408
40.3   99.5852   9.97924
40.32   66.7111   8.16768
40.34   46.9882   6.85479
40.36   35.397   5.94954
40.38   28.2516   5.31523
40.4   22.9514   4.79076
40.42   20.1713   4.49125
40.44   18.3027   4.4
40.46   17.2476   4.4
40.48   16.9214   4.4
40.5   17.3793   4.4
40.52   18.8826   4.4
40.54   22.0438   4.69508
40.56   27.9795   5.28957
40.58   38.2574   6.18526
40.6   53.9988   7.34839
40.62   72.7763   8.5309
40.64   82.4597   9.08073
40.66   72.3036   8.50315
40.68   53.2587   7.29785
40.7   37.3083   6.10805
40.72   26.7932   5.17621
40.74   20.5101   4.52881
40.76   16.8885   4.4
40.78   14.793   4.4
40.8   13.5423   4.4
40.82   12.815   4.4
40.84   12.4469   4.4
40.86   12.3756   4.4
40.88   12.5108   4.4
40.9   12.8526   4.4
40.92   13.3958   4.4
40.94   14.149   4.4
40.96   15.1338   4.4
40.98   16.3928   4.4
41   17.9692   4.4
41.02   19.778   4.44725
41.04   22.3032   4.72262
41.06   25.4901   5.04877
41.08   29.6156   5.44202
41.1   35.0851   5.92327
41.12   42.6065   6.52736
41.14   54.3443   7.37186
41.16   71.1702   8.43625
41.18   98.2026   9.90972
41.2   141.508   11.8957
41.22   206.212   14.3601
41.24   285.543   16.898
41.26   348.44   18.6665
41.28   363.358   19.0619
41.3   328.421   18.1224
41.32   288.655   16.9898
41.34   287.458   16.9546
41.36   339.655   18.4297
41.38   434.02   20.8331
41.4   506.176   22.4983
41.42   465.15   21.5673
41.44   345.364   18.584
41.46   233.627   15.2849
41.48   156.509   12.5103
41.5   108.628   10.4225
41.52   79.9465   8.94128
41.54   62.3386   7.89548
41.56   50.8739   7.13259
41.58   42.9706   6.55519
41.6   37.3367   6.11037
41.62   33.2732   5.76829
41.64   30.378   5.51162
41.66   28.413   5.33038
41.68   27.2494   5.22009
41.7   26.611   5.15859
41.72   27.0261   5.19867
41.74   28.4338   5.33233
41.76   31.2584   5.59093
41.78   36.4354   6.03618
41.8   45.6509   6.75655
41.82   61.8391   7.86378
41.84   87.7347   9.36668
41.86   123.646   11.1196
41.88   156.381   12.5052
41.9   156.761   12.5204
41.92   125.132   11.1863
41.94   91.0697   9.54304
41.96   68.1048   8.25256
41.98   56.4609   7.51405
42   52.6243   7.25426
42.02   50.7803   7.12603
42.04   45.4503   6.74169
42.06   38.1224   6.17434
42.08   32.2415   5.67816
42.1   28.5357   5.34188
42.12   26.8156   5.17838
42.14   26.6127   5.15875
42.16   27.7775   5.27044
42.18   30.437   5.51697
42.2   34.8268   5.90142
42.22   40.6623   6.3767
42.24   46.2955   6.80408
42.26   51.5963   7.18306
42.28   56.7189   7.5312
42.3   59.9895   7.74529
42.32   58.9061   7.67503
42.34   57.192   7.56254
42.36   58.468   7.64644
42.38   63.7675   7.98546
42.4   73.3547   8.56474
42.42   87.2932   9.34308
42.44   106.273   10.3089
42.46   134.051   11.578
42.48   176.775   13.2957
42.5   241.671   15.5458
42.52   342.672   18.5114
42.54   500.474   22.3713
42.56   710.104   26.6478
42.58   871.629   29.5234
42.6   826.182   28.7434
42.62   631.745   25.1345
42.64   449.963   21.2123
42.66   333.955   18.2744
42.68   275.145   16.5875
42.7   253.043   15.9073
42.72   261.338   16.166
42.74   307.432   17.5338
42.76   392.598   19.8141
42.78   480.795   21.927
42.8   485.863   22.0423
42.82   396.235   19.9057
42.84   298.036   17.2637
42.86   237.357   15.4064
42.88   217.636   14.7525
42.9   227.529   15.0841
42.92   235.189   15.3359
42.94   206.84   14.3819
42.96   157.338   12.5435
42.98   114.56   10.7033
43   85.3606   9.23908
43.02   67.2156   8.19851
43.04   56.4029   7.51019
43.06   50.146   7.08139
43.08   46.8996   6.84833
43.1   46.0795   6.78819
43.12   47.8386   6.91655
43.14   53.1199   7.28834
43.16   63.9166   7.99478
43.18   83.3315   9.12861
43.2   114.473   10.6992
43.22   155.442   12.4676
43.24   194.985   13.9637
43.26   206.596   14.3734
43.28   173.863   13.1857
43.3   126.021   11.2259
43.32   88.0747   9.38481
43.34   63.5317   7.97068
43.36   48.9748   6.9982
43.38   40.483   6.36262
43.4   35.7072   5.97555
43.42   33.0484   5.74877
43.44   31.8019   5.63931
43.46   31.6577   5.62652
43.48   32.5117   5.70191
43.5   34.3738   5.86292
43.52   37.4407   6.11888
43.54   41.9982   6.4806
43.56   48.5879   6.9705
43.58   58.1878   7.62809
43.6   72.7011   8.5265
43.62   96.0529   9.80066
43.64   135.203   11.6277
43.66   201.378   14.1908
43.68   306.927   17.5193
43.7   451.879   21.2574
43.72   581.476   24.1138
43.74   577.847   24.0385
43.76   444.931   21.0934
43.78   300.784   17.3431
43.8   196.73   14.0261
43.82   131.621   11.4726
43.84   93.0159   9.64448
43.86   69.9424   8.36316
43.88   55.4365   7.44557
43.9   45.8238   6.76932
43.92   39.3789   6.27526
43.94   35.3685   5.94714
43.96   33.6166   5.79798
43.98   34.3361   5.8597
44   37.7052   6.14045
44.02   41.8154   6.46648
44.04   42.5528   6.52325
44.06   37.4883   6.12277
44.08   32.7774   5.72516
44.1   29.5293   5.43409
44.12   25.9223   5.09139
44.14   21.4533   4.63177
44.16   17.5395   4.4
44.18   14.7037   4.4
44.2   12.8345   4.4
44.22   11.6034   4.4
44.24   10.7813   4.4
44.26   10.2247   4.4
44.28   9.45453   4.4
44.3   9.24343   4.4
44.32   9.16096   4.4
44.34   9.28358   4.4
44.36   9.45054   4.4
44.38   9.75376   4.4
44.4   10.0581   4.4
44.42   10.713   4.4
44.44   11.9104   4.4
44.46   13.1322   4.4
44.48   14.7894   4.4
44.5   17.0724   4.4
44.52   20.3169   4.50743
44.54   25.1732   5.01729
44.56   32.9362   5.739
44.58   45.9635   6.77964
44.6   67.7686   8.23217
44.62   101.931   10.0961
44.64   146.742   12.1137
44.66   181.428   13.4695
44.68   171.949   13.1129
44.7   129.399   11.3754
44.72   87.8507   9.37287
44.74   59.1101   7.68831
44.76   41.5217   6.44373
44.78   31.4073   5.60423
44.8   25.4565   5.04545
44.82   21.8859   4.67823
44.84   19.7299   4.44183
44.86   18.5283   4.4
44.88   18.0719   4.4
44.9   18.2915   4.4
44.92   19.2308   4.4
44.94   21.0851   4.59185
44.96   24.322   4.93173
44.98   29.9604   5.47361
45   39.5198   6.28648
45.02   55.2179   7.43087
45.04   78.4162   8.85529
45.06   104.673   10.231
45.08   116.404   10.7891
45.1   102.904   10.1441
45.12   82.0288   9.05697
45.14   69.1418   8.31515
45.16   67.6631   8.22576
45.18   76.0796   8.72236
45.2   87.2649   9.34157
45.22   86.5707   9.30434
45.24   72.9492   8.54103
45.26   58.1216   7.62375
45.28   48.5279   6.9662
45.3   44.5039   6.67112
45.32   45.1618   6.72025
45.34   50.1698   7.08306
45.36   60.5458   7.78112
45.38   79.3062   8.9054
45.4   111.811   10.5741
45.42   164.723   12.8344
45.44   240.285   15.5011
45.46   317.952   17.8312
45.48   344.837   18.5698
45.5   303.068   17.4088
45.52   239.166   15.465
45.54   185.943   13.6361
45.56   140.805   11.8661
45.58   103.458   10.1714
45.6   77.6154   8.80996
45.62   61.7834   7.86024
45.64   52.9551   7.27702
45.66   48.9345   6.99532
45.68   48.6055   6.97176
45.7   51.8988   7.20408
45.72   59.8109   7.73375
45.74   74.424   8.62693
45.76   98.6171   9.93062
45.78   134.218   11.5852
45.8   175.865   13.2614
45.82   213.281   14.6041
45.84   256.335   16.0105
45.86   312.85   17.6876
45.88   341.431   18.4778
45.9   295.296   17.1842
45.92   214.694   14.6524
45.94   148.096   12.1695
45.96   105.529   10.2727
45.98   82.7074   9.09436
46   74.2078   8.6144
46.02   76.1973   8.72911
46.04   84.5259   9.1938
46.06   89.4758   9.45917
46.08   81.6221   9.03449
46.1   68.095   8.25197
46.12   59.0119   7.68192
46.14   57.7919   7.6021
46.16   66.1988   8.13626
46.18   85.0875   9.22429
46.2   112.197   10.5923
46.22   132.686   11.5189
46.24   124.529   11.1593
46.26   96.0221   9.79909
46.28   69.2352   8.32077
46.3   51.575   7.18157
46.32   42.524   6.52104
46.34   40.5271   6.36609
46.36   44.8468   6.69677
46.38   55.1881   7.42887
46.4   68.7652   8.29248
46.42   75.0778   8.66474
46.44   65.4096   8.08762
46.46   48.9927   6.99948
46.48   35.4784   5.95637
46.5   26.6586   5.1632
46.52   21.529   4.63994
46.54   18.7475   4.4
46.56   17.6787   4.4
46.58   17.9082   4.4
46.6   19.6252   4.43004
46.62   24.3697   4.93656
46.64   31.7935   5.63857
46.66   44.0648   6.63813
46.68   60.9209   7.80519
46.7   75.1622   8.66961
46.72   73.1431   8.55237
46.74   56.8371   7.53904
46.76   40.0001   6.32457
46.78   28.0251   5.29387
46.8   20.5765   4.53614
46.82   16.1742   4.4
46.84   13.7537   4.4
46.86   12.1299   4.4
46.88   11.684   4.4
46.9   11.0152   4.4
46.92   10.6049   4.4
46.94   10.3933   4.4
46.96   10.0409   4.4
46.98   10.1479   4.4
47   10.3944   4.4
47.02   10.7323   4.4
47.04   11.2783   4.4
47.06   12.0027   4.4
47.08   12.9418   4.4
47.1   14.149   4.4
47.12   15.703   4.4
47.14   17.7207   4.4
47.16   20.3793   4.51435
47.18   23.962   4.8951
47.2   28.9605   5.3815
47.22   36.3181   6.02645
47.24   47.9127   6.9219
47.26   67.2123   8.19831
47.28   99.4504   9.97248
47.3   150.511   12.2683
47.32   219.53   14.8165
47.34   278.406   16.6855
47.36   274.11   16.5563
47.38   212.67   14.5832
47.4   146.137   12.0887
47.42   97.5321   9.87583
47.44   66.9822   8.18427
47.46   48.898   6.99271
47.48   38.1589   6.17729
47.5   31.4841   5.61107
47.52   27.0563   5.20156
47.54   24.112   4.9104
47.56   22.0912   4.70012
47.58   20.7431   4.55446
47.6   19.903   4.46128
47.62   19.4664   4.41207
47.64   19.3679   4.4009
47.66   19.5688   4.42367
47.68   20.0504   4.47777
47.7   20.6982   4.54953
47.72   21.7509   4.66379
47.74   23.1204   4.80836
47.76   24.8501   4.98499
47.78   27.0039   5.19652
47.8   29.672   5.4472
47.82   33.9923   5.8303
47.84   38.1496   6.17653
47.86   43.3819   6.58649
47.88   49.9999   7.07106
47.9   58.6819   7.66041
47.92   70.2474   8.38137
47.94   86.2178   9.28535
47.96   109.497   10.4641
47.98   145.854   12.077
48   205.928   14.3502
48.02   305.999   17.4928
48.04   463.57   21.5307
48.06   676.111   26.0021
48.08   858.053   29.2925
48.1   842.761   29.0303
48.12   654.369   25.5806
48.14   461.098   21.4732
48.16   329.434   18.1503
48.18   257.465   16.0457
48.2   230.585   15.185
48.22   240.168   15.4974
48.24   284.581   16.8695
48.26   361.599   19.0158
48.28   450.887   21.2341
48.3   531.265   23.0492
48.32   627.844   25.0568
48.34   722.546   26.8802
48.36   697.655   26.4132
48.38   540.446   23.2475
48.4   371.881   19.2842
48.42   249.37   15.7915
48.44   171.671   13.1023
48.46   124.651   11.1647
48.48   95.7947   9.78748
48.5   77.5903   8.80854
48.52   64.7557   8.04709
48.54   55.3069   7.43686
48.56   48.2077   6.94318
48.58   42.7643   6.53944
48.6   38.5344   6.20761
48.62   35.6497   5.97073
48.64   33.6067   5.79712
48.66   31.6131   5.62255
48.68   30.0996   5.48631
48.7   29.0028   5.38542
48.72   28.2872   5.31857
48.74   27.9466   5.28646
48.76   28.0155   5.29297
48.78   28.5961   5.34753
48.8   29.8944   5.46758
48.82   32.2319   5.67731
48.84   35.7074   5.97557
48.86   40.7688   6.38505
48.88   46.4464   6.81516
48.9   48.4416   6.96
48.92   48.9609   6.99721
48.94   51.3024   7.16257
48.96   56.028   7.48518
48.98   60.3056   7.76567
49   61.1442   7.81948
49.02   60.9681   7.80821
49.04   63.0203   7.93853
49.06   68.4669   8.27447
49.08   77.7095   8.8153
49.1   91.5137   9.56628
49.12   111.979   10.582
49.14   143.485   11.9785
49.16   194.876   13.9598
49.18   281.607   16.7811
49.2   424.881   20.6126
49.22   641.021   25.3184
49.24   898.776   29.9796
49.26   1036.8   32.1994
49.28   906.22   30.1035
49.3   651.917   25.5327
49.32   436.804   20.8999
49.34   294.979   17.175
49.36   210.721   14.5162
49.38   163.11   12.7715
49.4   137.144   11.7109
49.42   124.817   11.1722
49.44   122.936   11.0877
49.46   130.475   11.4225
49.48   145.23   12.0511
49.5   160.888   12.6842
49.52   177.917   13.3386
49.54   210.764   14.5177
49.56   268.486   16.3855
49.58   335.629   18.3202
49.6   359.619   18.9636
49.62   308.775   17.572
49.64   234.647   15.3182
49.66   178.538   13.3618
49.68   146.752   12.1141
49.7   136.975   11.7036
49.72   142.652   11.9437
49.74   163.455   12.785
49.76   196.456   14.0163
49.78   226.422   15.0473
49.8   233.211   15.2712
49.82   228.624   15.1203
49.84   234.956   15.3283
49.86   262.034   16.1875
49.88   320.803   17.911
49.9   429.581   20.7263
49.92   596.371   24.4207
49.94   780.308   27.934
49.96   853.702   29.2182
49.98   772.049   27.7858
50   675.523   25.9908
50.02   665.924   25.8055
50.04   755.559   27.4874
50.06   883.696   29.727
50.08   956.98   30.9351
50.1   947.102   30.775
50.12   817.833   28.5978
50.14   615.511   24.8095
50.16   443.632   21.0626
50.18   332.234   18.2273
50.2   271.256   16.4698
50.22   246.931   15.714
50.24   252.435   15.8882
50.26   290.856   17.0545
50.28   374.594   19.3544
50.3   520.582   22.8163
50.32   730.456   27.0269
50.34   929.246   30.4835
50.36   938.972   30.6426
50.38   746.128   27.3153
50.4   528.796   22.9956
50.42   374.029   19.3398
50.44   285.129   16.8858
50.46   247.068   15.7184
50.48   245.745   15.6763
50.5   267.105   16.3434
50.52   283.197   16.8285
50.54   263.782   16.2414
50.56   221.87   14.8953
50.58   186.964   13.6735
50.6   169.585   13.0225
50.62   170.74   13.0668
50.64   192.521   13.8752
50.66   242.5   15.5724
50.68   333.779   18.2696
50.7   479.11   21.8886
50.72   664.051   25.7692
50.74   788.666   28.0832
50.76   721.515   26.861
50.78   537.721   23.1888
50.8   371.587   19.2766
50.82   259.499   16.109
50.84   192.49   13.8741
50.86   154.901   12.4459
50.88   134.766   11.6089
50.9   124.93   11.1772
50.92   122.204   11.0546
50.94   125.609   11.2076
50.96   135.002   11.6191
50.98   151.994   12.3286
51   179.509   13.3981
51.02   223.351   14.9449
51.04   294.775   17.169
51.06   412.057   20.2992
51.08   600.225   24.4995
51.1   887.24   29.7866
51.12   1264.9   35.5654
51.14   1556.16   39.4482
51.16   1468.01   38.3146
51.18   1097.45   33.1278
51.2   737.853   27.1634
51.22   486.036   22.0462
51.24   328.493   18.1244
51.26   233.771   15.2896
51.28   176.021   13.2673
51.3   138.672   11.7759
51.32   112.927   10.6267
51.34   94.2722   9.70939
51.36   80.3362   8.96305
51.38   69.6654   8.34658
51.4   61.3544   7.83291
51.42   54.6587   7.39315
51.44   48.9467   6.9962
51.46   44.8398   6.69625
51.48   41.6631   6.45469
51.5   39.2064   6.2615
51.52   37.4553   6.12008
51.54   36.0086   6.00072
51.56   35.7995   5.98327
51.58   36.1885   6.01569
51.6   38.8014   6.22908
51.62   44.2741   6.65388
51.64   54.0763   7.35366
51.66   69.2758   8.32321
51.68   87.2654   9.3416
51.7   96.1303   9.8046
51.72   86.498   9.30043
51.74   69.5982   8.34255
51.76   56.5987   7.52321
51.78   49.8695   7.06183
51.8   49.1236   7.00882
51.82   54.2584   7.36603
51.84   65.6259   8.10098
51.86   86.0135   9.27434
51.88   111.625   10.5653
51.9   128.415   11.332
51.92   122.033   11.0469
51.94   104.73   10.2338
51.96   89.1112   9.43987
51.98   77.1455   8.78325
52   71.3177   8.44498
52.02   73.011   8.54465
52.04   83.9979   9.16504
52.06   106.963   10.3423
52.08   145.715   12.0713
52.1   199.315   14.1179
52.12   253.768   15.9301
52.14   294.604   17.164
52.16   311.176   17.6402
52.18   276.674   16.6335
52.2   210.993   14.5256
52.22   154.448   12.4277
52.24   120.312   10.9687
52.26   105.745   10.2832
52.28   107.918   10.3884
52.3   126.588   11.2511
52.32   162.659   12.7538
52.34   210.507   14.5089
52.36   249.282   15.7887
52.38   256.682   16.0213
52.4   223.194   14.9397
52.42   171.61   13.1
52.44   130.253   11.4128
52.46   105.743   10.2832
52.48   95.1588   9.75494
52.5   95.4529   9.77
52.52   105.906   10.2911
52.54   129.082   11.3614
52.56   172.039   13.1164
52.58   245.284   15.6615
52.6   356.961   18.8934
52.62   496.654   22.2857
52.64   616.878   24.837
52.66   611.359   24.7257
52.68   475.809   21.8131
52.7   325.842   18.0511
52.72   216.767   14.723
52.74   148.394   12.1817
52.76   108.033   10.3939
52.78   84.3621   9.18489
52.8   70.2429   8.3811
52.82   62.1362   7.88265
52.84   58.7727   7.66634
52.86   60.0815   7.75123
52.88   66.1674   8.13433
52.9   75.0484   8.66305
52.92   79.2177   8.90043
52.94   71.5719   8.46002
52.96   59.3329   7.70278
52.98   49.6384   7.04545
53   43.8075   6.61873
53.02   41.1133   6.41196
53.04   40.6708   6.37737
53.06   41.9148   6.47416
53.08   44.6542   6.68238
53.1   49.0194   7.00139
53.12   55.4651   7.44749
53.14   64.9286   8.05783
53.16   79.1289   8.89544
53.18   101.4   10.0697
53.2   136.71   11.6923
53.22   191.438   13.8361
53.24   268.322   16.3805
53.26   357.198   18.8997
53.28   445.268   21.1014
53.3   517.253   22.7432
53.32   543.295   23.3087
53.34   509.567   22.5736
53.36   453.109   21.2864
53.38   430.709   20.7535
53.4   437.881   20.9256
53.42   428.963   20.7114
53.44   408.128   20.2022
53.46   401.291   20.0323
53.48   387.193   19.6772
53.5   355.829   18.8634
53.52   312.806   17.6863
53.54   247.45   15.7305
53.56   178.829   13.3727
53.58   126.959   11.2676
53.6   92.8653   9.63667
53.62   71.3423   8.44644
53.64   57.421   7.57766
53.66   48.3552   6.95379
53.68   42.1164   6.48972
53.7   37.7554   6.14454
53.72   34.8876   5.90657
53.74   32.8831   5.73438
53.76   31.6715   5.62774
53.78   31.3691   5.60082
53.8   32.6169   5.71112
53.82   35.3407   5.94481
53.84   40.8503   6.39143
53.86   50.9397   7.13721
53.88   67.9716   8.24449
53.9   92.5354   9.61953
53.92   117.83   10.855
53.94   128.007   11.314
53.96   123.208   11.0999
53.98   113.648   10.6606
54   95.6355   9.77934
54.02   72.5965   8.52036
54.04   53.8901   7.34099
54.06   41.6838   6.4563
54.08   34.5213   5.87549
54.1   30.6307   5.5345
54.12   28.9121   5.377
54.14   28.1181   5.30265
54.16   29.1051   5.39492
54.18   31.3506   5.59916
54.2   35.1626   5.92981
54.22   41.1899   6.41794
54.24   50.8239   7.12909
54.26   66.9237   8.18069
54.28   94.4787   9.72002
54.3   140.402   11.8491
54.32   210.199   14.4982
54.34   294.461   17.1599
54.36   341.572   18.4817
54.38   300.61   17.3381
54.4   216.709   14.721
54.42   144.965   12.0402
54.44   97.2036   9.85919
54.46   68.3988   8.27036
54.48   51.5657   7.18093
54.5   41.5496   6.4459
54.52   35.4059   5.95028
54.54   31.7823   5.63758
54.56   29.9841   5.47577
54.58   29.8495   5.46347
54.6   31.0971   5.57647
54.62   32.6877   5.71731
54.64   33.4232   5.78128
54.66   34.5434   5.87736
54.68   38.0612   6.16938
54.7   44.2437   6.65159
54.72   50.0451   7.07426
54.74   50.4112   7.10009
54.76   46.5141   6.82013
54.78   44.2125   6.64925
54.8   45.8945   6.77455
54.82   52.6132   7.2535
54.84   66.91   8.17985
54.86   91.6893   9.57545
54.88   129.42   11.3763
54.9   176.351   13.2797
54.92   209.056   14.4588
54.94   209.831   14.4855
54.96   203.613   14.2693
54.98   207.193   14.3942
55   200.578   14.1626
55.02   170.402   13.0538
55.04   138.673   11.776
55.06   120.355   10.9707
55.08   115.536   10.7487
55.1   124.191   11.1441
55.12   150.236   12.2571
55.14   194.513   13.9468
55.16   244.328   15.631
55.18   279.852   16.7288
55.2   315.068   17.7502
55.22   362.756   19.0462
55.24   375.449   19.3765
55.26   311.5   17.6494
55.28   220.311   14.8429
55.3   147.643   12.1508
55.32   99.9197   9.99598
55.34   70.7606   8.41193
55.36   53.0755   7.2853
55.38   41.8747   6.47106
55.4   34.3159   5.85798
55.42   28.864   5.37252
55.44   24.9326   4.99325
55.46   21.9746   4.6877
55.48   19.8575   4.45617
55.5   18.4008   4.4
55.52   17.5789   4.4
55.54   17.4929   4.4
55.56   18.4191   4.4
55.58   20.8354   4.56458
55.6   25.3101   5.03092
55.62   31.8635   5.64478
55.64   38.2864   6.1876
55.66   41.2139   6.4198
55.68   40.8231   6.38929
55.7   36.4745   6.03941
55.72   28.8819   5.37419
55.74   21.9704   4.68726
55.76   17.325   4.4
55.78   14.6701   4.4
55.8   13.3912   4.4
55.82   12.6295   4.4
55.84   12.784   4.4
55.86   13.681   4.4
55.88   15.6763   4.4
55.9   19.2777   4.4
55.92   25.1604   5.01601
55.94   34.4108   5.86607
55.96   47.7812   6.91239
55.98   61.5419   7.84487
56   64.4028   8.02513
56.02   53.2838   7.29958
56.04   39.593   6.2923
56.06   30.2086   5.49623
56.08   26.0844   5.10729
56.1   26.7523   5.17226
56.12   31.7127   5.63141
56.14   39.3562   6.27345
56.16   44.0994   6.64074
56.18   40.2628   6.3453
56.2   32.3781   5.69018
56.22   26.8651   5.18315
56.24   25.736   5.07307
56.26   29.1623   5.40021
56.28   36.0199   6.00166
56.3   41.4546   6.43853
56.32   38.446   6.20048
56.34   29.1367   5.39784
56.36   20.3158   4.5073
56.38   13.9906   4.4
56.4   10.1076   4.4
56.42   7.73132   4.4
56.44   6.22975   4.4
56.46   5.28603   4.4
56.48   4.56416   4.4
56.5   4.02128   4.4
56.52   3.60042   4.4
56.54   3.26706   4.4
56.56   2.98595   4.4
56.58   2.76766   4.4
56.6   2.58839   4.4
56.62   2.44058   4.4
56.64   2.18808   4.4
56.66   2.34599   4.4
56.68   2.27708   4.4
56.7   1.91357   4.4
56.72   2.13943   4.4
56.74   2.1444   4.4
56.76   2.17502   4.4
56.78   2.24228   4.4
56.8   2.36883   4.4
56.82   2.59505   4.4
56.84   2.9774   4.4
56.86   3.56183   4.4
56.88   4.27512   4.4
56.9   4.69968   4.4
56.92   4.40763   4.4
56.94   3.75961   4.4
56.96   3.21238   4.4
56.98   2.87017   4.4
57   2.69355   4.4
57.02   2.62621   4.4
57.04   2.62709   4.4
57.06   2.67395   4.4
57.08   2.75827   4.4
57.1   2.88044   4.4
57.12   3.0307   4.4
57.14   3.39747   4.4
57.16   3.7536   4.4
57.18   4.27518   4.4
57.2   5.1134   4.4
57.22   6.33455   4.4
57.24   7.79562   4.4
57.26   8.71134   4.4
57.28   8.30454   4.4
57.3   7.24758   4.4
57.32   6.39863   4.4
57.34   6.26507   4.4
57.36   6.18517   4.4
57.38   6.39304   4.4
57.4   6.79051   4.4
57.42   7.4282   4.4
57.44   8.39251   4.4
57.46   10.1942   4.4
57.48   12.3875   4.4
57.5   15.4973   4.4
57.52   18.7915   4.4
57.54   20.2009   4.49454
57.56   19.0311   4.4
57.58   17.3891   4.4
57.6   16.6779   4.4
57.62   16.9898   4.4
57.64   18.355   4.4
57.66   20.7701   4.55742
57.68   24.5586   4.95567
57.7   30.5007   5.52274
57.72   39.9189   6.31814
57.74   54.4335   7.37791
57.76   74.6723   8.64132
57.78   95.8599   9.79081
57.8   105.515   10.2721
57.82   103.559   10.1764
57.84   106.664   10.3278
57.86   126.423   11.2438
57.88   165.962   12.8826
57.9   215.135   14.6675
57.92   236.978   15.3941
57.94   207.319   14.3986
57.96   160.702   12.6768
57.98   126.831   11.2619
58   112.061   10.5859
58.02   115.939   10.7675
58.04   139.953   11.8302
58.06   188.911   13.7445
58.08   267.2   16.3463
58.1   362.573   19.0413
58.12   428.508   20.7004
58.14   439.62   20.9671
58.16   403.804   20.0949
58.18   317.958   17.8314
58.2   222.681   14.9225
58.22   151.232   12.2976
58.24   105.486   10.2706
58.26   77.669   8.813
58.28   60.8087   7.79799
58.3   50.2356   7.08771
58.32   43.3556   6.5845
58.34   38.8561   6.23347
58.36   36.0589   6.0049
58.38   34.5111   5.87462
58.4   33.7032   5.80544
58.42   33.3844   5.77793
58.44   33.8991   5.8223
58.46   35.6815   5.9734
58.48   39.2359   6.26386
58.5   45.53   6.74759
58.52   56.3821   7.5088
58.54   74.5603   8.63483
58.56   102.92   10.145
58.58   140.489   11.8528
58.6   171.566   13.0983
58.62   169.774   13.0297
58.64   143.596   11.9832
58.66   121.253   11.0115
58.68   114.538   10.7022
58.7   126.85   11.2628
58.72   161.839   12.7216
58.74   223.746   14.9581
58.76   308.346   17.5598
58.78   377.616   19.4323
58.8   376.641   19.4072
58.82   330.976   18.1928
58.84   299.616   17.3094
58.86   308.245   17.5569
58.88   351.722   18.7543
58.9   384.145   19.5996
58.92   347.226   18.634
58.94   263.491   16.2324
58.96   187.56   13.6953
58.98   137.772   11.7376
59   111.36   10.5527
59.02   100.359   10.0179
59.04   93.604   9.67491
59.06   81.7051   9.03909
59.08   67.5563   8.21927
59.1   56.6704   7.52797
59.12   50.1687   7.08299
59.14   47.494   6.89159
59.16   48.1891   6.94183
59.18   52.5631   7.25004
59.2   62.1014   7.88044
59.22   79.6066   8.92225
59.24   108.531   10.4178
59.26   149.765   12.2378
59.28   190.767   13.8118
59.3   201.941   14.2106
59.32   180.666   13.4412
59.34   158.51   12.5901
59.36   157.739   12.5594
59.38   185.425   13.6171
59.4   238.33   15.4379
59.42   288.008   16.9708
59.44   286.348   16.9218
59.46   234.46   15.3121
59.48   170.419   13.0545
59.5   119.324   10.9235
59.52   86.6042   9.30614
59.54   68.3782   8.26911
59.56   59.5026   7.71379
59.58   55.4209   7.44452
59.6   53.4274   7.3094
59.62   55.6405   7.45926
59.64   65.1915   8.07412
59.66   82.9606   9.10827
59.68   104.001   10.1981
59.7   110.798   10.5261
59.72   93.2712   9.6577
59.74   67.9504   8.2432
59.76   47.8575   6.91791
59.78   34.6848   5.88938
59.8   26.6463   5.162
59.82   21.7764   4.66652
59.84   18.7055   4.4
59.86   16.6622   4.4
59.88   15.2611   4.4
59.9   14.518   4.4
59.92   13.9048   4.4
59.94   13.5713   4.4
59.96   13.489   4.4
59.98   13.6521   4.4
60   14.0763   4.4
60.02   14.8014   4.4
60.04   15.9001   4.4
60.06   17.496   4.4
60.08   19.7024   4.43874
60.1   23.2269   4.81943
60.12   28.7844   5.36511
60.14   37.7771   6.14631
60.16   52.3411   7.23471
60.18   73.1717   8.55405
60.2   97.4366   9.871
60.22   113.024   10.6313
60.24   116.148   10.7772
60.26   123.455   11.111
60.28   146.197   12.0912
60.3   173.946   13.1889
60.32   174.933   13.2262
60.34   141.527   11.8965
60.36   102.189   10.1088
60.38   72.4054   8.50913
60.4   52.4329   7.24105
60.42   40.3215   6.34992
60.44   33.3666   5.77639
60.46   29.537   5.4348
60.48   27.6753   5.26073
60.5   27.1903   5.21443
60.52   27.9549   5.28724
60.54   29.9663   5.47415
60.56   33.539   5.79129
60.58   39.2295   6.26335
60.6   48.3282   6.95185
60.62   63.4781   7.96731
60.64   89.3237   9.45112
60.66   132.325   11.5032
60.68   197.708   14.0609
60.7   277.195   16.6492
60.72   325.214   18.0337
60.74   293.75   17.1391
60.76   218.287   14.7745
60.78   151.681   12.3159
60.8   108.987   10.4397
60.82   86.5462   9.30302
60.84   77.1045   8.78092
60.86   75.0132   8.66102
60.88   73.8147   8.59155
60.9   65.7043   8.10582
60.92   53.6857   7.32706
60.94   44.3694   6.66104
60.96   39.9055   6.31708
60.98   39.8944   6.3162
61   43.6052   6.60342
61.02   48.9281   6.99486
61.04   49.9977   7.07091
61.06   43.8309   6.62049
61.08   35.8375   5.98644
61.1   29.9978   5.47702
61.12   26.7772   5.17466
61.14   25.6457   5.06416
61.16   26.003   5.09932
61.18   27.814   5.2739
61.2   31.1228   5.57878
61.22   36.5465   6.04537
61.24   45.4966   6.74511
61.26   60.6494   7.78777
61.28   86.1139   9.27976
61.3   126.246   11.2359
61.32   180.118   13.4208
61.34   225.883   15.0294
61.36   222.944   14.9313
61.38   176.13   13.2714
61.4   126.588   11.2512
61.42   92.2699   9.60572
61.44   72.8106   8.53292
61.46   64.2021   8.01262
61.48   63.3834   7.96137
61.5   69.5566   8.34006
61.52   84.6296   9.19944
61.54   113.23   10.641
61.56   161.534   12.7096
61.58   232.177   15.2374
61.6   306.016   17.4933
61.62   325.055   18.0293
61.64   268.993   16.401
61.66   195.608   13.986
61.68   141.447   11.8931
61.7   110.307   10.5027
61.72   97.332   9.8657
61.74   98.8828   9.94398
61.76   115.37   10.7411
61.78   151.594   12.3123
61.8   214.29   14.6386
61.82   304.081   17.4379
61.84   388.094   19.7001
61.86   390.779   19.7681
61.88   308.582   17.5665
61.9   217.244   14.7392
61.92   152.664   12.3557
61.94   116.195   10.7794
61.96   101.863   10.0927
61.98   104.816   10.238
62   121.09   11.0041
62.02   140.376   11.848
62.04   140.96   11.8727
62.06   117.399   10.8351
62.08   89.4911   9.45997
62.1   69.53   8.33846
62.12   59.1256   7.68932
62.14   57.4026   7.57645
62.16   64.0551   8.00344
62.18   79.9883   8.94362
62.2   103.217   10.1596
62.22   122.773   11.0803
62.24   121.024   11.0011
62.26   104.543   10.2246
62.28   92.2929   9.60692
62.3   88.3509   9.39952
62.32   85.3241   9.2371
62.34   80.5953   8.97749
62.36   81.1449   9.00805
62.38   89.1504   9.44195
62.4   96.3613   9.81638
62.42   91.8451   9.58359
62.44   76.0602   8.72125
62.46   56.7619   7.53405
62.48   41.2811   6.42504
62.5   31.0124   5.56888
62.52   24.7567   4.97561
62.54   21.0309   4.58594
62.56   18.7497   4.4
62.58   17.184   4.4
62.6   16.5047   4.4
62.62   15.7977   4.4
62.64   15.5165   4.4
62.66   15.6529   4.4
62.68   16.2396   4.4
62.7   17.3942   4.4
62.72   19.3461   4.4
62.74   22.5438   4.74803
62.76   27.7124   5.26426
62.78   35.7789   5.98155
62.8   47.2611   6.87467
62.82   62.2345   7.88888
62.84   81.032   9.00178
62.86   96.6285   9.82998
62.88   95.0386   9.74877
62.9   78.1448   8.83995
62.92   60.3147   7.76626
62.94   49.0405   7.00289
62.96   45.5187   6.74676
62.98   49.6681   7.04756
63   61.5929   7.84811
63.02   80.007   8.94467
63.04   95.9445   9.79513
63.06   93.1384   9.65082
63.08   73.8177   8.59172
63.1   54.5867   7.38828
63.12   41.2625   6.42359
63.14   33.4525   5.78381
63.16   29.4686   5.4285
63.18   27.9462   5.28641
63.2   28.0736   5.29845
63.22   29.6865   5.44853
63.24   33.1301   5.75587
63.26   39.3327   6.27158
63.28   49.7783   7.05537
63.3   65.9696   8.12217
63.32   87.3488   9.34606
63.34   104.079   10.2019
63.36   103.213   10.1594
63.38   90.5439   9.51545
63.4   81.545   9.03023
63.42   82.2002   9.06643
63.44   93.3233   9.6604
63.46   112.488   10.606
63.48   130.08   11.4053
63.5   135.755   11.6514
63.52   138.761   11.7797
63.54   154.865   12.4445
63.56   193.02   13.8932
63.58   258.662   16.083
63.6   358.399   18.9314
63.62   498.241   22.3213
63.64   640.041   25.299
63.66   667.402   25.8341
63.68   551.318   23.4802
63.7   402.717   20.0678
63.72   294.052   17.148
63.74   236.618   15.3824
63.76   223.319   14.9439
63.78   245.182   15.6583
63.8   291.456   17.0721
63.82   350.867   18.7314
63.84   390.029   19.7492
63.86   357.301   18.9024
63.88   279.389   16.7149
63.9   211.668   14.5488
63.92   169.265   13.0102
63.94   151.733   12.318
63.96   158.093   12.5735
63.98   190.338   13.7963
64   255.68   15.99
64.02   357.808   18.9158
64.04   471.144   21.7058
64.06   507.892   22.5365
64.08   423.36   20.5757
64.1   302.599   17.3954
64.12   208.846   14.4515
64.14   149.383   12.2222
64.16   114.3   10.6911
64.18   93.642   9.67688
64.2   82.369   9.07574
64.22   78.6828   8.87033
64.24   82.9011   9.10501
64.26   97.5602   9.87726
64.28   125.212   11.1898
64.3   166.219   12.8926
64.32   205.985   14.3522
64.34   211.554   14.5449
64.36   176.049   13.2684
64.38   131.783   11.4797
64.4   99.9476   9.99738
64.42   82.4249   9.07882
64.44   74.1848   8.61306
64.46   69.0371   8.30885
64.48   65.5546   8.09658
64.5   64.3453   8.02155
64.52   64.4743   8.02959
64.54   65.5862   8.09853
64.56   65.3699   8.08517
64.58   63.2753   7.95458
64.6   63.6836   7.9802
64.62   68.976   8.30518
64.64   77.561   8.80687
64.66   85.8806   9.26718
64.68   97.1534   9.85664
64.7   120.224   10.9647
64.72   160.461   12.6673
64.74   212.473   14.5764
64.76   245.412   15.6656
64.78   228.201   15.1063
64.8   187.598   13.6966
64.82   156.849   12.524
64.84   138.569   11.7715
64.86   121.381   11.0173
64.88   105.083   10.251
64.9   96.1169   9.80392
64.92   96.9534   9.84649
64.94   109.411   10.46
64.96   137.858   11.7413
64.98   190.097   13.7876
65   273.987   16.5526
65.02   384.307   19.6038
65.04   467.31   21.6173
65.06   440.535   20.9889
65.08   336.059   18.3319
65.1   237.235   15.4024
65.12   170.602   13.0615
65.14   131.741   11.4779
65.16   112.753   10.6185
65.18   106.423   10.3162
65.2   109.487   10.4636
65.22   122.09   11.0495
65.24   147.793   12.157
65.26   193.651   13.9158
65.28   268.897   16.3981
65.3   377.365   19.4259
65.32   503.857   22.4468
65.34   598.528   24.4648
65.36   598.669   24.4677
65.38   554.022   23.5377
65.4   546.993   23.3879
65.42   563.243   23.7327
65.44   519.627   22.7953
65.46   415.234   20.3773
65.48   324.067   18.0019
65.5   277.596   16.6612
65.52   270.486   16.4465
65.54   275.428   16.596
65.56   252.876   15.9021
65.58   208.162   14.4278
65.6   171.982   13.1142
65.62   156.959   12.5283
65.64   166.38   12.8988
65.66   203.218   14.2554
65.68   268.544   16.3873
65.7   346.005   18.6012
65.72   379.158   19.472
65.74   338.743   18.405
65.76   278.691   16.6941
65.78   243.082   15.5911
65.8   232.667   15.2534
65.82   217.114   14.7348
65.84   176.346   13.2795
65.86   130.389   11.4188
65.88   95.5508   9.77501
65.9   72.8156   8.53321
65.92   58.8164   7.66918
65.94   50.4287   7.10131
65.96   45.4335   6.74044
65.98   42.704   6.53483
66   41.7292   6.45981
66.02   42.395   6.51114
66.04   44.8761   6.69897
66.06   49.9587   7.06815
66.08   58.7148   7.66256
66.1   74.097   8.60796
66.12   101.076   10.0537
66.14   146.526   12.1048
66.16   215.949   14.6952
66.18   299.746   17.3132
66.2   347.017   18.6284
66.22   307.745   17.5427
66.24   224.035   14.9678
66.26   150.826   12.2811
66.28   101.705   10.0849
66.3   71.7052   8.46789
66.32   53.9904   7.34782
66.34   43.3882   6.58698
66.36   36.7308   6.0606
66.38   32.2274   5.67692
66.4   28.7157   5.3587
66.42   25.9357   5.09271
66.44   23.7892   4.87741
66.46   22.3732   4.73003
66.48   21.6045   4.64807
66.5   21.4308   4.62934
66.52   21.4549   4.63194
66.54   22.6564   4.75987
66.56   24.9159   4.99159
66.58   28.8102   5.36751
66.6   35.2642   5.93836
66.62   45.4897   6.7446
66.64   60.4584   7.7755
66.66   78.1218   8.83865
66.68   98.5753   9.92851
66.7   123.614   11.1182
66.72   140.749   11.8638
66.74   128.509   11.3362
66.76   97.427   9.87051
66.78   69.3985   8.33058
66.8   50.9959   7.14114
66.82   39.5016   6.28503
66.84   33.6549   5.80128
66.86   30.8837   5.55731
66.88   30.2323   5.49839
66.9   31.3547   5.59953
66.92   33.9412   5.8259
66.94   38.7151   6.22214
66.96   44.3042   6.65614
66.98   48.5153   6.96529
67   52.0075   7.21162
67.02   58.3459   7.63845
67.04   71.5468   8.45854
67.06   95.9661   9.79623
67.08   137.82   11.7397
67.1   202.723   14.2381
67.12   284.471   16.8663
67.14   339.485   18.4251
67.16   314.15   17.7243
67.18   242.891   15.585
67.2   183.999   13.5646
67.22   154.254   12.4199
67.24   151.582   12.3119
67.26   169.2   13.0077
67.28   201.09   14.1806
67.3   232.958   15.263
67.32   231.434   15.2129
67.34   195.345   13.9766
67.36   155.169   12.4567
67.38   128.186   11.3219
67.4   115.28   10.7368
67.42   106.854   10.337
67.44   100.351   10.0175
67.46   102.779   10.138
67.48   119.297   10.9223
67.5   149.61   12.2315
67.52   179.668   13.404
67.54   179.245   13.3883
67.56   147.479   12.1441
67.58   113.939   10.6742
67.6   92.7581   9.6311
67.62   85.4062   9.24155
67.64   91.6361   9.57267
67.66   112.467   10.605
67.68   150.152   12.2537
67.7   198.938   14.1045
67.72   229.752   15.1576
67.74   210.11   14.4952
67.76   164.092   12.8098
67.78   126.877   11.264
67.8   108.439   10.4134
67.82   108.435   10.4132
67.84   123.683   11.1213
67.86   145.562   12.0649
67.88   153.802   12.4017
67.9   137.989   11.7469
67.92   114.392   10.6954
67.94   98.1512   9.90713
67.96   93.3446   9.6615
67.98   100.575   10.0287
68   122.344   11.0609
68.02   163.568   12.7894
68.04   228.963   15.1315
68.06   311.253   17.6424
68.08   365.849   19.1272
68.1   344.464   18.5597
68.12   287.5   16.9558
68.14   252.299   15.8839
68.16   257.176   16.0367
68.18   301.129   17.3531
68.2   372.9   19.3106
68.22   466.023   21.5876
68.24   545.537   23.3567
68.26   543.234   23.3074
68.28   461.415   21.4806
68.3   365.098   19.1075
68.32   278.019   16.6739
68.34   202.914   14.2448
68.36   149.43   12.2241
68.38   117.301   10.8306
68.4   101.071   10.0534
68.42   94.9239   9.74289
68.44   91.2287   9.55137
68.46   83.955   9.1627
68.48   76.9006   8.7693
68.5   75.5909   8.6943
68.52   81.4182   9.0232
68.54   91.0569   9.54237
68.56   94.4784   9.72
68.58   86.8637   9.32007
68.6   77.3988   8.79766
68.62   73.5705   8.57732
68.64   78.4842   8.85913
68.66   91.4349   9.56216
68.68   107.076   10.3477
68.7   115.773   10.7598
68.72   119.269   10.921
68.74   126.539   11.249
68.76   141.979   11.9155
68.78   175.16   13.2348
68.8   235.803   15.3559
68.82   318.467   17.8456
68.84   375.585   19.38
68.86   348.651   18.6722
68.88   274.421   16.5657
68.9   209.854   14.4863
68.92   162.121   12.7327
68.94   121.732   11.0332
68.96   90.2403   9.49949
68.98   68.8825   8.29955
69   55.227   7.43148
69.02   46.5079   6.81967
69.04   41.1468   6.41457
69.06   37.8646   6.15342
69.08   36.0469   6.00391
69.1   35.4129   5.95087
69.12   35.907   5.99224
69.14   37.6958   6.13969
69.16   41.2872   6.42551
69.18   47.5719   6.89724
69.2   58.7921   7.6676
69.22   77.137   8.78277
69.24   103.921   10.1941
69.26   133.438   11.5515
69.28   145.675   12.0696
69.3   131.3   11.4586
69.32   111.298   10.5498
69.34   101.907   10.0949
69.36   107.397   10.3633
69.38   128.201   11.3226
69.4   159.806   12.6414
69.42   185.586   13.623
69.44   182.988   13.5273
69.46   158.527   12.5907
69.48   137.283   11.7168
69.5   129.867   11.3959
69.52   138.271   11.7589
69.54   164.904   12.8415
69.56   217.3   14.7411
69.58   306.007   17.4931
69.6   438.98   20.9519
69.62   595.103   24.3947
69.64   689.201   26.2526
69.66   679.197   26.0614
69.68   663.1   25.7507
69.7   716.093   26.7599
69.72   809.475   28.4513
69.74   832.667   28.856
69.76   712.004   26.6834
69.78   517.701   22.753
69.8   351.401   18.7457
69.82   239.196   15.466
69.84   170.077   13.0414
69.86   128.648   11.3423
69.88   103.594   10.1781
69.9   88.4191   9.40314
69.92   79.9478   8.94136
69.94   75.998   8.71768
69.96   73.148   8.55266
69.98   67.6688   8.2261
70   60.8362   7.79976
