1.54056
5   0   4.4
5.02   0   4.4
5.04   0   4.4
5.06   0   4.4
5.08   0   4.4
5.1   0   4.4
5.12   0   4.4
5.14   0   4.4
5.16   0   4.4
5.18   0   4.4
5.2   0   4.4
5.22   0   4.4
5.24   0   4.4
5.26   0   4.4
5.28   0   4.4
5.3   0   4.4
5.32   0   4.4
5.34   0   4.4
5.36   0   4.4
5.38   0   4.4
5.4   0   4.4
5.42   0   4.4
5.44   0   4.4
5.46   0   4.4
5.48   0   4.4
5.5   0   4.4
5.52   0   4.4
5.54   0   4.4
5.56   0   4.4
5.58   0   4.4
5.6   0   4.4
5.62   0   4.4
5.64   0   4.4
5.66   0   4.4
5.68   0   4.4
5.7   0   4.4
5.72   0   4.4
5.74   0   4.4
5.76   0   4.4
5.78   0   4.4
5.8   0   4.4
5.82   0   4.4
5.84   0   4.4
5.86   0   4.4
5.88   0   4.4
5.9   0   4.4
5.92   0   4.4
5.94   0   4.4
5.96   0   4.4
5.98   0   4.4
6   0   4.4
6.02   0   4.4
6.04   0   4.4
6.06   0   4.4
6.08   0   4.4
6.1   0   4.4
6.12   0   4.4
6.14   0   4.4
6.16   0   4.4
6.18   0   4.4
6.2   0   4.4
6.22   0   4.4
6.24   0   4.4
6.26   0   4.4
6.28   0   4.4
6.3   0   4.4
6.32   0   4.4
6.34   0   4.4
6.36   0   4.4
6.38   0   4.4
6.4   0   4.4
6.42   0   4.4
6.44   0   4.4
6.46   0   4.4
6.48   0   4.4
6.5   0   4.4
6.52   0   4.4
6.54   0   4.4
6.56   0   4.4
6.58   0   4.4
6.6   0   4.4
6.62   0   4.4
6.64   0   4.4
6.66   0   4.4
6.68   0   4.4
6.7   0   4.4
6.72   0   4.4
6.74   0   4.4
6.76   0   4.4
6.78   0   4.4
6.8   0   4.4
6.82   0   4.4
6.84   0   4.4
6.86   0   4.4
6.88   0   4.4
6.9   0   4.4
6.92   0   4.4
6.94   0   4.4
6.96   0   4.4
6.98   0   4.4
7   0   4.4
7.02   0   4.4
7.04   0   4.4
7.06   0   4.4
7.08   0   4.4
7.1   0   4.4
7.12   0   4.4
7.14   0   4.4
7.16   0   4.4
7.18   0   4.4
7.2   0   4.4
7.22   0   4.4
7.24   0   4.4
7.26   0   4.4
7.28   0   4.4
7.3   0   4.4
7.32   0   4.4
7.34   0   4.4
7.36   0   4.4
7.38   0   4.4
7.4   0   4.4
7.42   0   4.4
7.44   0   4.4
7.46   0   4.4
7.48   0   4.4
7.5   0   4.4
7.52   0   4.4
7.54   0   4.4
7.56   0   4.4
7.58   0   4.4
7.6   0   4.4
7.62   0   4.4
7.64   0   4.4
7.66   0   4.4
7.68   0   4.4
7.7   0   4.4
7.72   0   4.4
7.74   0   4.4
7.76   0   4.4
7.78   0   4.4
7.8   0   4.4
7.82   0   4.4
7.84   0   4.4
7.86   0   4.4
7.88   0   4.4
7.9   0   4.4
7.92   0   4.4
7.94   0   4.4
7.96   0   4.4
7.98   0   4.4
8   0   4.4
8.02   0   4.4
8.04   0   4.4
8.06   0   4.4
8.08   0   4.4
8.1   0   4.4
8.12   0   4.4
8.14   0   4.4
8.16   0   4.4
8.18   0   4.4
8.2   0   4.4
8.22   0   4.4
8.24   0   4.4
8.26   0   4.4
8.28   0   4.4
8.3   0   4.4
8.32   0   4.4
8.34   0   4.4
8.36   0   4.4
8.38   0   4.4
8.4   0   4.4
8.42   0   4.4
8.44   0   4.4
8.46   0   4.4
8.48   0   4.4
8.5   0   4.4
8.52   0   4.4
8.54   0   4.4
8.56   0   4.4
8.58   0   4.4
8.6   0   4.4
8.62   0   4.4
8.64   0   4.4
8.66   0   4.4
8.68   0   4.4
8.7   0   4.4
8.72   0   4.4
8.74   0   4.4
8.76   0   4.4
8.78   0   4.4
8.8   0   4.4
8.82   0   4.4
8.84   0   4.4
8.86   0   4.4
8.88   0   4.4
8.9   0   4.4
8.92   0   4.4
8.94   0   4.4
8.96   0   4.4
8.98   0   4.4
9   0   4.4
9.02   0   4.4
9.04   0   4.4
9.06   0   4.4
9.08   0   4.4
9.1   0   4.4
9.12   0   4.4
9.14   0   4.4
9.16   0   4.4
9.18   0   4.4
9.2   0   4.4
9.22   0   4.4
9.24   0   4.4
9.26   0   4.4
9.28   0   4.4
9.3   0   4.4
9.32   0   4.4
9.34   0   4.4
9.36   0   4.4
9.38   0   4.4
9.4   0   4.4
9.42   0   4.4
9.44   0   4.4
9.46   0   4.4
9.48   0   4.4
9.5   0   4.4
9.52   0   4.4
9.54   0   4.4
9.56   0   4.4
9.58   0   4.4
9.6   0   4.4
9.62   0   4.4
9.64   0   4.4
9.66   0   4.4
9.68   0   4.4
9.7   0   4.4
9.72   0   4.4
9.74   0   4.4
9.76   0   4.4
9.78   0   4.4
9.8   0   4.4
9.82   0   4.4
9.84   0   4.4
9.86   0   4.4
9.88   0   4.4
9.9   0   4.4
9.92   0   4.4
9.94   0   4.4
9.96   0   4.4
9.98   0   4.4
10   0   4.4
10.02   0   4.4
10.04   0   4.4
10.06   0   4.4
10.08   0   4.4
10.1   0   4.4
10.12   0   4.4
10.14   0   4.4
10.16   0   4.4
10.18   0   4.4
10.2   0   4.4
10.22   0   4.4
10.24   0   4.4
10.26   0   4.4
10.28   0   4.4
10.3   0   4.4
10.32   0   4.4
10.34   0   4.4
10.36   0   4.4
10.38   0   4.4
10.4   0   4.4
10.42   0   4.4
10.44   0   4.4
10.46   0   4.4
10.48   0   4.4
10.5   0   4.4
10.52   0   4.4
10.54   0   4.4
10.56   0   4.4
10.58   0   4.4
10.6   0   4.4
10.62   0   4.4
10.64   0   4.4
10.66   0.0528429   4.4
10.68   0.054341   4.4
10.7   0.0559038   4.4
10.72   0.057535   4.4
10.74   0.0592386   4.4
10.76   0.0610189   4.4
10.78   0.0628807   4.4
10.8   0.0648289   4.4
10.82   0.0668691   4.4
10.84   0.0690071   4.4
10.86   0.0712492   4.4
10.88   0.0736023   4.4
10.9   0.0760739   4.4
10.92   0.078672   4.4
10.94   0.0814054   4.4
10.96   0.0842837   4.4
10.98   0.0873173   4.4
11   0.0905176   4.4
11.02   0.093897   4.4
11.04   0.097469   4.4
11.06   0.101249   4.4
11.08   0.105252   4.4
11.1   0.109498   4.4
11.12   0.114006   4.4
11.14   0.118797   4.4
11.16   0.123897   4.4
11.18   0.129332   4.4
11.2   0.135133   4.4
11.22   0.141332   4.4
11.24   0.147967   4.4
11.26   0.15508   4.4
11.28   0.162718   4.4
11.3   0.170933   4.4
11.32   0.179786   4.4
11.34   0.189344   4.4
11.36   0.199684   4.4
11.38   0.210893   4.4
11.4   0.223071   4.4
11.42   0.236333   4.4
11.44   0.250812   4.4
11.46   0.26666   4.4
11.48   0.284056   4.4
11.5   0.303207   4.4
11.52   0.324357   4.4
11.54   0.347793   4.4
11.56   0.373856   4.4
11.58   0.402953   4.4
11.6   0.435572   4.4
11.62   0.472302   4.4
11.64   0.513863   4.4
11.66   0.561134   4.4
11.68   0.615208   4.4
11.7   0.677447   4.4
11.72   0.749571   4.4
11.74   0.833774   4.4
11.76   0.932892   4.4
11.78   1.05063   4.4
11.8   1.19192   4.4
11.82   1.36341   4.4
11.84   1.57422   4.4
11.86   1.83717   4.4
11.88   2.17064   4.4
11.9   2.60175   4.4
11.92   3.1722   4.4
11.94   3.95071   4.4
11.96   5.06245   4.4
11.98   6.75491   4.4
12   9.51163   4.4
12.02   14.1626   4.4
12.04   21.8234   4.67156
12.06   33.2876   5.76954
12.08   46.6355   6.82902
12.1   53.0432   7.28308
12.12   45.4455   6.74133
12.14   32.0194   5.65856
12.16   20.9169   4.5735
12.18   13.5976   4.4
12.2   9.17695   4.4
12.22   6.554   4.4
12.24   4.93434   4.4
12.26   3.86313   4.4
12.28   3.10906   4.4
12.3   2.55458   4.4
12.32   2.13449   4.4
12.34   1.80889   4.4
12.36   1.5517   4.4
12.38   1.34519   4.4
12.4   1.177   4.4
12.42   1.03825   4.4
12.44   0.922515   4.4
12.46   0.824993   4.4
12.48   0.742075   4.4
12.5   0.670998   4.4
12.52   0.609621   4.4
12.54   0.556263   4.4
12.56   0.509591   4.4
12.58   0.468535   4.4
12.6   0.432234   4.4
12.62   0.399981   4.4
12.64   0.371199   4.4
12.66   0.345407   4.4
12.68   0.322207   4.4
12.7   0.301263   4.4
12.72   0.282293   4.4
12.74   0.265056   4.4
12.76   0.249348   4.4
12.78   0.234994   4.4
12.8   0.221842   4.4
12.82   0.209763   4.4
12.84   0.198643   4.4
12.86   0.188383   4.4
12.88   0.178897   4.4
12.9   0.170109   4.4
12.92   0.161952   4.4
12.94   0.154367   4.4
12.96   0.147302   4.4
12.98   0.140711   4.4
13   0.134552   4.4
13.02   0.128789   4.4
13.04   0.123388   4.4
13.06   0.118319   4.4
13.08   0.113556   4.4
13.1   0.109075   4.4
13.12   0.104853   4.4
13.14   0.100872   4.4
13.16   0.0971132   4.4
13.18   0.0935605   4.4
13.2   0.0901991   4.4
13.22   0.0870156   4.4
13.24   0.0839975   4.4
13.26   0.0811337   4.4
13.28   0.0784138   4.4
13.3   0.0758284   4.4
13.32   0.0733686   4.4
13.34   0.0710266   4.4
13.36   0.0687949   4.4
13.38   0.0666667   4.4
13.4   0.0646357   4.4
13.42   0.0626961   4.4
13.44   0.0608425   4.4
13.46   0.0590698   4.4
13.48   0.0573734   4.4
13.5   0.0557491   4.4
13.52   0.0541927   4.4
13.54   0.0527006   4.4
13.56   0   4.4
13.58   0   4.4
13.6   0   4.4
13.62   0   4.4
13.64   0   4.4
13.66   0   4.4
13.68   0   4.4
13.7   0   4.4
13.72   0   4.4
13.74   0   4.4
13.76   0   4.4
13.78   0   4.4
13.8   0   4.4
13.82   0   4.4
13.84   0   4.4
13.86   0   4.4
13.88   0   4.4
13.9   0   4.4
13.92   0   4.4
13.94   0   4.4
13.96   0   4.4
13.98   0   4.4
14   0   4.4
14.02   0   4.4
14.04   0   4.4
14.06   0   4.4
14.08   0   4.4
14.1   0   4.4
14.12   0   4.4
14.14   0   4.4
14.16   0   4.4
14.18   0   4.4
14.2   0   4.4
14.22   0   4.4
14.24   0   4.4
14.26   0   4.4
14.28   0   4.4
14.3   0   4.4
14.32   0   4.4
14.34   0   4.4
14.36   0   4.4
14.38   0   4.4
14.4   0   4.4
14.42   0   4.4
14.44   0   4.4
14.46   0   4.4
14.48   0   4.4
14.5   0   4.4
14.52   0   4.4
14.54   0   4.4
14.56   0   4.4
14.58   0   4.4
14.6   0   4.4
14.62   0   4.4
14.64   0   4.4
14.66   0   4.4
14.68   0   4.4
14.7   0   4.4
14.72   0   4.4
14.74   0   4.4
14.76   0   4.4
14.78   0   4.4
14.8   0   4.4
14.82   0   4.4
14.84   0   4.4
14.86   0   4.4
14.88   0   4.4
14.9   0   4.4
14.92   0   4.4
14.94   0   4.4
14.96   0   4.4
14.98   0   4.4
15   0   4.4
15.02   0   4.4
15.04   0   4.4
15.06   0   4.4
15.08   0   4.4
15.1   0   4.4
15.12   0   4.4
15.14   0   4.4
15.16   0   4.4
15.18   0   4.4
15.2   0   4.4
15.22   0   4.4
15.24   0   4.4
15.26   0   4.4
15.28   0   4.4
15.3   0   4.4
15.32   0   4.4
15.34   0   4.4
15.36   0   4.4
15.38   0   4.4
15.4   0   4.4
15.42   0   4.4
15.44   0   4.4
15.46   0   4.4
15.48   0   4.4
15.5   0   4.4
15.52   0   4.4
15.54   0   4.4
15.56   0   4.4
15.58   0   4.4
15.6   0   4.4
15.62   0   4.4
15.64   0   4.4
15.66   0   4.4
15.68   0   4.4
15.7   0   4.4
15.72   0   4.4
15.74   0   4.4
15.76   0   4.4
15.78   0   4.4
15.8   0   4.4
15.82   0   4.4
15.84   0   4.4
15.86   0   4.4
15.88   0   4.4
15.9   0   4.4
15.92   0   4.4
15.94   0   4.4
15.96   0   4.4
15.98   0   4.4
16   0   4.4
16.02   0   4.4
16.04   0   4.4
16.06   0   4.4
16.08   0   4.4
16.1   0   4.4
16.12   0   4.4
16.14   0   4.4
16.16   0   4.4
16.18   0   4.4
16.2   0   4.4
16.22   0   4.4
16.24   0   4.4
16.26   0   4.4
16.28   0   4.4
16.3   0   4.4
16.32   0   4.4
16.34   0   4.4
16.36   0   4.4
16.38   0   4.4
16.4   0   4.4
16.42   0   4.4
16.44   0   4.4
16.46   0   4.4
16.48   0   4.4
16.5   0   4.4
16.52   0   4.4
16.54   0   4.4
16.56   0   4.4
16.58   0.801034   4.4
16.6   0.823762   4.4
16.62   0.847471   4.4
16.64   0.872217   4.4
16.66   0.898063   4.4
16.68   0.925075   4.4
16.7   0.953323   4.4
16.72   0.982885   4.4
16.74   1.01384   4.4
16.76   1.04629   4.4
16.78   1.08031   4.4
16.8   1.11602   4.4
16.82   1.15353   4.4
16.84   1.19296   4.4
16.86   1.23445   4.4
16.88   1.27814   4.4
16.9   1.32419   4.4
16.92   1.37277   4.4
16.94   1.42407   4.4
16.96   1.4783   4.4
16.98   1.53568   4.4
17   1.59647   4.4
17.02   1.66094   4.4
17.04   1.72939   4.4
17.06   1.80216   4.4
17.08   1.87961   4.4
17.1   1.96216   4.4
17.12   2.05027   4.4
17.14   2.14444   4.4
17.16   2.24524   4.4
17.18   2.35331   4.4
17.2   2.46936   4.4
17.22   2.59421   4.4
17.24   2.72875   4.4
17.26   2.87402   4.4
17.28   3.0312   4.4
17.3   3.2016   4.4
17.32   3.38676   4.4
17.34   3.58843   4.4
17.36   3.80863   4.4
17.38   4.04969   4.4
17.4   4.31434   4.4
17.42   4.60573   4.4
17.44   4.92759   4.4
17.46   5.28431   4.4
17.48   5.6811   4.4
17.5   6.12417   4.4
17.52   6.62099   4.4
17.54   7.18056   4.4
17.56   7.81388   4.4
17.58   8.53444   4.4
17.6   9.35895   4.4
17.62   10.3083   4.4
17.64   11.4088   4.4
17.66   12.6942   4.4
17.68   14.208   4.4
17.7   16.0071   4.4
17.72   18.1673   4.4
17.74   20.7908   4.5597
17.76   24.0184   4.90086
17.78   28.0476   5.296
17.8   33.1621   5.75866
17.82   39.7816   6.30726
17.84   48.5529   6.96799
17.86   60.5473   7.78121
17.88   77.7265   8.81626
17.9   103.978   10.197
17.92   146.868   12.1189
17.94   219.253   14.8072
17.96   338.109   18.3877
17.98   514.562   22.684
18   715.389   26.7468
18.02   801.904   28.3179
18.04   677.638   26.0315
18.06   474.283   21.778
18.08   309.305   17.5871
18.1   201.297   14.1879
18.12   136.23   11.6718
18.14   97.5921   9.87887
18.16   73.6547   8.58223
18.18   57.764   7.60027
18.2   46.5466   6.82251
18.22   38.2828   6.18731
18.24   32.0134   5.65804
18.26   27.1488   5.21045
18.28   23.3028   4.82729
18.3   20.2122   4.49579
18.32   17.6931   4.4
18.34   15.6138   4.4
18.36   13.8783   4.4
18.38   12.4152   4.4
18.4   11.1707   4.4
18.42   10.1034   4.4
18.44   9.18146   4.4
18.46   8.37969   4.4
18.48   7.67815   4.4
18.5   7.06087   4.4
18.52   6.51491   4.4
18.54   6.02974   4.4
18.56   5.59666   4.4
18.58   5.20851   4.4
18.6   4.85929   4.4
18.62   4.54397   4.4
18.64   4.25832   4.4
18.66   3.99872   4.4
18.68   3.76212   4.4
18.7   3.54588   4.4
18.72   3.34773   4.4
18.74   3.16571   4.4
18.76   2.99812   4.4
18.78   2.84348   4.4
18.8   2.70048   4.4
18.82   2.568   4.4
18.84   2.44501   4.4
18.86   2.33065   4.4
18.88   2.22412   4.4
18.9   2.12472   4.4
18.92   2.03183   4.4
18.94   1.9449   4.4
18.96   1.86342   4.4
18.98   1.78695   4.4
19   1.7151   4.4
19.02   1.64748   4.4
19.04   1.58379   4.4
19.06   1.52371   4.4
19.08   1.46699   4.4
19.1   1.41338   4.4
19.12   1.36265   4.4
19.14   1.3146   4.4
19.16   1.26904   4.4
19.18   1.22582   4.4
19.2   1.18476   4.4
19.22   1.14573   4.4
19.24   1.1086   4.4
19.26   1.07324   4.4
19.28   1.03955   4.4
19.3   1.00741   4.4
19.32   0.976747   4.4
19.34   0.94746   4.4
19.36   0.91947   4.4
19.38   0.892701   4.4
19.4   0.867084   4.4
19.42   0.842554   4.4
19.44   0.81905   4.4
19.46   0.796516   4.4
19.48   0   4.4
19.5   0   4.4
19.52   0   4.4
19.54   0   4.4
19.56   0   4.4
19.58   0   4.4
19.6   0   4.4
19.62   0   4.4
19.64   0   4.4
19.66   0   4.4
19.68   0   4.4
19.7   0   4.4
19.72   0   4.4
19.74   0   4.4
19.76   0   4.4
19.78   0   4.4
19.8   0   4.4
19.82   0   4.4
19.84   0   4.4
19.86   0   4.4
19.88   0   4.4
19.9   0   4.4
19.92   0   4.4
19.94   0   4.4
19.96   0   4.4
19.98   0   4.4
20   0   4.4
20.02   0   4.4
20.04   0   4.4
20.06   0   4.4
20.08   0   4.4
20.1   0   4.4
20.12   0   4.4
20.14   0   4.4
20.16   0   4.4
20.18   0   4.4
20.2   0   4.4
20.22   0   4.4
20.24   0   4.4
20.26   0   4.4
20.28   0   4.4
20.3   0   4.4
20.32   2.03989   4.4
20.34   2.09769   4.4
20.36   2.15799   4.4
20.38   2.22092   4.4
20.4   2.28665   4.4
20.42   2.35533   4.4
20.44   2.42715   4.4
20.46   2.50231   4.4
20.48   2.58102   4.4
20.5   2.66349   4.4
20.52   2.74998   4.4
20.54   2.84074   4.4
20.56   2.93608   4.4
20.58   3.03629   4.4
20.6   3.14172   4.4
20.62   3.25273   4.4
20.64   3.36973   4.4
20.66   3.49315   4.4
20.68   3.62347   4.4
20.7   3.76122   4.4
20.72   3.90697   4.4
20.74   4.06135   4.4
20.76   4.22506   4.4
20.78   4.39886   4.4
20.8   4.5836   4.4
20.82   4.78022   4.4
20.84   4.98975   4.4
20.86   5.21334   4.4
20.88   5.4523   4.4
20.9   5.70805   4.4
20.92   5.98221   4.4
20.94   6.27657   4.4
20.96   6.59318   4.4
20.98   6.93433   4.4
21   7.30261   4.4
21.02   7.70099   4.4
21.04   8.13283   4.4
21.06   8.60197   4.4
21.08   9.11282   4.4
21.1   9.67048   4.4
21.12   10.2808   4.4
21.14   10.9507   4.4
21.16   11.6881   4.4
21.18   12.5024   4.4
21.2   13.4045   4.4
21.22   14.4077   4.4
21.24   15.5274   4.4
21.26   16.7825   4.4
21.28   18.1956   4.4
21.3   19.7941   4.44906
21.32   21.612   4.64887
21.34   23.691   4.86734
21.36   26.0834   5.10719
21.38   28.855   5.37168
21.4   32.0899   5.66479
21.42   35.8966   5.99137
21.44   40.4168   6.35742
21.46   45.839   6.77045
21.48   52.4171   7.23997
21.5   60.4999   7.77817
21.52   70.576   8.40095
21.54   83.3457   9.12939
21.56   99.8418   9.99209
21.58   121.649   11.0295
21.6   151.37   12.3032
21.62   193.727   13.9186
21.64   258.043   16.0637
21.66   362.577   19.0414
21.68   538.883   23.2139
21.7   829.875   28.8076
21.72   1267.64   35.6039
21.74   1784.96   42.2488
21.76   2050.4   45.2814
21.78   1773.79   42.1164
21.8   1255.74   35.4364
21.82   821.375   28.6596
21.84   533.586   23.0995
21.86   359.439   18.9589
21.88   256.159   16.005
21.9   192.526   13.8754
21.92   150.548   12.2698
21.94   121.057   11.0026
21.96   99.3995   9.96993
21.98   83.0067   9.1108
22   70.3107   8.38515
22.02   60.2887   7.76458
22.04   52.2464   7.22817
22.06   45.6991   6.76011
22.08   40.3008   6.34829
22.1   35.7992   5.98325
22.12   32.0075   5.65752
22.14   28.7847   5.36514
22.16   26.0229   5.10127
22.18   23.6386   4.86196
22.2   21.5663   4.64396
22.22   19.7541   4.44455
22.24   18.1602   4.4
22.26   16.7512   4.4
22.28   15.4996   4.4
22.3   14.3828   4.4
22.32   13.3821   4.4
22.34   12.4822   4.4
22.36   11.6699   4.4
22.38   10.9342   4.4
22.4   10.2658   4.4
22.42   9.65676   4.4
22.44   9.10026   4.4
22.46   8.59045   4.4
22.48   8.12224   4.4
22.5   7.69123   4.4
22.52   7.2936   4.4
22.54   6.92598   4.4
22.56   6.58544   4.4
22.58   6.26938   4.4
22.6   5.97552   4.4
22.62   5.70182   4.4
22.64   5.44648   4.4
22.66   5.2079   4.4
22.68   4.98465   4.4
22.7   4.77544   4.4
22.72   4.57911   4.4
22.74   4.39464   4.4
22.76   4.22109   4.4
22.78   4.05761   4.4
22.8   3.90344   4.4
22.82   3.75788   4.4
22.84   3.62032   4.4
22.86   3.49016   4.4
22.88   4.92416   4.4
22.9   4.85095   4.4
22.92   4.78557   4.4
22.94   4.72773   4.4
22.96   4.67719   4.4
22.98   4.63371   4.4
23   4.59714   4.4
23.02   4.56732   4.4
23.04   4.54414   4.4
23.06   4.52753   4.4
23.08   4.51744   4.4
23.1   4.51385   4.4
23.12   4.51678   4.4
23.14   4.52628   4.4
23.16   4.54242   4.4
23.18   4.56533   4.4
23.2   4.59514   4.4
23.22   2.64889   4.4
23.24   2.74628   4.4
23.26   2.84913   4.4
23.28   2.95787   4.4
23.3   3.07295   4.4
23.32   3.19487   4.4
23.34   3.32418   4.4
23.36   3.46151   4.4
23.38   3.60751   4.4
23.4   3.76295   4.4
23.42   3.92863   4.4
23.44   4.1055   4.4
23.46   4.29457   4.4
23.48   4.49699   4.4
23.5   4.71405   4.4
23.52   4.94719   4.4
23.54   5.19804   4.4
23.56   5.46844   4.4
23.58   5.76047   4.4
23.6   6.07649   4.4
23.62   6.41921   4.4
23.64   6.7917   4.4
23.66   7.19753   4.4
23.68   7.64076   4.4
23.7   8.12615   4.4
23.72   8.6592   4.4
23.74   9.24633   4.4
23.76   9.89511   4.4
23.78   10.6145   4.4
23.8   11.4149   4.4
23.82   12.3092   4.4
23.84   13.3125   4.4
23.86   14.4431   4.4
23.88   15.7234   4.4
23.9   17.1811   4.4
23.92   18.8502   4.4
23.94   20.7735   4.55779
23.96   23.0049   4.79634
23.98   25.6136   5.06098
24   28.6888   5.35619
24.02   32.3479   5.68752
24.04   36.7468   6.06192
24.06   42.0969   6.48821
24.08   48.6895   6.97778
24.1   56.9343   7.54548
24.12   67.4221   8.2111
24.14   81.0296   9.00164
24.16   99.1176   9.95578
24.18   123.963   11.1339
24.2   159.785   12.6406
24.22   214.981   14.6622
24.24   305.724   17.485
24.26   458.889   21.4217
24.28   708.514   26.6179
24.3   1072.2   32.7445
24.32   1464.03   38.2626
24.34   1588.52   39.8562
24.36   1304.13   36.1127
24.38   900.74   30.0123
24.4   585.628   24.1998
24.42   382.209   19.5502
24.44   260.273   16.133
24.46   187.694   13.7002
24.48   142.393   11.9329
24.5   112.079   10.5868
24.52   90.5538   9.51598
24.54   74.6333   8.63905
24.56   62.5202   7.90697
24.58   53.0993   7.28693
24.6   45.6359   6.75544
24.62   39.6281   6.29508
24.64   34.7236   5.89267
24.66   30.6699   5.53804
24.68   27.2823   5.22324
24.7   24.4232   4.94199
24.72   21.9889   4.68923
24.74   19.8995   4.46088
24.76   18.0931   4.4
24.78   16.521   4.4
24.8   15.1445   4.4
24.82   13.9325   4.4
24.84   12.86   4.4
24.86   11.9064   4.4
24.88   11.0548   4.4
24.9   10.2911   4.4
24.92   9.60379   4.4
24.94   8.98293   4.4
24.96   8.42026   4.4
24.98   7.90875   4.4
25   7.44239   4.4
25.02   7.01603   4.4
25.04   6.62522   4.4
25.06   6.26613   4.4
25.08   5.93543   4.4
25.1   5.63019   4.4
25.12   5.34788   4.4
25.14   5.08625   4.4
25.16   4.84334   4.4
25.18   4.61741   4.4
25.2   4.40691   4.4
25.22   4.21046   4.4
25.24   4.02685   4.4
25.26   3.85499   4.4
25.28   3.69389   4.4
25.3   3.54267   4.4
25.32   3.40054   4.4
25.34   3.26679   4.4
25.36   3.14077   4.4
25.38   3.0219   4.4
25.4   2.90965   4.4
25.42   2.80353   4.4
25.44   2.70311   4.4
25.46   2.60799   4.4
25.48   2.5178   4.4
25.5   2.43221   4.4
25.52   2.3509   4.4
25.54   2.2736   4.4
25.56   2.20005   4.4
25.58   2.13002   4.4
25.6   2.06327   4.4
25.62   1.99961   4.4
25.64   1.93884   4.4
25.66   1.88081   4.4
25.68   1.82534   4.4
25.7   1.77229   4.4
25.72   1.72152   4.4
25.74   1.6729   4.4
25.76   1.6263   4.4
25.78   1.58163   4.4
25.8   0   4.4
25.82   0   4.4
25.84   0   4.4
25.86   0   4.4
25.88   0   4.4
25.9   0   4.4
25.92   0   4.4
25.94   0   4.4
25.96   0   4.4
25.98   0   4.4
26   0   4.4
26.02   0   4.4
26.04   0   4.4
26.06   0   4.4
26.08   0   4.4
26.1   0   4.4
26.12   0   4.4
26.14   0   4.4
26.16   0   4.4
26.18   0   4.4
26.2   0   4.4
26.22   0   4.4
26.24   0   4.4
26.26   0   4.4
26.28   0   4.4
26.3   0   4.4
26.32   0   4.4
26.34   0   4.4
26.36   0   4.4
26.38   0   4.4
26.4   0   4.4
26.42   0   4.4
26.44   0   4.4
26.46   0   4.4
26.48   0   4.4
26.5   0   4.4
26.52   0   4.4
26.54   0   4.4
26.56   0   4.4
26.58   0   4.4
26.6   0   4.4
26.62   0   4.4
26.64   0   4.4
26.66   0   4.4
26.68   0   4.4
26.7   0   4.4
26.72   0   4.4
26.74   0   4.4
26.76   0   4.4
26.78   0   4.4
26.8   0   4.4
26.82   0   4.4
26.84   0   4.4
26.86   0   4.4
26.88   0   4.4
26.9   0   4.4
26.92   0   4.4
26.94   0   4.4
26.96   0   4.4
26.98   0   4.4
27   0   4.4
27.02   0   4.4
27.04   0   4.4
27.06   0   4.4
27.08   0   4.4
27.1   0   4.4
27.12   0   4.4
27.14   0   4.4
27.16   0   4.4
27.18   0   4.4
27.2   0   4.4
27.22   0   4.4
27.24   0   4.4
27.26   0   4.4
27.28   0   4.4
27.3   0   4.4
27.32   0   4.4
27.34   0   4.4
27.36   0   4.4
27.38   0   4.4
27.4   0   4.4
27.42   0   4.4
27.44   0   4.4
27.46   0   4.4
27.48   0   4.4
27.5   0   4.4
27.52   0   4.4
27.54   0   4.4
27.56   0   4.4
27.58   0   4.4
27.6   0   4.4
27.62   0   4.4
27.64   0   4.4
27.66   0   4.4
27.68   0   4.4
27.7   0   4.4
27.72   0   4.4
27.74   0   4.4
27.76   0   4.4
27.78   0   4.4
27.8   0   4.4
27.82   0   4.4
27.84   0   4.4
27.86   0   4.4
27.88   0   4.4
27.9   0   4.4
27.92   0   4.4
27.94   0   4.4
27.96   0   4.4
27.98   0   4.4
28   0   4.4
28.02   0   4.4
28.04   0   4.4
28.06   0   4.4
28.08   0   4.4
28.1   0   4.4
28.12   0   4.4
28.14   0   4.4
28.16   0   4.4
28.18   0   4.4
28.2   0   4.4
28.22   0   4.4
28.24   0   4.4
28.26   0   4.4
28.28   0   4.4
28.3   0   4.4
28.32   0   4.4
28.34   0   4.4
28.36   0   4.4
28.38   0   4.4
28.4   0   4.4
28.42   0   4.4
28.44   0   4.4
28.46   0   4.4
28.48   0   4.4
28.5   0   4.4
28.52   0   4.4
28.54   0   4.4
28.56   0   4.4
28.58   0   4.4
28.6   0   4.4
28.62   0   4.4
28.64   0   4.4
28.66   0   4.4
28.68   0   4.4
28.7   0   4.4
28.72   0   4.4
28.74   0   4.4
28.76   0   4.4
28.78   0   4.4
28.8   0   4.4
28.82   0   4.4
28.84   0   4.4
28.86   0   4.4
28.88   0   4.4
28.9   0   4.4
28.92   0   4.4
28.94   0   4.4
28.96   0   4.4
28.98   0   4.4
29   6.63045   4.4
29.02   6.8175   4.4
29.04   7.01258   4.4
29.06   7.21616   4.4
29.08   7.42872   4.4
29.1   7.65081   4.4
29.12   7.88301   4.4
29.14   8.12593   4.4
29.16   8.38026   4.4
29.18   8.6467   4.4
29.2   8.92605   4.4
29.22   9.21916   4.4
29.24   9.52693   4.4
29.26   9.85036   4.4
29.28   10.1905   4.4
29.3   10.5486   4.4
29.32   10.9259   4.4
29.34   11.3238   4.4
29.36   11.7439   4.4
29.38   12.1877   4.4
29.4   12.6571   4.4
29.42   13.1542   4.4
29.44   13.6811   4.4
29.46   14.2403   4.4
29.48   14.8344   4.4
29.5   15.4665   4.4
29.52   16.1398   4.4
29.54   16.858   4.4
29.56   17.6252   4.4
29.58   18.4459   4.4
29.6   19.3253   4.4
29.62   20.269   4.50211
29.64   21.2834   4.61339
29.66   22.3758   4.73031
29.68   23.5544   4.85329
29.7   24.8285   4.98282
29.72   26.2087   5.11945
29.74   27.7071   5.26375
29.76   29.3374   5.4164
29.78   31.1158   5.57815
29.8   33.0605   5.74982
29.82   35.193   5.93237
29.84   37.5382   6.12684
29.86   40.1252   6.33445
29.88   42.9884   6.55656
29.9   46.1686   6.79474
29.92   49.7139   7.05081
29.94   53.6825   7.32683
29.96   58.1441   7.62523
29.98   63.1836   7.94881
30   68.9049   8.3009
30.02   85.3216   9.23697
30.04   93.0997   9.64882
30.06   102.06   10.1025
30.08   112.457   10.6046
30.1   124.621   11.1634
30.12   138.978   11.7889
30.14   156.094   12.4938
30.16   176.726   13.2938
30.18   201.909   14.2095
30.2   233.08   15.267
30.22   272.288   16.5012
30.24   322.52   17.9588
30.26   388.293   19.7052
30.28   476.844   21.8368
30.3   600.873   24.5127
30.32   784.956   28.0171
30.34   1077.97   32.8325
30.36   1568.83   39.6084
30.38   2389.83   48.8858
30.4   3673.14   60.6065
30.42   5356.37   73.1872
30.44   6650.79   81.5524
30.46   6280.19   79.2476
30.48   4670.98   68.3445
30.5   3109.19   55.7601
30.52   2021.48   44.9609
30.54   1350.5   36.7491
30.56   953.258   30.8749
30.58   713.129   26.7045
30.6   558.686   23.6365
30.62   452.559   21.2734
30.64   376.001   19.3908
30.66   318.99   17.8603
30.68   275.585   16.6007
30.7   241.984   15.5558
30.72   215.638   14.6846
30.74   194.788   13.9567
30.76   178.194   13.3489
30.78   164.963   12.8438
30.8   154.447   12.4277
30.82   146.167   12.0899
30.84   139.769   11.8224
30.86   134.993   11.6187
30.88   131.649   11.4738
30.9   129.602   11.3843
30.92   128.763   11.3474
30.94   129.083   11.3615
30.96   130.547   11.4257
30.98   133.174   11.5401
31   137.018   11.7055
31.02   142.171   11.9235
31.04   148.763   12.1968
31.06   156.979   12.5291
31.08   167.061   12.9252
31.1   179.332   13.3915
31.12   194.217   13.9362
31.14   212.273   14.5696
31.16   234.246   15.3051
31.18   261.136   16.1597
31.2   294.305   17.1553
31.22   335.642   18.3205
31.24   387.819   19.6931
31.26   454.696   21.3236
31.28   542.031   23.2816
31.3   658.813   25.6673
31.32   820.215   28.6394
31.34   1054.62   32.475
31.36   1418.63   37.6647
31.38   2020.3   44.9477
31.4   3035.86   55.0987
31.42   4680.76   68.4161
31.44   7039.18   83.8998
31.46   9459.81   97.2615
31.48   10000   100
31.5   8038.51   89.6578
31.52   5504.39   74.1916
31.54   3576.09   59.8004
31.56   2343.53   48.4101
31.58   1606.96   40.087
31.6   1167.36   34.1666
31.62   891.206   29.8531
31.64   705.182   26.5553
31.66   572.426   23.9254
31.68   473.88   21.7688
31.7   398.68   19.967
31.72   340.039   18.4401
31.74   293.466   17.1309
31.76   255.887   15.9965
31.78   225.139   15.0046
31.8   199.667   14.1304
31.82   178.333   13.3541
31.84   160.289   12.6605
31.86   144.89   12.037
31.88   131.645   11.4737
31.9   120.168   10.9621
31.92   103.777   10.1871
31.94   95.1622   9.75511
31.96   87.5741   9.3581
31.98   80.8559   8.99199
32   74.88   8.65332
32.02   69.5412   8.33914
32.04   64.7523   8.04688
32.06   60.4405   7.77435
32.08   56.5445   7.51961
32.1   53.0126   7.28098
32.12   49.801   7.05698
32.14   46.8722   6.84632
32.16   44.1938   6.64784
32.18   41.7383   6.46052
32.2   39.4816   6.28344
32.22   37.4028   6.11579
32.24   35.4838   5.95683
32.26   33.7086   5.80591
32.28   32.0631   5.66243
32.3   30.5352   5.52586
32.32   29.1137   5.39571
32.34   27.7892   5.27155
32.36   26.5529   5.15296
32.38   25.7093   5.07044
32.4   24.6362   4.96349
32.42   23.6311   4.86118
32.44   22.6885   4.76324
32.46   21.8034   4.66941
32.48   20.9715   4.57946
32.5   20.1886   4.49317
32.52   19.4512   4.41035
32.54   18.7559   4.4
32.56   18.0998   4.4
32.58   17.4802   4.4
32.6   16.8944   4.4
32.62   16.3404   4.4
32.64   15.8161   4.4
32.66   15.3195   4.4
32.68   14.8489   4.4
32.7   14.4029   4.4
32.72   13.9799   4.4
32.74   13.5786   4.4
32.76   13.1979   4.4
32.78   12.8366   4.4
32.8   12.4938   4.4
32.82   12.1685   4.4
32.84   11.86   4.4
32.86   11.5674   4.4
32.88   11.2901   4.4
32.9   11.0275   4.4
32.92   10.779   4.4
32.94   10.5443   4.4
32.96   0.8626   4.4
32.98   0.903393   4.4
33   0.947145   4.4
33.02   0.99415   4.4
33.04   1.04474   4.4
33.06   1.09928   4.4
33.08   1.15821   4.4
33.1   1.22199   4.4
33.12   1.29119   4.4
33.14   1.36641   4.4
33.16   1.4484   4.4
33.18   1.53798   4.4
33.2   1.63612   4.4
33.22   1.74394   4.4
33.24   1.86274   4.4
33.26   1.99409   4.4
33.28   2.13979   4.4
33.3   2.30201   4.4
33.32   2.48334   4.4
33.34   2.68689   4.4
33.36   2.91644   4.4
33.38   3.17658   4.4
33.4   3.47297   4.4
33.42   3.81264   4.4
33.44   4.2044   4.4
33.46   4.65939   4.4
33.48   5.1919   4.4
33.5   5.82044   4.4
33.52   6.56933   4.4
33.54   7.47105   4.4
33.56   8.56964   4.4
33.58   9.92602   4.4
33.6   11.6262   4.4
33.62   13.7944   4.4
33.64   16.6163   4.4
33.66   20.3821   4.51465
33.68   25.5842   5.05809
33.7   33.148   5.75743
33.72   44.9189   6.70216
33.74   64.4034   8.02517
33.76   97.2579   9.86194
33.78   150.255   12.2579
33.8   225.516   15.0172
33.82   300.55   17.3364
33.84   313.219   17.698
33.86   248.906   15.7768
33.88   169.534   13.0205
33.9   109.94   10.4853
33.92   72.0483   8.48813
33.94   49.444   7.03164
33.96   35.9371   5.99475
33.98   27.4274   5.23711
34   21.6791   4.65608
34.02   17.5696   4.4
34.04   14.5164   4.4
34.06   12.1855   4.4
34.08   10.3676   4.4
34.1   8.92407   4.4
34.12   7.75962   4.4
34.14   6.80729   4.4
34.16   6.01888   4.4
34.18   5.35906   4.4
34.2   4.80148   4.4
34.22   4.32616   4.4
34.24   3.91776   4.4
34.26   3.56433   4.4
34.28   3.25648   4.4
34.3   2.98671   4.4
34.32   2.74902   4.4
34.34   2.53853   4.4
34.36   2.35125   4.4
34.38   2.18391   4.4
34.4   2.03377   4.4
34.42   1.89856   4.4
34.44   1.77637   4.4
34.46   1.66559   4.4
34.48   1.56484   4.4
34.5   1.47294   4.4
34.52   1.38889   4.4
34.54   1.31183   4.4
34.56   1.24099   4.4
34.58   1.17574   4.4
34.6   1.11549   4.4
34.62   1.05975   4.4
34.64   1.00808   4.4
34.66   0.960101   4.4
34.68   0.915459   4.4
34.7   0.873857   4.4
34.72   0.835025   4.4
34.74   0.798722   4.4
34.76   0.764734   4.4
34.78   0.732868   4.4
34.8   0.702952   4.4
34.82   0.674829   4.4
34.84   0.648359   4.4
34.86   0.623416   4.4
34.88   0.599884   4.4
34.9   0.577658   4.4
34.92   0.556644   4.4
34.94   0.536756   4.4
34.96   0.517914   4.4
34.98   0.500047   4.4
35   0.483088   4.4
35.02   0.466976   4.4
35.04   0.451657   4.4
35.06   1.09512   4.4
35.08   1.09985   4.4
35.1   1.10604   4.4
35.12   1.11369   4.4
35.14   1.12281   4.4
35.16   1.13342   4.4
35.18   1.14555   4.4
35.2   1.15923   4.4
35.22   1.1745   4.4
35.24   1.1914   4.4
35.26   1.21   4.4
35.28   1.23036   4.4
35.3   1.25254   4.4
35.32   0.978859   4.4
35.34   1.01279   4.4
35.36   1.04851   4.4
35.38   1.08616   4.4
35.4   1.12587   4.4
35.42   2.61399   4.4
35.44   2.69921   4.4
35.46   2.78876   4.4
35.48   2.88294   4.4
35.5   2.98209   4.4
35.52   3.08657   4.4
35.54   3.19678   4.4
35.56   3.31315   4.4
35.58   3.43616   4.4
35.6   3.56635   4.4
35.62   3.7043   4.4
35.64   3.85065   4.4
35.66   4.00613   4.4
35.68   4.17152   4.4
35.7   4.34771   4.4
35.72   4.53571   4.4
35.74   4.73662   4.4
35.76   4.95169   4.4
35.78   5.18233   4.4
35.8   5.43015   4.4
35.82   5.69694   4.4
35.84   5.98479   4.4
35.86   6.29604   4.4
35.88   6.63343   4.4
35.9   7.00008   4.4
35.92   7.39963   4.4
35.94   7.83633   4.4
35.96   8.31514   4.4
35.98   8.84193   4.4
36   9.42365   4.4
36.02   10.0686   4.4
36.04   10.7868   4.4
36.06   11.5904   4.4
36.08   12.4942   4.4
36.1   13.5166   4.4
36.12   14.6804   4.4
36.14   16.0145   4.4
36.16   17.5558   4.4
36.18   19.3519   4.4
36.2   21.4658   4.63311
36.22   23.981   4.89703
36.24   27.0115   5.19726
36.26   30.7156   5.54216
36.28   35.318   5.9429
36.3   41.1472   6.41461
36.32   48.7021   6.97869
36.34   58.7911   7.66753
36.36   72.8593   8.53577
36.38   93.7337   9.68162
36.4   126.975   11.2683
36.42   182.351   13.5037
36.44   273.56   16.5397
36.46   412.101   20.3003
36.48   581.978   24.1242
36.5   685.03   26.1731
36.52   614.098   24.781
36.54   451.118   21.2395
36.56   309.751   17.5998
36.58   216.751   14.7225
36.6   162.982   12.7664
36.62   134.774   11.6092
36.64   122.045   11.0474
36.66   119.297   10.9223
36.68   124.417   11.1542
36.7   137.534   11.7275
36.72   160.882   12.6839
36.74   200.032   14.1433
36.76   266.678   16.3303
36.78   381.83   19.5405
36.8   575.279   23.985
36.82   872.498   29.5381
36.84   1240.28   35.2176
36.86   1466.41   38.2938
36.88   1310.29   36.1979
36.9   944.968   30.7403
36.92   623.207   24.9641
36.94   406.134   20.1528
36.96   273.709   16.5442
36.98   195.077   13.967
37   146.821   12.117
37.02   115.147   10.7306
37.04   92.9597   9.64156
37.06   76.6778   8.75659
37.08   64.345   8.02153
37.1   54.779   7.40128
37.12   48.5554   6.96817
37.14   42.5062   6.51968
37.16   37.5766   6.12998
37.18   33.5086   5.78866
37.2   30.1141   5.48763
37.22   27.254   5.22053
37.24   24.8232   4.98228
37.26   22.7414   4.7688
37.28   20.9466   4.57675
37.3   19.3899   4.4034
37.32   18.0327   4.4
37.34   16.8439   4.4
37.36   15.7987   4.4
37.38   14.8765   4.4
37.4   14.0607   4.4
37.42   13.3375   4.4
37.44   12.6953   4.4
37.46   12.1247   4.4
37.48   11.6176   4.4
37.5   11.1672   4.4
37.52   10.7678   4.4
37.54   10.4147   4.4
37.56   10.1038   4.4
37.58   9.83153   4.4
37.6   9.59519   4.4
37.62   9.39234   4.4
37.64   9.22099   4.4
37.66   9.07957   4.4
37.68   8.96681   4.4
37.7   8.88179   4.4
37.72   8.82384   4.4
37.74   8.79263   4.4
37.76   8.78805   4.4
37.78   8.81031   4.4
37.8   8.85987   4.4
37.82   8.9375   4.4
37.84   9.04428   4.4
37.86   9.18163   4.4
37.88   9.35134   4.4
37.9   9.55562   4.4
37.92   9.79717   4.4
37.94   10.0792   4.4
37.96   9.76232   4.4
37.98   10.155   4.4
38   10.6015   4.4
38.02   11.1085   4.4
38.04   11.6839   4.4
38.06   12.3371   4.4
38.08   13.0796   4.4
38.1   13.9252   4.4
38.12   14.8907   4.4
38.14   15.9968   4.4
38.16   17.2688   4.4
38.18   18.7385   4.4
38.2   20.4455   4.52167
38.22   22.4405   4.73714
38.24   24.7883   4.97878
38.26   27.5729   5.25099
38.28   30.9054   5.55926
38.3   34.9341   5.9105
38.32   38.4454   6.20044
38.34   44.5877   6.6774
38.36   52.3019   7.23201
38.38   62.1629   7.88434
38.4   75.0318   8.66209
38.42   92.2672   9.60558
38.44   116.201   10.7797
38.46   151.266   12.299
38.48   206.309   14.3635
38.5   297.899   17.2597
38.52   452.042   21.2613
38.54   698.174   26.423
38.56   1038.91   32.2322
38.58   1352.52   36.7766
38.6   1360.11   36.8796
38.62   1052.88   32.4481
38.64   709.661   26.6395
38.66   459.593   21.4381
38.68   302.449   17.3911
38.7   209.002   14.4569
38.72   152.926   12.3663
38.74   117.3   10.8305
38.76   93.0411   9.64578
38.78   75.6012   8.69489
38.8   62.5946   7.91168
38.82   52.6369   7.25513
38.84   44.8526   6.69721
38.86   38.6585   6.21759
38.88   33.6531   5.80113
38.9   29.5531   5.43627
38.92   26.154   5.1141
38.94   23.3059   4.82762
38.96   20.8964   4.57125
38.98   18.8403   4.4
39   17.0721   4.4
39.02   15.5406   4.4
39.04   14.2056   4.4
39.06   13.035   4.4
39.08   12.0029   4.4
39.1   11.0884   4.4
39.12   10.2743   4.4
39.14   9.54656   4.4
39.16   8.89332   4.4
39.18   8.30481   4.4
39.2   7.77277   4.4
39.22   7.29022   4.4
39.24   6.85122   4.4
39.26   6.4507   4.4
39.28   6.08431   4.4
39.3   5.74827   4.4
39.32   5.43935   4.4
39.34   5.15471   4.4
39.36   4.89188   4.4
39.38   4.64869   4.4
39.4   4.42325   4.4
39.42   4.21388   4.4
39.44   4.0191   4.4
39.46   3.83759   4.4
39.48   3.66819   4.4
39.5   3.50985   4.4
39.52   3.36164   4.4
39.54   3.22274   4.4
39.56   3.09239   4.4
39.58   2.96993   4.4
39.6   2.85474   4.4
39.62   2.74629   4.4
39.64   2.64408   4.4
39.66   2.54767   4.4
39.68   2.45667   4.4
39.7   2.37072   4.4
39.72   2.28948   4.4
39.74   2.21268   4.4
39.76   2.14007   4.4
39.78   2.07141   4.4
39.8   2.00653   4.4
39.82   1.94526   4.4
39.84   1.88749   4.4
39.86   1.83315   4.4
39.88   2.1987   4.4
39.9   2.16301   4.4
39.92   2.13141   4.4
39.94   2.10419   4.4
39.96   2.08181   4.4
39.98   2.06503   4.4
40   2.05505   4.4
40.02   2.05394   4.4
40.04   2.06547   4.4
40.06   2.09717   4.4
40.08   0.855375   4.4
40.1   1.017   4.4
40.12   1.27251   4.4
40.14   1.64763   4.4
40.16   2.08678   4.4
40.18   2.32041   4.4
40.2   2.1175   4.4
40.22   1.72405   4.4
40.24   1.40085   4.4
40.26   1.1975   4.4
40.28   1.08726   4.4
40.3   1.03575   4.4
40.32   1.018   4.4
40.34   1.01972   4.4
40.36   1.03371   4.4
40.38   1.05643   4.4
40.4   1.08603   4.4
40.42   1.12148   4.4
40.44   1.16223   4.4
40.46   1.208   4.4
40.48   1.25874   4.4
40.5   1.31454   4.4
40.52   1.37561   4.4
40.54   1.44227   4.4
40.56   1.51493   4.4
40.58   1.59412   4.4
40.6   1.68046   4.4
40.62   1.77467   4.4
40.64   1.87763   4.4
40.66   1.99033   4.4
40.68   2.11396   4.4
40.7   2.24989   4.4
40.72   2.39975   4.4
40.74   2.56542   4.4
40.76   2.74915   4.4
40.78   2.95362   4.4
40.8   3.18202   4.4
40.82   3.43816   4.4
40.84   3.72668   4.4
40.86   4.05321   4.4
40.88   4.42468   4.4
40.9   4.84965   4.4
40.92   5.33882   4.4
40.94   5.9057   4.4
40.96   6.5675   4.4
40.98   7.34647   4.4
41   8.27171   4.4
41.02   9.38186   4.4
41.04   10.729   4.4
41.06   12.3848   4.4
41.08   14.4496   4.4
41.1   17.0673   4.4
41.12   20.4503   4.5222
41.14   24.9246   4.99246
41.16   31.0269   5.57018
41.18   39.7327   6.30339
41.2   52.969   7.27798
41.22   74.5058   8.63167
41.24   110.836   10.5279
41.26   170.738   13.0667
41.28   260.615   16.1436
41.3   366.04   19.1322
41.32   418.379   20.4543
41.34   360.162   18.9779
41.36   254.353   15.9484
41.38   166.262   12.8943
41.4   108.046   10.3945
41.42   72.8525   8.53537
41.44   51.9759   7.20943
41.46   39.0988   6.25291
41.48   30.593   5.5311
41.5   24.6112   4.96097
41.52   20.2155   4.49616
41.54   16.8867   4.4
41.56   14.3075   4.4
41.58   12.271   4.4
41.6   10.6362   4.4
41.62   9.30498   4.4
41.64   8.20553   4.4
41.66   7.28992   4.4
41.68   6.51855   4.4
41.7   5.8628   4.4
41.72   5.30078   4.4
41.74   4.81551   4.4
41.76   4.3937   4.4
41.78   4.02477   4.4
41.8   3.70028   4.4
41.82   3.41339   4.4
41.84   3.15851   4.4
41.86   2.93108   4.4
41.88   2.7273   4.4
41.9   2.544   4.4
41.92   2.37854   4.4
41.94   2.22868   4.4
41.96   2.09252   4.4
41.98   1.96845   4.4
42   1.85507   4.4
42.02   1.7512   4.4
42.04   1.6558   4.4
42.06   1.56798   4.4
42.08   1.48695   4.4
42.1   1.41204   4.4
42.12   1.34265   4.4
42.14   1.27824   4.4
42.16   1.21835   4.4
42.18   1.16257   4.4
42.2   1.11053   4.4
42.22   1.0619   4.4
42.24   1.0164   4.4
42.26   0.973754   4.4
42.28   0.933737   4.4
42.3   0.896135   4.4
42.32   0.860758   4.4
42.34   0.827433   4.4
42.36   0.796006   4.4
42.38   0.766334   4.4
42.4   0.73829   4.4
42.42   0.711756   4.4
42.44   0.686627   4.4
42.46   0.662804   4.4
42.48   0.6402   4.4
42.5   0.618732   4.4
42.52   0.598325   4.4
42.54   0.578911   4.4
42.56   0.560426   4.4
42.58   0.542812   4.4
42.6   0.526015   4.4
42.62   0.509985   4.4
42.64   0.494677   4.4
42.66   0.480048   4.4
42.68   0.466058   4.4
42.7   0.45267   4.4
42.72   0.439851   4.4
42.74   0.427569   4.4
42.76   0.415793   4.4
42.78   0   4.4
42.8   0   4.4
42.82   0   4.4
42.84   0   4.4
42.86   0   4.4
42.88   0   4.4
42.9   0   4.4
42.92   5.08599   4.4
42.94   5.23029   4.4
42.96   5.38082   4.4
42.98   5.53794   4.4
43   5.70204   4.4
43.02   5.87354   4.4
43.04   6.0529   4.4
43.06   6.24059   4.4
43.08   6.43714   4.4
43.1   6.64312   4.4
43.12   6.85915   4.4
43.14   7.08588   4.4
43.16   7.32403   4.4
43.18   7.57439   4.4
43.2   7.8378   4.4
43.22   8.11518   4.4
43.24   8.40754   4.4
43.26   8.71598   4.4
43.28   9.0417   4.4
43.3   9.38601   4.4
43.32   9.75035   4.4
43.34   10.1363   4.4
43.36   10.5456   4.4
43.38   10.9802   4.4
43.4   11.4422   4.4
43.42   11.934   4.4
43.44   12.4581   4.4
43.46   13.0175   4.4
43.48   13.6153   4.4
43.5   14.2553   4.4
43.52   14.9415   4.4
43.54   15.6783   4.4
43.56   16.4709   4.4
43.58   17.3251   4.4
43.6   18.2474   4.4
43.62   19.2453   4.4
43.64   20.3272   4.50857
43.66   21.5027   4.63711
43.68   22.7831   4.77317
43.7   24.1811   4.91743
43.72   25.7116   5.07066
43.74   27.3917   5.23371
43.76   29.2417   5.40756
43.78   31.2851   5.59331
43.8   33.5499   5.79223
43.82   36.069   6.00574
43.84   38.8819   6.23553
43.86   42.0359   6.48351
43.88   45.5884   6.75192
43.9   49.6091   7.04337
43.92   54.1836   7.36095
43.94   59.418   7.7083
43.96   65.4448   8.08979
43.98   72.4314   8.51066
44   80.5915   8.97728
44.02   90.2013   9.49744
44.04   101.622   10.0808
44.06   115.335   10.7394
44.08   131.99   11.4887
44.1   152.478   12.3482
44.12   178.054   13.3437
44.14   210.519   14.5093
44.16   252.536   15.8914
44.18   308.211   17.5559
44.2   384.339   19.6046
44.22   493.368   22.2119
44.24   659.963   25.6898
44.26   932.125   30.5307
44.28   1391.45   37.3022
44.3   2145.72   46.3219
44.32   3265.7   57.1463
44.34   4541.05   67.3873
44.36   5091.86   71.3573
44.38   4304.09   65.6055
44.4   3012.89   54.8898
44.42   1964.93   44.3275
44.44   1278.75   35.7596
44.46   865.356   29.4169
44.48   619.881   24.8974
44.5   467.812   21.629
44.52   366.869   19.1538
44.54   295.618   17.1935
44.56   243.129   15.5926
44.58   203.309   14.2587
44.6   172.413   13.1306
44.62   147.986   12.1649
44.64   128.357   11.3295
44.66   112.359   10.5999
44.68   99.1535   9.95759
44.7   88.1318   9.38785
44.72   78.8401   8.8792
44.74   70.9364   8.42238
44.76   64.1588   8.00992
44.78   58.3039   7.6357
44.8   53.2122   7.29467
44.82   48.7571   6.98263
44.84   44.8372   6.69606
44.86   41.3701   6.43196
44.88   38.2891   6.18782
44.9   35.539   5.96146
44.92   33.0741   5.75101
44.94   30.8564   5.55486
44.96   28.8541   5.3716
44.98   27.0401   5.20001
45   25.3917   5.03901
45.02   23.8892   4.88766
45.04   22.516   4.74511
45.06   21.2578   4.61061
45.08   20.1019   4.48352
45.1   19.0377   4.4
45.12   18.0557   4.4
45.14   17.1477   4.4
45.16   16.3064   4.4
45.18   15.5255   4.4
45.2   14.7992   4.4
45.22   14.1228   4.4
45.24   13.4916   4.4
45.26   12.9017   4.4
45.28   12.3497   4.4
45.3   11.8323   4.4
45.32   11.3468   4.4
45.34   10.8905   4.4
45.36   10.4611   4.4
45.38   10.0567   4.4
45.4   9.67523   4.4
45.42   9.31505   4.4
45.44   8.9746   4.4
45.46   8.65246   4.4
45.48   8.34736   4.4
45.5   8.0581   4.4
45.52   7.78361   4.4
45.54   7.5229   4.4
45.56   7.27507   4.4
45.58   7.03928   4.4
45.6   6.81477   4.4
45.62   6.60082   4.4
45.64   6.39678   4.4
45.66   6.20206   4.4
45.68   6.01609   4.4
45.7   5.83836   4.4
45.72   5.66838   4.4
45.74   5.50572   4.4
45.76   5.34996   4.4
45.78   5.20071   4.4
45.8   5.05762   4.4
45.82   0   4.4
45.84   0   4.4
45.86   0   4.4
45.88   0   4.4
45.9   0   4.4
45.92   0   4.4
45.94   0   4.4
45.96   0   4.4
45.98   0   4.4
46   0   4.4
46.02   0   4.4
46.04   0   4.4
46.06   0   4.4
46.08   0   4.4
46.1   0   4.4
46.12   0   4.4
46.14   0   4.4
46.16   0   4.4
46.18   0   4.4
46.2   0   4.4
46.22   0   4.4
46.24   0   4.4
46.26   0   4.4
46.28   0   4.4
46.3   0   4.4
46.32   0   4.4
46.34   0   4.4
46.36   0   4.4
46.38   0   4.4
46.4   0   4.4
46.42   0   4.4
46.44   0   4.4
46.46   0   4.4
46.48   0   4.4
46.5   0   4.4
46.52   0   4.4
46.54   0   4.4
46.56   0   4.4
46.58   0   4.4
46.6   0   4.4
46.62   0   4.4
46.64   0   4.4
46.66   0   4.4
46.68   0   4.4
46.7   0   4.4
46.72   0   4.4
46.74   0   4.4
46.76   0   4.4
46.78   0   4.4
46.8   0   4.4
46.82   0   4.4
46.84   0   4.4
46.86   0   4.4
46.88   0   4.4
46.9   0   4.4
46.92   0   4.4
46.94   0   4.4
46.96   0   4.4
46.98   0   4.4
47   0   4.4
47.02   0   4.4
47.04   0   4.4
47.06   0   4.4
47.08   0   4.4
47.1   0   4.4
47.12   0   4.4
47.14   0   4.4
47.16   0   4.4
47.18   0   4.4
47.2   0   4.4
47.22   0   4.4
47.24   0   4.4
47.26   0   4.4
47.28   0   4.4
47.3   0   4.4
47.32   0   4.4
47.34   0   4.4
47.36   0   4.4
47.38   0   4.4
47.4   0   4.4
47.42   0   4.4
47.44   0   4.4
47.46   0   4.4
47.48   0.048832   4.4
47.5   0.0501868   4.4
47.52   0.0515987   4.4
47.54   0.053071   4.4
47.56   0.0546072   4.4
47.58   0.056211   4.4
47.6   0.0578866   4.4
47.62   0.0596381   4.4
47.64   0.0614703   4.4
47.66   0.0633883   4.4
47.68   0.0653973   4.4
47.7   0.0675034   4.4
47.72   0.0697128   4.4
47.74   0.0720324   4.4
47.76   0.0744697   4.4
47.78   0.691996   4.4
47.8   0.711936   4.4
47.82   0.732754   4.4
47.84   0.754505   4.4
47.86   0.777245   4.4
47.88   0.801035   4.4
47.9   0.825942   4.4
47.92   0.852037   4.4
47.94   0.879397   4.4
47.96   0.908106   4.4
47.98   0.938255   4.4
48   0.969944   4.4
48.02   1.00328   4.4
48.04   1.03838   4.4
48.06   1.07537   4.4
48.08   1.1144   4.4
48.1   1.15561   4.4
48.12   1.19918   4.4
48.14   1.24528   4.4
48.16   1.29414   4.4
48.18   1.34596   4.4
48.2   1.401   4.4
48.22   1.45954   4.4
48.24   1.52189   4.4
48.26   1.58839   4.4
48.28   1.65943   4.4
48.3   1.73543   4.4
48.32   1.81688   4.4
48.34   1.90434   4.4
48.36   1.99843   4.4
48.38   2.09984   4.4
48.4   2.2094   4.4
48.42   2.76064   4.4
48.44   2.90162   4.4
48.46   3.0545   4.4
48.48   3.22076   4.4
48.5   3.40214   4.4
48.52   3.60066   4.4
48.54   3.81875   4.4
48.56   4.05933   4.4
48.58   4.32589   4.4
48.6   4.62275   4.4
48.62   4.95521   4.4
48.64   5.32994   4.4
48.66   5.75543   4.4
48.68   6.24266   4.4
48.7   6.80613   4.4
48.72   7.46544   4.4
48.74   8.24773   4.4
48.76   9.19195   4.4
48.78   10.3569   4.4
48.8   11.8394   4.4
48.82   13.8163   4.4
48.84   16.6302   4.4
48.86   20.9112   4.57288
48.88   27.6378   5.25717
48.9   37.9121   6.15728
48.92   51.8352   7.19966
48.94   64.9161   8.05705
48.96   67.1008   8.19151
48.98   58.4936   7.64811
49   49.3973   7.02832
49.02   44.6124   6.67925
49.04   44.44   6.66634
49.06   48.3613   6.95423
49.08   56.3435   7.50623
49.1   69.4865   8.33585
49.12   90.8667   9.5324
49.14   126.852   11.2628
49.16   188.122   13.7158
49.18   288.058   16.9723
49.2   432.884   20.8059
49.22   585.892   24.2052
49.24   628.43   25.0685
49.26   511.836   22.6238
49.28   353.228   18.7944
49.3   230.802   15.1922
49.32   152.181   12.3362
49.34   105.208   10.2571
49.36   77.3234   8.79337
49.38   59.9889   7.74525
49.4   48.4816   6.96288
49.42   40.427   6.35822
49.44   34.6065   5.88273
49.46   30.3351   5.50773
49.48   27.1926   5.21466
49.5   24.9101   4.99101
49.52   23.3135   4.82841
49.54   22.2934   4.72159
49.56   21.7885   4.66781
49.58   21.7763   4.66651
49.6   22.2714   4.71926
49.62   23.3281   4.82991
49.64   25.0505   5.00505
49.66   27.6125   5.25476
49.68   31.2949   5.59419
49.7   36.5647   6.04688
49.72   44.2601   6.65283
49.74   56.0223   7.48481
49.76   75.1224   8.66732
49.78   107.48   10.3672
49.8   161.805   12.7203
49.82   246.537   15.7015
49.84   356.407   18.8788
49.86   437.193   20.9092
49.88   407.546   20.1878
49.9   301.108   17.3525
49.92   200.265   14.1515
49.94   130.531   11.425
49.96   87.5766   9.35824
49.98   62.0767   7.87887
50   46.5553   6.82314
50.02   36.476   6.03953
50.04   29.475   5.42909
50.06   24.365   4.93609
50.08   20.5076   4.52853
50.1   17.5226   4.4
50.12   15.1653   4.4
50.14   13.2712   4.4
50.16   11.7261   4.4
50.18   10.4486   4.4
50.2   9.37998   4.4
50.22   8.47671   4.4
50.24   7.70612   4.4
50.26   7.0433   4.4
50.28   6.46904   4.4
50.3   5.96835   4.4
50.32   5.52944   4.4
50.34   5.14297   4.4
50.36   4.80155   4.4
50.38   4.4994   4.4
50.4   4.23206   4.4
50.42   3.99637   4.4
50.44   3.74295   4.4
50.46   3.56802   4.4
50.48   3.42561   4.4
50.5   3.32426   4.4
50.52   3.28291   4.4
50.54   3.33486   4.4
50.56   3.52391   4.4
50.58   3.87549   4.4
50.6   4.28773   4.4
50.62   4.37873   4.4
50.64   3.92476   4.4
50.66   3.29401   4.4
50.68   2.77942   4.4
50.7   1.81389   4.4
50.72   1.58709   4.4
50.74   1.43212   4.4
50.76   1.31841   4.4
50.78   1.22866   4.4
50.8   1.154   4.4
50.82   1.08981   4.4
50.84   1.03337   4.4
50.86   0.98297   4.4
50.88   0.937419   4.4
50.9   0.895868   4.4
50.92   0.857687   4.4
50.94   0.822396   4.4
50.96   0.789618   4.4
50.98   0.759055   4.4
51   0.73046   4.4
51.02   0.70363   4.4
51.04   0.678395   4.4
51.06   0.654608   4.4
51.08   0.632143   4.4
51.1   0.610891   4.4
51.12   0.590755   4.4
51.14   0.57165   4.4
51.16   0.5535   4.4
51.18   0.536237   4.4
51.2   0.519799   4.4
51.22   0.504132   4.4
51.24   0.489184   4.4
51.26   0.474909   4.4
51.28   0.461267   4.4
51.3   0.448217   4.4
51.32   0.435726   4.4
51.34   0.00836048   4.4
51.36   0.00791857   4.4
51.38   0.3245   4.4
51.4   0.332924   4.4
51.42   0.341747   4.4
51.44   0.350988   4.4
51.46   0.360668   4.4
51.48   0.370808   4.4
51.5   0.381432   4.4
51.52   0.392569   4.4
51.54   0.404245   4.4
51.56   0.416494   4.4
51.58   0.429348   4.4
51.6   0.442846   4.4
51.62   0.457027   4.4
51.64   0.471935   4.4
51.66   0.487618   4.4
51.68   0.504129   4.4
51.7   0.521523   4.4
51.72   0.539862   4.4
51.74   0.559214   4.4
51.76   0.579653   4.4
51.78   0.60126   4.4
51.8   0.624123   4.4
51.82   0.64834   4.4
51.84   0.674018   4.4
51.86   0.701274   4.4
51.88   0.730241   4.4
51.9   0.761061   4.4
51.92   0.793895   4.4
51.94   0.828921   4.4
51.96   0.866336   4.4
51.98   1.0748   4.4
52   1.12236   4.4
52.02   1.17325   4.4
52.04   1.2278   4.4
52.06   1.28636   4.4
52.08   1.34731   4.4
52.1   1.41525   4.4
52.12   1.48861   4.4
52.14   1.56798   4.4
52.16   1.65406   4.4
52.18   1.74764   4.4
52.2   1.84963   4.4
52.22   1.96107   4.4
52.24   2.0832   4.4
52.26   2.21746   4.4
52.28   2.36551   4.4
52.3   2.52936   4.4
52.32   2.71136   4.4
52.34   2.91433   4.4
52.36   3.14167   4.4
52.38   3.39749   4.4
52.4   3.68682   4.4
52.42   4.01583   4.4
52.44   4.39222   4.4
52.46   4.82562   4.4
52.48   5.32824   4.4
52.5   5.91577   4.4
52.52   6.60855   4.4
52.54   7.4334   4.4
52.56   8.4262   4.4
52.58   9.63577   4.4
52.6   11.1298   4.4
52.62   13.0044   4.4
52.64   15.3991   4.4
52.66   18.5236   4.4
52.68   22.7103   4.76554
52.7   28.5343   5.34175
52.72   37.0955   6.09061
52.74   50.5875   7.11249
52.76   73.0797   8.54867
52.78   110.846   10.5283
52.8   170.714   13.0657
52.82   252.15   15.8792
52.84   323.001   17.9722
52.86   317.788   17.8266
52.88   242.627   15.5765
52.9   163.05   12.7691
52.92   106.066   10.2988
52.94   70.5395   8.39878
52.96   49.499   7.03556
52.98   36.8958   6.07419
53   28.9103   5.37683
53.02   23.5143   4.84916
53.04   19.694   4.4378
53.06   16.9173   4.4
53.08   14.8763   4.4
53.1   13.3797   4.4
53.12   12.305   4.4
53.14   11.5745   4.4
53.16   11.1421   4.4
53.18   10.9871   4.4
53.2   11.1111   4.4
53.22   11.5396   4.4
53.24   12.3279   4.4
53.26   13.5735   4.4
53.28   15.4437   4.4
53.3   18.2397   4.4
53.32   22.5499   4.74868
53.34   29.5566   5.4366
53.36   41.4501   6.43817
53.38   61.5866   7.84771
53.4   93.5598   9.67263
53.42   136.823   11.6972
53.44   173.562   13.1743
53.46   169.164   13.0063
53.48   128.574   11.339
53.5   86.4469   9.29768
53.52   56.4298   7.51198
53.54   37.7112   6.14094
53.56   26.574   5.155
53.58   19.8373   4.45391
53.6   15.5049   4.4
53.62   12.5195   4.4
53.64   10.3508   4.4
53.66   8.71818   4.4
53.68   7.45668   4.4
53.7   6.46131   4.4
53.72   5.66173   4.4
53.74   5.00933   4.4
53.76   4.46963   4.4
53.78   4.01772   4.4
53.8   3.6352   4.4
53.82   3.30826   4.4
53.84   3.02639   4.4
53.86   2.78146   4.4
53.88   2.56712   4.4
53.9   2.37832   4.4
53.92   2.21104   4.4
53.94   2.06203   4.4
53.96   3.41121   4.4
53.98   3.33328   4.4
54   3.26879   4.4
54.02   3.21633   4.4
54.04   3.17475   4.4
54.06   3.1431   4.4
54.08   3.1206   4.4
54.1   3.10661   4.4
54.12   3.10062   4.4
54.14   3.10222   4.4
54.16   3.11108   4.4
54.18   3.12696   4.4
54.2   3.14969   4.4
54.22   3.17916   4.4
54.24   3.21532   4.4
54.26   3.25818   4.4
54.28   3.3078   4.4
54.3   3.36429   4.4
54.32   3.42783   4.4
54.34   3.19101   4.4
54.36   3.27741   4.4
54.38   3.37136   4.4
54.4   3.47325   4.4
54.42   3.58355   4.4
54.44   3.7028   4.4
54.46   3.8316   4.4
54.48   3.97065   4.4
54.5   4.12073   4.4
54.52   4.28271   4.4
54.54   4.45761   4.4
54.56   4.64654   4.4
54.58   4.85079   4.4
54.6   6.47513   4.4
54.62   6.75435   4.4
54.64   7.05556   4.4
54.66   7.38098   4.4
54.68   7.73317   4.4
54.7   8.11502   4.4
54.72   8.52987   4.4
54.74   8.98155   4.4
54.76   9.47449   4.4
54.78   10.0138   4.4
54.8   10.6056   4.4
54.82   11.2568   4.4
54.84   11.9757   4.4
54.86   12.772   4.4
54.88   13.6576   4.4
54.9   14.6463   4.4
54.92   15.755   4.4
54.94   16.8411   4.4
54.96   18.2604   4.4
54.98   19.8763   4.45829
55   21.7277   4.6613
55.02   23.8634   4.88502
55.04   26.346   5.13283
55.06   29.2557   5.40885
55.08   32.6979   5.71821
55.1   36.8123   6.06731
55.12   41.7873   6.46431
55.14   47.8817   6.91966
55.16   55.4585   7.44705
55.18   65.0385   8.06465
55.2   77.3904   8.79718
55.22   93.6973   9.67974
55.24   115.912   10.7662
55.26   147.599   12.149
55.28   195.812   13.9933
55.3   274.308   16.5622
55.32   406.597   20.1643
55.34   624.04   24.9808
55.36   948.198   30.7928
55.38   1321.96   36.3587
55.4   1493.71   38.6485
55.42   1273.59   35.6874
55.44   897.467   29.9578
55.46   589.196   24.2734
55.48   386.842   19.6683
55.5   265.081   16.2813
55.52   193.175   13.8988
55.54   149.1   12.2107
55.56   120.305   10.9684
55.58   100.428   10.0214
55.6   86.245   9.28682
55.62   75.9789   8.71659
55.64   68.5595   8.28007
55.66   63.3083   7.95665
55.68   59.7913   7.73248
55.7   57.7398   7.59867
55.72   57.0067   7.55028
55.74   57.5443   7.58579
55.76   59.3971   7.70695
55.78   62.7093   7.91892
55.8   67.7471   8.23087
55.82   74.9438   8.65701
55.84   84.9807   9.2185
55.86   98.9419   9.94696
55.88   118.65   10.8927
55.9   147.466   12.1436
55.92   192.07   13.8589
55.94   265.508   16.2944
55.96   390.07   19.7502
55.98   595.439   24.4016
56   901.843   30.0307
56.02   1254.45   35.4182
56.04   1414.17   37.6055
56.06   1203.26   34.688
56.08   846.385   29.0927
56.1   554.308   23.5437
56.12   362.588   19.0418
56.14   246.735   15.7078
56.16   177.867   13.3367
56.18   135.181   11.6267
56.2   106.824   10.3356
56.22   86.7799   9.31557
56.24   71.9839   8.48433
56.26   60.731   7.79301
56.28   51.9749   7.20936
56.3   45.0304   6.71047
56.32   39.4313   6.27943
56.34   34.8512   5.90349
56.36   31.0568   5.57286
56.38   27.8776   5.27992
56.4   25.187   5.01867
56.42   22.8895   4.78429
56.44   20.9116   4.57292
56.46   19.1965   4.4
56.48   17.6995   4.4
56.5   16.3851   4.4
56.52   15.2248   4.4
56.54   14.1955   4.4
56.56   13.2784   4.4
56.58   12.4579   4.4
56.6   11.7214   4.4
56.62   11.0581   4.4
56.64   10.4589   4.4
56.66   9.91637   4.4
56.68   9.42409   4.4
56.7   8.97661   4.4
56.72   8.56929   4.4
56.74   8.19817   4.4
56.76   7.85987   4.4
56.78   7.55148   4.4
56.8   7.27053   4.4
56.82   7.01491   4.4
56.84   6.78284   4.4
56.86   5.13624   4.4
56.88   4.98559   4.4
56.9   4.85329   4.4
56.92   4.73871   4.4
56.94   4.64142   4.4
56.96   4.56122   4.4
56.98   4.49817   4.4
57   4.45257   4.4
57.02   4.42498   4.4
57.04   4.41632   4.4
57.06   4.42785   4.4
57.08   4.46126   4.4
57.1   4.51881   4.4
57.12   4.60338   4.4
57.14   4.71871   4.4
57.16   4.86956   4.4
57.18   5.06211   4.4
57.2   5.30432   4.4
57.22   5.60661   4.4
57.24   5.98269   4.4
57.26   6.45087   4.4
57.28   7.03597   4.4
57.3   7.77214   4.4
57.32   8.70738   4.4
57.34   9.91057   4.4
57.36   11.4834   4.4
57.38   13.5821   4.4
57.4   16.4637   4.4
57.42   20.5953   4.5382
57.44   26.8993   5.18645
57.46   37.1815   6.09766
57.48   54.5555   7.38617
57.5   81.88   9.04876
57.52   125.014   11.181
57.54   175.74   13.2567
57.56   201.216   14.1851
57.58   173.511   13.1723
57.6   122.638   11.0742
57.62   80.1824   8.95446
57.64   52.1002   7.21805
57.66   35.1179   5.92604
57.68   25.0449   5.00449
57.7   18.8342   4.4
57.72   14.7336   4.4
57.74   11.8508   4.4
57.76   9.73285   4.4
57.78   8.12925   4.4
57.8   6.88697   4.4
57.82   5.90613   4.4
57.84   5.11889   4.4
57.86   4.47788   4.4
57.88   3.94929   4.4
57.9   3.50846   4.4
57.92   3.13709   4.4
57.94   2.82141   4.4
57.96   2.55086   4.4
57.98   2.31727   4.4
58   2.11423   4.4
58.02   1.93666   4.4
58.04   1.78048   4.4
58.06   1.6424   4.4
58.08   1.51973   4.4
58.1   1.41028   4.4
58.12   1.31221   4.4
58.14   1.224   4.4
58.16   1.14437   4.4
58.18   1.07226   4.4
58.2   1.00674   4.4
58.22   0.947031   4.4
58.24   0.892475   4.4
58.26   0.842494   4.4
58.28   0.79659   4.4
58.3   0.754333   4.4
58.32   0.715346   4.4
58.34   0.679302   4.4
58.36   0.645912   4.4
58.38   0.614921   4.4
58.4   0.586106   4.4
58.42   0.559268   4.4
58.44   0.53423   4.4
58.46   0.510834   4.4
58.48   0.488941   4.4
58.5   0.468425   4.4
58.52   0.449172   4.4
58.54   0.431082   4.4
58.56   0.414062   4.4
58.58   0.398029   4.4
58.6   0.382909   4.4
58.62   0.368634   4.4
58.64   0.355142   4.4
58.66   0.342377   4.4
58.68   0.330288   4.4
58.7   1.19201   4.4
58.72   1.20541   4.4
58.74   1.22037   4.4
58.76   1.23694   4.4
58.78   1.25512   4.4
58.8   1.27497   4.4
58.82   1.29652   4.4
58.84   1.31983   4.4
58.86   1.34496   4.4
58.88   1.37198   4.4
58.9   1.40096   4.4
58.92   1.43199   4.4
58.94   1.46516   4.4
58.96   1.50059   4.4
58.98   1.5384   4.4
59   1.5787   4.4
59.02   1.42709   4.4
59.04   1.47808   4.4
59.06   1.53184   4.4
59.08   1.58858   4.4
59.1   1.64854   4.4
59.12   1.71195   4.4
59.14   1.77909   4.4
59.16   1.85026   4.4
59.18   1.92578   4.4
59.2   2.00601   4.4
59.22   2.09136   4.4
59.24   2.18227   4.4
59.26   2.27924   4.4
59.28   2.3828   4.4
59.3   2.49358   4.4
59.32   2.61226   4.4
59.34   2.73961   4.4
59.36   2.87649   4.4
59.38   3.02387   4.4
59.4   3.18287   4.4
59.42   3.35472   4.4
59.44   3.54085   4.4
59.46   3.74288   4.4
59.48   3.96268   4.4
59.5   4.20239   4.4
59.52   4.46448   4.4
59.54   4.75182   4.4
59.56   5.06776   4.4
59.58   5.4162   4.4
59.6   5.80175   4.4
59.62   6.22986   4.4
59.64   6.70702   4.4
59.66   7.24098   4.4
59.68   7.8411   4.4
59.7   8.51872   4.4
59.72   9.28774   4.4
59.74   10.1653   4.4
59.76   11.1726   4.4
59.78   12.3366   4.4
59.8   13.6911   4.4
59.82   15.28   4.4
59.84   17.1599   4.4
59.86   19.4059   4.40522
59.88   22.1186   4.70304
59.9   25.4349   5.0433
59.92   29.5454   5.43557
59.94   34.7207   5.89242
59.96   41.355   6.43078
59.98   50.0428   7.07409
60   61.7315   7.85694
60.02   78.0725   8.83586
60.04   102.244   10.1116
60.06   140.579   11.8566
60.08   204.71   14.3077
60.1   312.251   17.6706
60.12   481.588   21.9451
60.14   707.835   26.6052
60.16   893.109   29.8849
60.18   859.991   29.3256
60.2   646.717   25.4306
60.22   431.23   20.7661
60.24   279.126   16.7071
60.26   184.744   13.592
60.28   128.762   11.3473
60.3   94.9602   9.74475
60.32   73.2588   8.55914
60.34   58.3441   7.63833
60.36   47.5528   6.89585
60.38   39.4693   6.28246
60.4   33.2598   5.76713
60.42   28.392   5.32841
60.44   24.5092   4.95067
60.46   21.3649   4.62221
60.48   18.7844   4.4
60.5   16.6416   4.4
60.52   14.8434   4.4
60.54   13.3648   4.4
60.56   12.0646   4.4
60.58   10.9455   4.4
60.6   9.97542   4.4
60.62   9.12927   4.4
60.64   8.38692   4.4
60.66   7.73215   4.4
60.68   7.15181   4.4
60.7   6.63511   4.4
60.72   6.17315   4.4
60.74   5.75853   4.4
60.76   5.38506   4.4
60.78   5.04754   4.4
60.8   4.74156   4.4
60.82   4.46337   4.4
60.84   4.20977   4.4
60.86   3.97801   4.4
60.88   3.76571   4.4
60.9   3.57082   4.4
60.92   3.39156   4.4
60.94   3.22637   4.4
60.96   3.07389   4.4
60.98   2.93292   4.4
61   2.80241   4.4
61.02   2.68145   4.4
61.04   2.5692   4.4
61.06   2.46495   4.4
61.08   2.36807   4.4
61.1   2.27797   4.4
61.12   2.19416   4.4
61.14   2.1162   4.4
61.16   2.04369   4.4
61.18   1.97629   4.4
61.2   1.91369   4.4
61.22   1.85563   4.4
61.24   1.80189   4.4
61.26   1.75227   4.4
61.28   1.70663   4.4
61.3   1.66483   4.4
61.32   1.62679   4.4
61.34   1.59245   4.4
61.36   1.5618   4.4
61.38   1.59189   4.4
61.4   1.57033   4.4
61.42   1.55271   4.4
61.44   1.53921   4.4
61.46   1.53007   4.4
61.48   1.5256   4.4
61.5   1.52619   4.4
61.52   1.53239   4.4
61.54   1.54484   4.4
61.56   1.56441   4.4
61.58   1.59217   4.4
61.6   1.62952   4.4
61.62   1.67823   4.4
61.64   0.873599   4.4
61.66   0.975867   4.4
61.68   1.09811   4.4
61.7   1.24592   4.4
61.72   1.42696   4.4
61.74   1.652   4.4
61.76   1.93644   4.4
61.78   2.30299   4.4
61.8   2.78648   4.4
61.82   3.44413   4.4
61.84   4.37977   4.4
61.86   5.79829   4.4
61.88   8.10102   4.4
61.9   12.805   4.4
61.92   19.229   4.4
61.94   28.8789   5.37391
61.96   40.2759   6.34633
61.98   46.1353   6.7923
62   40.0879   6.3315
62.02   28.7437   5.36132
62.04   19.2422   4.4
62.06   12.963   4.4
62.08   9.18217   4.4
62.1   6.96027   4.4
62.12   5.61178   4.4
62.14   4.74185   4.4
62.16   4.20871   4.4
62.18   3.79349   4.4
62.2   3.49782   4.4
62.22   3.28764   4.4
62.24   3.14094   4.4
62.26   3.04295   4.4
62.28   2.98361   4.4
62.3   2.95597   4.4
62.32   2.95527   4.4
62.34   2.97831   4.4
62.36   3.02307   4.4
62.38   3.08844   4.4
62.4   3.17415   4.4
62.42   3.28061   4.4
62.44   3.40898   4.4
62.46   3.5612   4.4
62.48   3.74014   4.4
62.5   3.94981   4.4
62.52   4.19569   4.4
62.54   4.48529   4.4
62.56   4.82897   4.4
62.58   5.2412   4.4
62.6   5.74258   4.4
62.62   6.36331   4.4
62.64   7.14941   4.4
62.66   8.17604   4.4
62.68   9.57896   4.4
62.7   11.625   4.4
62.72   14.8343   4.4
62.74   20.1009   4.4834
62.76   28.6307   5.35077
62.78   41.2997   6.42648
62.8   56.1123   7.49081
62.82   63.6417   7.97758
62.84   56.0845   7.48896
62.86   42.1245   6.49034
62.88   30.6805   5.53899
62.9   23.406   4.83798
62.92   19.373   4.40148
62.94   17.4079   4.4
62.96   16.6699   4.4
62.98   16.6917   4.4
63   17.2573   4.4
63.02   18.2853   4.4
63.04   19.7658   4.44588
63.06   21.7369   4.66228
63.08   24.2798   4.92745
63.1   27.5263   5.24656
63.12   31.6752   5.62807
63.14   37.0214   6.08452
63.16   44.0092   6.63394
63.18   53.3299   7.30273
63.2   66.1364   8.13243
63.22   84.5523   9.19523
63.24   112.794   10.6204
63.26   159.041   12.6111
63.28   237.094   15.3979
63.3   364.936   19.1033
63.32   553.579   23.5283
63.34   764.624   27.6518
63.36   848.016   29.1207
63.38   710.417   26.6536
63.4   496.297   22.2777
63.42   325.097   18.0304
63.44   213.971   14.6277
63.46   147.905   12.1616
63.48   109.834   10.4802
63.5   88.164   9.38957
63.52   76.9987   8.77489
63.54   74.1284   8.60979
63.56   78.594   8.86532
63.58   86.8902   9.32149
63.6   88.0724   9.38469
63.62   74.7237   8.64428
63.64   56.4144   7.51095
63.66   41.5822   6.44843
63.68   31.4266   5.60595
63.7   24.8011   4.98007
63.72   20.4098   4.51772
63.74   17.331   4.4
63.76   15.0314   4.4
63.78   13.2292   4.4
63.8   11.7713   4.4
63.82   10.5661   4.4
63.84   9.55332   4.4
63.86   8.69088   4.4
63.88   7.9483   4.4
63.9   7.30287   4.4
63.92   6.73732   4.4
63.94   6.23826   4.4
63.96   5.79513   4.4
63.98   5.39948   4.4
64   5.04449   4.4
64.02   4.72454   4.4
64.04   4.43502   4.4
64.06   4.17206   4.4
64.08   3.93241   4.4
64.1   3.71331   4.4
64.12   3.51243   4.4
64.14   3.32775   4.4
64.16   3.15754   4.4
64.18   3.0003   4.4
64.2   2.85471   4.4
64.22   2.71963   4.4
64.24   2.59406   4.4
64.26   4.21613   4.4
64.28   4.10091   4.4
64.3   4.05182   4.4
64.32   4.01145   4.4
64.34   3.97937   4.4
64.36   3.95525   4.4
64.38   3.93878   4.4
64.4   3.92975   4.4
64.42   3.92797   4.4
64.44   3.93331   4.4
64.46   3.94569   4.4
64.48   3.96507   4.4
64.5   3.99145   4.4
64.52   4.02488   4.4
64.54   4.06544   4.4
64.56   4.11327   4.4
64.58   4.16853   4.4
64.6   4.23146   4.4
64.62   4.30231   4.4
64.64   4.38139   4.4
64.66   4.46909   4.4
64.68   4.56583   4.4
64.7   4.67209   4.4
64.72   4.78844   4.4
64.74   4.91551   4.4
64.76   5.05401   4.4
64.78   5.20476   4.4
64.8   5.36867   4.4
64.82   4.72947   4.4
64.84   4.94479   4.4
64.86   5.17593   4.4
64.88   5.42439   4.4
64.9   5.69192   4.4
64.92   5.98045   4.4
64.94   6.2922   4.4
64.96   6.62968   4.4
64.98   6.99574   4.4
65   7.39366   4.4
65.02   7.82719   4.4
65.04   8.30067   4.4
65.06   8.7617   4.4
65.08   9.33242   4.4
65.1   9.96065   4.4
65.12   10.6543   4.4
65.14   11.4229   4.4
65.16   12.2775   4.4
65.18   13.2313   4.4
65.2   14.3004   4.4
65.22   15.504   4.4
65.24   17.2869   4.4
65.26   18.847   4.4
65.28   20.6299   4.54201
65.3   22.6801   4.76236
65.32   25.0536   5.00536
65.34   27.8221   5.27467
65.36   31.0778   5.57475
65.38   34.9414   5.91113
65.4   39.5732   6.29072
65.42   45.189   6.72228
65.44   52.0855   7.21703
65.46   60.678   7.78961
65.48   71.5619   8.45943
65.5   85.6145   9.25281
65.52   104.181   10.2069
65.54   129.471   11.3785
65.56   165.487   12.8642
65.58   220.128   14.8367
65.6   308.875   17.5748
65.62   458.524   21.4132
65.64   705.623   26.5636
65.66   1077.82   32.8301
65.68   1519.24   38.9775
65.7   1749.36   41.8254
65.72   1517.21   38.9514
65.74   1075.72   32.7981
65.76   704.237   26.5375
65.78   457.816   21.3966
65.8   308.651   17.5685
65.82   220.219   14.8398
65.84   165.787   12.8758
65.86   129.925   11.3985
65.88   104.764   10.2354
65.9   86.3146   9.29057
65.92   72.3753   8.50737
65.94   61.6039   7.84881
65.96   53.1257   7.28874
65.98   46.3474   6.80789
66   40.8552   6.3918
66.02   36.3541   6.02943
66.04   32.6296   5.71223
66.06   29.523   5.43351
66.08   26.9155   5.18802
66.1   24.7166   4.97157
66.12   22.8568   4.78088
66.14   21.2828   4.61333
66.16   19.953   4.46687
66.18   18.8352   4.4
66.2   17.9048   4.4
66.22   17.1435   4.4
66.24   16.5381   4.4
66.26   16.0803   4.4
66.28   15.7659   4.4
66.3   15.5956   4.4
66.32   15.5747   4.4
66.34   15.7142   4.4
66.36   16.0316   4.4
66.38   16.5532   4.4
66.4   17.3167   4.4
66.42   18.3757   4.4
66.44   19.8062   4.45041
66.46   21.7174   4.66019
66.48   24.2688   4.92634
66.5   27.699   5.26299
66.52   32.3812   5.69045
66.54   38.9439   6.24051
66.56   48.5593   6.96845
66.58   63.5634   7.97267
66.6   88.4403   9.40427
66.62   130.575   11.427
66.64   199.17   14.1128
66.66   298.447   17.2756
66.68   403.045   20.076
66.7   431.533   20.7734
66.72   351.173   18.7396
66.74   242.402   15.5693
66.76   158.5   12.5897
66.78   104.563   10.2256
66.8   72.243   8.49959
66.82   52.9461   7.27641
66.84   40.8339   6.39014
66.86   32.6777   5.71644
66.88   26.8516   5.18185
66.9   22.5181   4.74533
66.92   19.2022   4.4
66.94   16.608   4.4
66.96   14.5406   4.4
66.98   12.8673   4.4
67   11.4958   4.4
67.02   10.3613   4.4
67.04   9.41746   4.4
67.06   8.62708   4.4
67.08   7.94841   4.4
67.1   7.33161   4.4
67.12   6.7625   4.4
67.14   6.25635   4.4
67.16   4.12294   4.4
67.18   3.78173   4.4
67.2   3.48422   4.4
67.22   3.22228   4.4
67.24   2.98972   4.4
67.26   2.78189   4.4
67.28   2.63054   4.4
67.3   2.46316   4.4
67.32   2.31177   4.4
67.34   2.17439   4.4
67.36   2.04935   4.4
67.38   1.93523   4.4
67.4   1.83082   4.4
67.42   1.73506   4.4
67.44   1.64704   4.4
67.46   1.56598   4.4
67.48   1.4912   4.4
67.5   1.42207   4.4
67.52   1.35809   4.4
67.54   1.4683   4.4
67.56   1.41804   4.4
67.58   1.37188   4.4
67.6   1.32951   4.4
67.62   1.29064   4.4
67.64   1.25504   4.4
67.66   1.22249   4.4
67.68   1.1928   4.4
67.7   1.1658   4.4
67.72   1.14136   4.4
67.74   1.11935   4.4
67.76   1.09965   4.4
67.78   1.08218   4.4
67.8   1.06686   4.4
67.82   1.05363   4.4
67.84   1.04245   4.4
67.86   1.03326   4.4
67.88   1.02606   4.4
67.9   1.02084   4.4
67.92   1.0176   4.4
67.94   1.01635   4.4
67.96   1.01714   4.4
67.98   1.02001   4.4
68   1.02502   4.4
68.02   1.03226   4.4
68.04   1.04182   4.4
68.06   1.05382   4.4
68.08   1.06842   4.4
68.1   1.08579   4.4
68.12   1.10612   4.4
68.14   1.12966   4.4
68.16   0.74135   4.4
68.18   0.783293   4.4
68.2   0.829002   4.4
68.22   0.878956   4.4
68.24   0.933715   4.4
68.26   0.993936   4.4
68.28   1.0604   4.4
68.3   1.13404   4.4
68.32   1.21596   4.4
68.34   1.30752   4.4
68.36   1.41037   4.4
68.38   1.52655   4.4
68.4   1.65859   4.4
68.42   1.80973   4.4
68.44   1.98406   4.4
68.46   2.18694   4.4
68.48   2.42547   4.4
68.5   2.70919   4.4
68.52   3.05131   4.4
68.54   3.47049   4.4
68.56   3.99414   4.4
68.58   4.66451   4.4
68.6   5.55352   4.4
68.62   6.79521   4.4
68.64   8.67785   4.4
68.66   11.6287   4.4
68.68   16.398   4.4
68.7   23.7545   4.87386
68.72   33.5628   5.79334
68.74   41.9932   6.48021
68.76   41.8994   6.47298
68.78   34.7216   5.89251
68.8   27.8172   5.2742
68.82   24.1394   4.91319
68.84   23.8893   4.88767
68.86   27.0934   5.20513
68.88   34.6657   5.88776
68.9   48.8841   6.99171
68.92   73.1171   8.55085
68.94   109.718   10.4746
68.96   152.08   12.3321
68.98   171.38   13.0912
69   145.924   12.0799
69.02   102.701   10.1341
69.04   67.2726   8.20198
69.06   43.9708   6.63105
69.08   29.8909   5.46726
69.1   21.5135   4.63826
69.12   16.3171   4.4
69.14   12.8635   4.4
69.16   10.4219   4.4
69.18   8.61997   4.4
69.2   7.25023   4.4
69.22   6.18538   4.4
69.24   5.342   4.4
69.26   4.66324   4.4
69.28   4.10932   4.4
69.3   3.65176   4.4
69.32   3.26976   4.4
69.34   2.94785   4.4
69.36   2.67435   4.4
69.38   2.44033   4.4
69.4   2.23885   4.4
69.42   2.06449   4.4
69.44   1.91294   4.4
69.46   1.78077   4.4
69.48   1.66523   4.4
69.5   1.56409   4.4
69.52   1.47557   4.4
69.54   1.39821   4.4
69.56   1.33085   4.4
69.58   1.27256   4.4
69.6   1.22265   4.4
69.62   1.18058   4.4
69.64   1.14601   4.4
69.66   1.11877   4.4
69.68   1.09885   4.4
69.7   1.08645   4.4
69.72   1.08198   4.4
69.74   1.08612   4.4
69.76   1.09987   4.4
69.78   1.12467   4.4
69.8   1.16251   4.4
69.82   1.21618   4.4
69.84   1.28958   4.4
69.86   1.3882   4.4
69.88   1.51996   4.4
69.9   1.69643   4.4
69.92   1.93521   4.4
69.94   2.26438   4.4
69.96   2.73308   4.4
69.98   3.43604   4.4
70   4.56205   4.4
