1.54056
5   0   4.4
5.02   0   4.4
5.04   0   4.4
5.06   0   4.4
5.08   0   4.4
5.1   0   4.4
5.12   0   4.4
5.14   0   4.4
5.16   0   4.4
5.18   0   4.4
5.2   0   4.4
5.22   0   4.4
5.24   0   4.4
5.26   0   4.4
5.28   0   4.4
5.3   0   4.4
5.32   0   4.4
5.34   0   4.4
5.36   0   4.4
5.38   0   4.4
5.4   0   4.4
5.42   0   4.4
5.44   0   4.4
5.46   0   4.4
5.48   0   4.4
5.5   0   4.4
5.52   0   4.4
5.54   0   4.4
5.56   0   4.4
5.58   0   4.4
5.6   0   4.4
5.62   0   4.4
5.64   0   4.4
5.66   0   4.4
5.68   0   4.4
5.7   0   4.4
5.72   0   4.4
5.74   0   4.4
5.76   0   4.4
5.78   0   4.4
5.8   0   4.4
5.82   0   4.4
5.84   0   4.4
5.86   0   4.4
5.88   0   4.4
5.9   0   4.4
5.92   0   4.4
5.94   0   4.4
5.96   0   4.4
5.98   0   4.4
6   0   4.4
6.02   0   4.4
6.04   0   4.4
6.06   0   4.4
6.08   0   4.4
6.1   0   4.4
6.12   0   4.4
6.14   0   4.4
6.16   0   4.4
6.18   0   4.4
6.2   0   4.4
6.22   0   4.4
6.24   0   4.4
6.26   0   4.4
6.28   0   4.4
6.3   0   4.4
6.32   0   4.4
6.34   0   4.4
6.36   0   4.4
6.38   0   4.4
6.4   0   4.4
6.42   0   4.4
6.44   0   4.4
6.46   0   4.4
6.48   0   4.4
6.5   0   4.4
6.52   0   4.4
6.54   0   4.4
6.56   0   4.4
6.58   0   4.4
6.6   0   4.4
6.62   0   4.4
6.64   0   4.4
6.66   0   4.4
6.68   0   4.4
6.7   0   4.4
6.72   0   4.4
6.74   0   4.4
6.76   0   4.4
6.78   0   4.4
6.8   0   4.4
6.82   0   4.4
6.84   0   4.4
6.86   0   4.4
6.88   0   4.4
6.9   0   4.4
6.92   0   4.4
6.94   0   4.4
6.96   0   4.4
6.98   0   4.4
7   0   4.4
7.02   0   4.4
7.04   0   4.4
7.06   0   4.4
7.08   0   4.4
7.1   0   4.4
7.12   0   4.4
7.14   0   4.4
7.16   0   4.4
7.18   0   4.4
7.2   0   4.4
7.22   0   4.4
7.24   0   4.4
7.26   0   4.4
7.28   0   4.4
7.3   0   4.4
7.32   0   4.4
7.34   0   4.4
7.36   0   4.4
7.38   0   4.4
7.4   0   4.4
7.42   0   4.4
7.44   0   4.4
7.46   0   4.4
7.48   0   4.4
7.5   0   4.4
7.52   0   4.4
7.54   0   4.4
7.56   0   4.4
7.58   0   4.4
7.6   0   4.4
7.62   0   4.4
7.64   0   4.4
7.66   0   4.4
7.68   0   4.4
7.7   0   4.4
7.72   0   4.4
7.74   0   4.4
7.76   0   4.4
7.78   0   4.4
7.8   0   4.4
7.82   0   4.4
7.84   0   4.4
7.86   0   4.4
7.88   0   4.4
7.9   0   4.4
7.92   0   4.4
7.94   0   4.4
7.96   0   4.4
7.98   0   4.4
8   0   4.4
8.02   0   4.4
8.04   0   4.4
8.06   0   4.4
8.08   0   4.4
8.1   0   4.4
8.12   0   4.4
8.14   0   4.4
8.16   0   4.4
8.18   0   4.4
8.2   0   4.4
8.22   0   4.4
8.24   0   4.4
8.26   0   4.4
8.28   0   4.4
8.3   0   4.4
8.32   0   4.4
8.34   0   4.4
8.36   0   4.4
8.38   0   4.4
8.4   0   4.4
8.42   0   4.4
8.44   0   4.4
8.46   0   4.4
8.48   0   4.4
8.5   0   4.4
8.52   0   4.4
8.54   0   4.4
8.56   0   4.4
8.58   0   4.4
8.6   0   4.4
8.62   0   4.4
8.64   0   4.4
8.66   0   4.4
8.68   0   4.4
8.7   0   4.4
8.72   0   4.4
8.74   0   4.4
8.76   0   4.4
8.78   0   4.4
8.8   0   4.4
8.82   0   4.4
8.84   0   4.4
8.86   0   4.4
8.88   0   4.4
8.9   0   4.4
8.92   0   4.4
8.94   0   4.4
8.96   0   4.4
8.98   0   4.4
9   0   4.4
9.02   0   4.4
9.04   0   4.4
9.06   0   4.4
9.08   0   4.4
9.1   0   4.4
9.12   0   4.4
9.14   0   4.4
9.16   0   4.4
9.18   0   4.4
9.2   0   4.4
9.22   0   4.4
9.24   0   4.4
9.26   0   4.4
9.28   0   4.4
9.3   0   4.4
9.32   0   4.4
9.34   0   4.4
9.36   0   4.4
9.38   0   4.4
9.4   0   4.4
9.42   0   4.4
9.44   0   4.4
9.46   0   4.4
9.48   0   4.4
9.5   0   4.4
9.52   0   4.4
9.54   0   4.4
9.56   0   4.4
9.58   0   4.4
9.6   0   4.4
9.62   0   4.4
9.64   0   4.4
9.66   0   4.4
9.68   0   4.4
9.7   0   4.4
9.72   0   4.4
9.74   0   4.4
9.76   0   4.4
9.78   0   4.4
9.8   0   4.4
9.82   0   4.4
9.84   0   4.4
9.86   0   4.4
9.88   0   4.4
9.9   0   4.4
9.92   0   4.4
9.94   0   4.4
9.96   0   4.4
9.98   0   4.4
10   0   4.4
10.02   0   4.4
10.04   0   4.4
10.06   0   4.4
10.08   0   4.4
10.1   0   4.4
10.12   0   4.4
10.14   0   4.4
10.16   0   4.4
10.18   0   4.4
10.2   0   4.4
10.22   0   4.4
10.24   0   4.4
10.26   0   4.4
10.28   0   4.4
10.3   0   4.4
10.32   0   4.4
10.34   0   4.4
10.36   0   4.4
10.38   0   4.4
10.4   0   4.4
10.42   0   4.4
10.44   0   4.4
10.46   0   4.4
10.48   0   4.4
10.5   0   4.4
10.52   0   4.4
10.54   0   4.4
10.56   0   4.4
10.58   0   4.4
10.6   0   4.4
10.62   0   4.4
10.64   0   4.4
10.66   0   4.4
10.68   0   4.4
10.7   0   4.4
10.72   0   4.4
10.74   0   4.4
10.76   0   4.4
10.78   0   4.4
10.8   0   4.4
10.82   0   4.4
10.84   0   4.4
10.86   0   4.4
10.88   0   4.4
10.9   0   4.4
10.92   0   4.4
10.94   0   4.4
10.96   0   4.4
10.98   0   4.4
11   0   4.4
11.02   0   4.4
11.04   0   4.4
11.06   0   4.4
11.08   0   4.4
11.1   0   4.4
11.12   0   4.4
11.14   0   4.4
11.16   0   4.4
11.18   0   4.4
11.2   0   4.4
11.22   0   4.4
11.24   0   4.4
11.26   0   4.4
11.28   0   4.4
11.3   0   4.4
11.32   0   4.4
11.34   0   4.4
11.36   0   4.4
11.38   0   4.4
11.4   0   4.4
11.42   0   4.4
11.44   0   4.4
11.46   0   4.4
11.48   0   4.4
11.5   0   4.4
11.52   0   4.4
11.54   0   4.4
11.56   0   4.4
11.58   0   4.4
11.6   0   4.4
11.62   0   4.4
11.64   0   4.4
11.66   0   4.4
11.68   0   4.4
11.7   0   4.4
11.72   0   4.4
11.74   0   4.4
11.76   0   4.4
11.78   0   4.4
11.8   0   4.4
11.82   0   4.4
11.84   0   4.4
11.86   0   4.4
11.88   0   4.4
11.9   0   4.4
11.92   0   4.4
11.94   0   4.4
11.96   0   4.4
11.98   0   4.4
12   0   4.4
12.02   0   4.4
12.04   0   4.4
12.06   0   4.4
12.08   0   4.4
12.1   0   4.4
12.12   0   4.4
12.14   0   4.4
12.16   0   4.4
12.18   0   4.4
12.2   0   4.4
12.22   0   4.4
12.24   0   4.4
12.26   0   4.4
12.28   0   4.4
12.3   0   4.4
12.32   0   4.4
12.34   0   4.4
12.36   0   4.4
12.38   0   4.4
12.4   0   4.4
12.42   0   4.4
12.44   0   4.4
12.46   0   4.4
12.48   0   4.4
12.5   0   4.4
12.52   0   4.4
12.54   0   4.4
12.56   0   4.4
12.58   0   4.4
12.6   0   4.4
12.62   0   4.4
12.64   0   4.4
12.66   0   4.4
12.68   0   4.4
12.7   0   4.4
12.72   0   4.4
12.74   0   4.4
12.76   0   4.4
12.78   0   4.4
12.8   0   4.4
12.82   0   4.4
12.84   0   4.4
12.86   0   4.4
12.88   0   4.4
12.9   0   4.4
12.92   0   4.4
12.94   0   4.4
12.96   0   4.4
12.98   0   4.4
13   0   4.4
13.02   0   4.4
13.04   0   4.4
13.06   0   4.4
13.08   0   4.4
13.1   0   4.4
13.12   0   4.4
13.14   0   4.4
13.16   0   4.4
13.18   0   4.4
13.2   0   4.4
13.22   0   4.4
13.24   0   4.4
13.26   0   4.4
13.28   0   4.4
13.3   0.0348737   4.4
13.32   0.0358588   4.4
13.34   0.0368862   4.4
13.36   0.0379584   4.4
13.38   0.039078   4.4
13.4   0.0402479   4.4
13.42   0.0414711   4.4
13.44   0.0427508   4.4
13.46   0.0440907   4.4
13.48   0.0454946   4.4
13.5   0.0469666   4.4
13.52   0.0485111   4.4
13.54   0.050133   4.4
13.56   0.0518376   4.4
13.58   0.0536306   4.4
13.6   0.0555182   4.4
13.62   0.0575072   4.4
13.64   0.0596049   4.4
13.66   0.0618195   4.4
13.68   0.0641597   4.4
13.7   0.0666352   4.4
13.72   0.0692567   4.4
13.74   0.0720359   4.4
13.76   0.0749856   4.4
13.78   0.0781202   4.4
13.8   0.0814552   4.4
13.82   0.0850083   4.4
13.84   0.0887988   4.4
13.86   0.0928482   4.4
13.88   0.0971808   4.4
13.9   0.101824   4.4
13.92   0.106807   4.4
13.94   0.112164   4.4
13.96   0.117935   4.4
13.98   0.124162   4.4
14   0.130894   4.4
14.02   0.138189   4.4
14.04   0.146109   4.4
14.06   0.154729   4.4
14.08   0.164134   4.4
14.1   0.174422   4.4
14.12   0.185705   4.4
14.14   0.198117   4.4
14.16   0.211813   4.4
14.18   0.226976   4.4
14.2   0.243823   4.4
14.22   0.262611   4.4
14.24   0.28365   4.4
14.26   0.307313   4.4
14.28   0.334052   4.4
14.3   0.364423   4.4
14.32   0.399112   4.4
14.34   0.438973   4.4
14.36   0.48508   4.4
14.38   0.538802   4.4
14.4   0.601899   4.4
14.42   0.676667   4.4
14.44   0.766142   4.4
14.46   0.874405   4.4
14.48   1.00704   4.4
14.5   1.17181   4.4
14.52   1.37983   4.4
14.54   1.64734   4.4
14.56   1.99898   4.4
14.58   2.47453   4.4
14.6   3.14447   4.4
14.62   4.14606   4.4
14.64   5.75147   4.4
14.66   8.44905   4.4
14.68   12.9481   4.4
14.7   19.9121   4.4623
14.72   28.8088   5.36738
14.74   35.0343   5.91897
14.76   32.2274   5.67692
14.78   23.5765   4.85556
14.8   15.5739   4.4
14.82   10.0874   4.4
14.84   6.72254   4.4
14.86   4.72904   4.4
14.88   3.51606   4.4
14.9   2.72844   4.4
14.92   2.18196   4.4
14.94   1.78401   4.4
14.96   1.48458   4.4
14.98   1.25376   4.4
15   1.07228   4.4
15.02   0.927159   4.4
15.04   0.809375   4.4
15.06   0.712523   4.4
15.08   0.631955   4.4
15.1   0.564237   4.4
15.12   0.50679   4.4
15.14   0.457648   4.4
15.16   0.415291   4.4
15.18   0.378529   4.4
15.2   0.346423   4.4
15.22   0.318221   4.4
15.24   0.293318   4.4
15.26   0.271218   4.4
15.28   0.251519   4.4
15.3   0.233885   4.4
15.32   0.218038   4.4
15.34   0.203745   4.4
15.36   0.190811   4.4
15.38   0.179067   4.4
15.4   0.168373   4.4
15.42   0.158608   4.4
15.44   0.149667   4.4
15.46   0.141459   4.4
15.48   0.133908   4.4
15.5   0.126945   4.4
15.52   0.120511   4.4
15.54   0.114553   4.4
15.56   0.109026   4.4
15.58   0.103889   4.4
15.6   0.0991057   4.4
15.62   0.0946454   4.4
15.64   0.0904792   4.4
15.66   0.0865819   4.4
15.68   0.0829309   4.4
15.7   0.0795059   4.4
15.72   0.0762885   4.4
15.74   0.0732624   4.4
15.76   0.0704127   4.4
15.78   0.067726   4.4
15.8   0.06519   4.4
15.82   0.0627938   4.4
15.84   0.0605272   4.4
15.86   0.0583811   4.4
15.88   0.056347   4.4
15.9   0.0544174   4.4
15.92   0.0525852   4.4
15.94   0.0508439   4.4
15.96   0.0491876   4.4
15.98   0.047611   4.4
16   0.0461089   4.4
16.02   0.0446767   4.4
16.04   0.0433102   4.4
16.06   0.0420055   4.4
16.08   0.0407588   4.4
16.1   0.0395667   4.4
16.12   0.0384262   4.4
16.14   0.0373343   4.4
16.16   0.420001   4.4
16.18   0.42987   4.4
16.2   0.440249   4.4
16.22   0.417762   4.4
16.24   0.430123   4.4
16.26   0.443041   4.4
16.28   0.778218   4.4
16.3   0.801468   4.4
16.32   0.825777   4.4
16.34   0.85121   4.4
16.36   0.877839   4.4
16.38   0.905739   4.4
16.4   0.934993   4.4
16.42   0.96569   4.4
16.44   0.997927   4.4
16.46   1.03181   4.4
16.48   1.06745   4.4
16.5   1.10497   4.4
16.52   1.14451   4.4
16.54   1.18621   4.4
16.56   1.23024   4.4
16.58   1.27678   4.4
16.6   1.32601   4.4
16.62   1.37815   4.4
16.64   1.43344   4.4
16.66   1.49213   4.4
16.68   1.55451   4.4
16.7   1.6209   4.4
16.72   1.69164   4.4
16.74   1.76713   4.4
16.76   1.84781   4.4
16.78   1.93416   4.4
16.8   2.02672   4.4
16.82   2.12612   4.4
16.84   2.23303   4.4
16.86   2.34826   4.4
16.88   2.47267   4.4
16.9   2.60728   4.4
16.92   2.75324   4.4
16.94   2.91186   4.4
16.96   3.08466   4.4
16.98   3.2734   4.4
17   3.48009   4.4
17.02   3.70712   4.4
17.04   3.95724   4.4
17.06   4.23371   4.4
17.08   4.5404   4.4
17.1   4.8819   4.4
17.12   5.26372   4.4
17.14   5.69251   4.4
17.16   6.17636   4.4
17.18   6.72518   4.4
17.2   7.35125   4.4
17.22   8.06988   4.4
17.24   8.90042   4.4
17.26   9.86757   4.4
17.28   11.0033   4.4
17.3   12.3495   4.4
17.32   13.9622   4.4
17.34   15.917   4.4
17.36   18.319   4.4
17.38   21.3167   4.617
17.4   25.1259   5.01258
17.42   30.0736   5.48394
17.44   36.6872   6.057
17.46   45.906   6.77539
17.48   59.5513   7.71695
17.5   81.1524   9.00846
17.52   116.788   10.8069
17.54   174.774   13.2202
17.56   261.606   16.1742
17.58   365.644   19.1218
17.6   426.369   20.6487
17.62   391.411   19.7841
17.64   321.665   17.935
17.66   285.446   16.8952
17.68   299.957   17.3193
17.7   348.704   18.6736
17.72   371.718   19.28
17.74   316.722   17.7967
17.76   227.129   15.0708
17.78   152.858   12.3636
17.8   103.196   10.1585
17.82   72.5126   8.51543
17.84   53.7569   7.33191
17.86   41.7919   6.46466
17.88   33.6333   5.79942
17.9   27.7347   5.26638
17.92   23.293   4.82628
17.94   19.8534   4.45571
17.96   17.1323   4.4
17.98   14.9413   4.4
18   13.1503   4.4
18.02   11.6667   4.4
18.04   10.4236   4.4
18.06   9.37118   4.4
18.08   8.47211   4.4
18.1   7.69774   4.4
18.12   7.02586   4.4
18.14   6.43902   4.4
18.16   5.92337   4.4
18.18   5.46774   4.4
18.2   5.06313   4.4
18.22   4.70214   4.4
18.24   4.37867   4.4
18.26   4.08769   4.4
18.28   3.82494   4.4
18.3   3.58689   4.4
18.32   3.3705   4.4
18.34   3.17322   4.4
18.36   2.99286   4.4
18.38   2.82752   4.4
18.4   2.67557   4.4
18.42   2.5356   4.4
18.44   2.40637   4.4
18.46   2.28682   4.4
18.48   2.176   4.4
18.5   2.07306   4.4
18.52   1.97729   4.4
18.54   1.88803   4.4
18.56   1.80469   4.4
18.58   1.72677   4.4
18.6   1.65381   4.4
18.62   1.58538   4.4
18.64   1.52113   4.4
18.66   1.46072   4.4
18.68   1.40384   4.4
18.7   1.35023   4.4
18.72   1.29964   4.4
18.74   1.25185   4.4
18.76   1.20665   4.4
18.78   1.16386   4.4
18.8   1.12332   4.4
18.82   1.08486   4.4
18.84   1.04834   4.4
18.86   1.01364   4.4
18.88   0.98064   4.4
18.9   0.949227   4.4
18.92   0.919303   4.4
18.94   0.890774   4.4
18.96   0.863554   4.4
18.98   0.837565   4.4
19   0.812734   4.4
19.02   0.788993   4.4
19.04   0.766278   4.4
19.06   0.371334   4.4
19.08   0.360508   4.4
19.1   0.350148   4.4
19.12   0.340229   4.4
19.14   0.330724   4.4
19.16   0.321613   4.4
19.18   0   4.4
19.2   0   4.4
19.22   0   4.4
19.24   0   4.4
19.26   0   4.4
19.28   0   4.4
19.3   0   4.4
19.32   0   4.4
19.34   0   4.4
19.36   0   4.4
19.38   0   4.4
19.4   0   4.4
19.42   0   4.4
19.44   0   4.4
19.46   0   4.4
19.48   0   4.4
19.5   0   4.4
19.52   0   4.4
19.54   0   4.4
19.56   0   4.4
19.58   0   4.4
19.6   0   4.4
19.62   0   4.4
19.64   0   4.4
19.66   0   4.4
19.68   0   4.4
19.7   0   4.4
19.72   0   4.4
19.74   0   4.4
19.76   0   4.4
19.78   0   4.4
19.8   1.18006   4.4
19.82   1.2131   4.4
19.84   1.24754   4.4
19.86   1.28348   4.4
19.88   1.32099   4.4
19.9   3.86661   4.4
19.92   3.97773   4.4
19.94   4.09371   4.4
19.96   4.21484   4.4
19.98   4.34144   4.4
20   4.47382   4.4
20.02   4.61237   4.4
20.04   4.75745   4.4
20.06   4.9095   4.4
20.08   5.06897   4.4
20.1   5.23633   4.4
20.12   5.41214   4.4
20.14   5.59696   4.4
20.16   5.79143   4.4
20.18   5.99622   4.4
20.2   6.21208   4.4
20.22   6.43983   4.4
20.24   6.68035   4.4
20.26   6.93463   4.4
20.28   7.20372   4.4
20.3   7.48882   4.4
20.32   7.7912   4.4
20.34   8.11231   4.4
20.36   8.45372   4.4
20.38   8.81719   4.4
20.4   9.20466   4.4
20.42   9.61829   4.4
20.44   10.0605   4.4
20.46   10.534   4.4
20.48   11.0418   4.4
20.5   11.5874   4.4
20.52   12.1744   4.4
20.54   12.8074   4.4
20.56   13.4912   4.4
20.58   14.2315   4.4
20.6   15.0346   4.4
20.62   15.9078   4.4
20.64   16.8597   4.4
20.66   17.9001   4.4
20.68   19.0401   4.4
20.7   20.2932   4.5048
20.72   21.6748   4.65562
20.74   23.2031   4.81696
20.76   24.8999   4.98998
20.78   26.7909   5.17599
20.8   28.9073   5.37655
20.82   31.2865   5.59343
20.84   33.9742   5.82874
20.86   37.0267   6.08496
20.88   40.5136   6.36503
20.9   44.5221   6.67249
20.92   49.1629   7.01163
20.94   54.5778   7.38768
20.96   60.9511   7.80712
20.98   68.5258   8.27803
21   77.6285   8.8107
21.02   88.7053   9.41835
21.04   102.38   10.1183
21.06   119.55   10.9339
21.08   141.554   11.8976
21.1   170.523   13.0584
21.12   210.185   14.4978
21.14   267.591   16.3582
21.16   355.97   18.8672
21.18   497.371   22.3018
21.2   721.104   26.8534
21.22   1048.85   32.386
21.24   1435.98   37.8943
21.26   1690.05   41.1103
21.28   1726.08   41.5462
21.3   1809.32   42.5361
21.32   2140.15   46.2617
21.34   2621.8   51.2035
21.36   2772.9   52.6583
21.38   2291.43   47.8689
21.4   1603.49   40.0436
21.42   1059.03   32.5428
21.44   703.376   26.5212
21.46   487.304   22.075
21.48   356.85   18.8905
21.5   274.333   16.563
21.52   218.462   14.7805
21.54   178.37   13.3555
21.56   148.426   12.183
21.58   125.432   11.1996
21.6   107.391   10.3629
21.62   92.9791   9.64257
21.64   81.2872   9.01594
21.66   71.6723   8.46595
21.68   63.6703   7.97937
21.7   56.9397   7.54584
21.72   51.2247   7.15714
21.74   46.3306   6.80666
21.76   42.1073   6.48901
21.78   38.4374   6.19979
21.8   35.2282   5.93534
21.82   32.4056   5.69259
21.84   29.9099   5.46899
21.86   27.6923   5.26234
21.88   25.713   5.07079
21.9   23.9389   4.89274
21.92   22.3427   4.7268
21.94   20.9012   4.57178
21.96   19.5951   4.42664
21.98   18.4079   4.4
22   17.3256   4.4
22.02   16.3362   4.4
22.04   15.4293   4.4
22.06   14.596   4.4
22.08   13.8285   4.4
22.1   13.1201   4.4
22.12   12.4648   4.4
22.14   11.8575   4.4
22.16   11.2935   4.4
22.18   10.769   4.4
22.2   10.2801   4.4
22.22   9.82387   4.4
22.24   9.39736   4.4
22.26   8.99807   4.4
22.28   8.62373   4.4
22.3   8.27229   4.4
22.32   7.94192   4.4
22.34   9.35769   4.4
22.36   9.11356   4.4
22.38   8.88812   4.4
22.4   8.68025   4.4
22.42   8.48897   4.4
22.44   8.31341   4.4
22.46   8.15278   4.4
22.48   8.00642   4.4
22.5   7.87371   4.4
22.52   7.75414   4.4
22.54   7.64726   4.4
22.56   7.55271   4.4
22.58   7.47015   4.4
22.6   7.39936   4.4
22.62   7.34015   4.4
22.64   7.29239   4.4
22.66   7.25602   4.4
22.68   7.23103   4.4
22.7   7.21749   4.4
22.72   6.04578   4.4
22.74   6.08686   4.4
22.76   6.13871   4.4
22.78   6.20172   4.4
22.8   6.27636   4.4
22.82   3.87724   4.4
22.84   4.04338   4.4
22.86   4.22042   4.4
22.88   4.40934   4.4
22.9   4.61121   4.4
22.92   4.82726   4.4
22.94   5.05884   4.4
22.96   5.30746   4.4
22.98   5.57485   4.4
23   5.86294   4.4
23.02   6.17392   4.4
23.04   6.51028   4.4
23.06   6.87484   4.4
23.08   7.27085   4.4
23.1   7.70202   4.4
23.12   8.17263   4.4
23.14   8.68765   4.4
23.16   9.25281   4.4
23.18   9.87484   4.4
23.2   10.5616   4.4
23.22   11.3224   4.4
23.24   12.1681   4.4
23.26   13.112   4.4
23.28   14.1698   4.4
23.3   15.3604   4.4
23.32   16.707   4.4
23.34   18.2379   4.4
23.36   19.9882   4.47082
23.38   22.0017   4.6906
23.4   24.3336   4.93291
23.42   27.0542   5.20136
23.44   30.2543   5.50039
23.46   34.0525   5.83545
23.48   38.6061   6.21338
23.5   44.1273   6.64284
23.52   50.9067   7.1349
23.54   59.3517   7.704
23.56   70.045   8.36929
23.58   83.8445   9.15666
23.6   102.063   10.1026
23.62   126.85   11.2628
23.64   162.082   12.7311
23.66   215.391   14.6762
23.68   301.781   17.3718
23.7   447.401   21.1519
23.72   688.372   26.2368
23.74   1053.36   32.4556
23.76   1492.98   38.6391
23.78   1737.66   41.6853
23.8   1523.29   39.0294
23.82   1085.66   32.9494
23.84   711.456   26.6731
23.86   461.788   21.4893
23.88   310.303   17.6154
23.9   220.508   14.8495
23.92   165.344   12.8586
23.94   129.542   11.3817
23.96   104.146   10.2052
23.98   85.5342   9.24847
24   71.4683   8.45389
24.02   60.5895   7.78392
24.04   52.0132   7.21202
24.06   45.14   6.71863
24.08   39.552   6.28904
24.1   34.9512   5.91195
24.12   31.1204   5.57857
24.14   27.8991   5.28196
24.16   25.166   5.01657
24.18   22.8288   4.77795
24.2   20.8157   4.56242
24.22   19.0707   4.4
24.24   17.5493   4.4
24.26   16.216   4.4
24.28   15.0419   4.4
24.3   14.0039   4.4
24.32   13.0826   4.4
24.34   12.2624   4.4
24.36   11.5299   4.4
24.38   10.8743   4.4
24.4   10.2862   4.4
24.42   9.75799   4.4
24.44   9.28298   4.4
24.46   8.85559   4.4
24.48   8.47107   4.4
24.5   8.12536   4.4
24.52   7.81503   4.4
24.54   7.53713   4.4
24.56   7.28921   4.4
24.58   7.06917   4.4
24.6   6.87531   4.4
24.62   6.70622   4.4
24.64   6.56081   4.4
24.66   6.43824   4.4
24.68   6.33798   4.4
24.7   6.25972   4.4
24.72   6.20344   4.4
24.74   6.16941   4.4
24.76   6.15817   4.4
24.78   6.1706   4.4
24.8   6.20793   4.4
24.82   6.27179   4.4
24.84   6.36432   4.4
24.86   6.48818   4.4
24.88   7.83909   4.4
24.9   8.06999   4.4
24.92   8.3464   4.4
24.94   8.67488   4.4
24.96   9.06361   4.4
24.98   9.52283   4.4
25   10.0655   4.4
25.02   10.708   4.4
25.04   11.4715   4.4
25.06   12.3835   4.4
25.08   13.4803   4.4
25.1   14.8102   4.4
25.12   16.4389   4.4
25.14   18.4574   4.4
25.16   20.9942   4.58195
25.18   24.2354   4.92294
25.2   28.4585   5.33465
25.22   34.099   5.83944
25.24   40.2139   6.34144
25.26   51.6092   7.18396
25.28   69.3368   8.32687
25.3   98.6663   9.93309
25.32   148.05   12.1676
25.34   227.491   15.0828
25.36   339.676   18.4303
25.38   449.729   21.2068
25.4   465.109   21.5664
25.42   368.183   19.1881
25.44   251.275   15.8517
25.46   164.142   12.8118
25.48   108.95   10.4379
25.5   76.1247   8.72495
25.52   56.5731   7.52151
25.54   44.3125   6.65676
25.56   36.0934   6.00778
25.58   30.286   5.50327
25.6   26.0436   5.1033
25.62   22.8809   4.78339
25.64   20.4938   4.52701
25.66   18.682   4.4
25.68   17.309   4.4
25.7   16.2803   4.4
25.72   15.5294   4.4
25.74   15.0093   4.4
25.76   14.6873   4.4
25.78   14.5408   4.4
25.8   14.5555   4.4
25.82   14.7236   4.4
25.84   15.0432   4.4
25.86   15.5173   4.4
25.88   16.1547   4.4
25.9   16.9694   4.4
25.92   17.9821   4.4
25.94   19.2213   4.4
25.96   20.725   4.55247
25.98   22.5436   4.74801
26   24.744   4.97434
26.02   27.4154   5.23597
26.04   30.6777   5.53875
26.06   34.6947   5.89022
26.08   39.6931   6.30024
26.1   45.9936   6.78186
26.12   54.06   7.35255
26.14   64.5831   8.03636
26.16   78.6408   8.86797
26.18   98.0508   9.90206
26.2   126.209   11.2343
26.22   169.883   13.0339
26.24   242.016   15.5569
26.26   363.769   19.0727
26.28   561.147   23.6885
26.3   844.803   29.0655
26.32   1138.03   33.7347
26.34   1207.49   34.7489
26.36   973.411   31.1995
26.38   667.241   25.831
26.4   433.443   20.8193
26.42   283.802   16.8464
26.44   194.343   13.9407
26.46   140.976   11.8733
26.48   107.484   10.3674
26.5   84.9452   9.21657
26.52   68.873   8.29898
26.54   56.9498   7.54651
26.56   47.8559   6.9178
26.58   40.7681   6.38499
26.6   35.1418   5.92805
26.62   30.6042   5.53211
26.64   26.8932   5.18587
26.66   23.8207   4.88064
26.68   21.2486   4.60962
26.7   19.0743   4.4
26.72   17.2199   4.4
26.74   15.6256   4.4
26.76   14.2451   4.4
26.78   13.0417   4.4
26.8   11.9863   4.4
26.82   11.0556   4.4
26.84   10.2307   4.4
26.86   9.496   4.4
26.88   8.39846   4.4
26.9   7.81985   4.4
26.92   7.29891   4.4
26.94   6.82823   4.4
26.96   6.40156   4.4
26.98   6.86521   4.4
27   6.53527   4.4
27.02   6.23663   4.4
27.04   5.96599   4.4
27.06   5.72051   4.4
27.08   5.49773   4.4
27.1   5.29553   4.4
27.12   5.11206   4.4
27.14   4.94571   4.4
27.16   4.79509   4.4
27.18   4.65897   4.4
27.2   4.53629   4.4
27.22   4.42612   4.4
27.24   4.32767   4.4
27.26   4.24024   4.4
27.28   4.16323   4.4
27.3   4.09614   4.4
27.32   4.03855   4.4
27.34   3.9901   4.4
27.36   3.95051   4.4
27.38   3.91956   4.4
27.4   3.89712   4.4
27.42   3.88307   4.4
27.44   3.8774   4.4
27.46   3.88013   4.4
27.48   3.89136   4.4
27.5   3.91123   4.4
27.52   3.93997   4.4
27.54   3.97788   4.4
27.56   4.0253   4.4
27.58   4.0827   4.4
27.6   4.15061   4.4
27.62   4.22966   4.4
27.64   4.3206   4.4
27.66   4.42431   4.4
27.68   4.984   4.4
27.7   5.12883   4.4
27.72   5.29051   4.4
27.74   5.47068   4.4
27.76   5.67121   4.4
27.78   5.89429   4.4
27.8   4.9693   4.4
27.82   5.27689   4.4
27.84   5.61481   4.4
27.86   5.98725   4.4
27.88   6.39913   4.4
27.9   6.8563   4.4
27.92   7.36572   4.4
27.94   7.93578   4.4
27.96   8.5766   4.4
27.98   9.30052   4.4
28   10.1227   4.4
28.02   11.0619   4.4
28.04   12.1415   4.4
28.06   13.3913   4.4
28.08   14.8492   4.4
28.1   16.5641   4.4
28.12   18.6004   4.4
28.14   21.0437   4.58734
28.16   24.0096   4.89996
28.18   27.6578   5.25907
28.2   32.213   5.67565
28.22   37.9985   6.16429
28.24   45.4945   6.74496
28.26   55.4464   7.44624
28.28   69.1013   8.31272
28.3   91.9369   9.58837
28.32   122.31   11.0594
28.34   172.16   13.121
28.36   263.062   16.2192
28.38   400.094   20.0024
28.4   599.505   24.4848
28.42   814.061   28.5318
28.44   881.995   29.6984
28.46   726.544   26.9545
28.48   506.489   22.5053
28.5   334.859   18.2991
28.52   224.312   14.977
28.54   158.309   12.5821
28.56   119.296   10.9223
28.58   95.2194   9.75805
28.6   79.3722   8.90911
28.62   68.3765   8.26901
28.64   60.5002   7.77819
28.66   54.7687   7.40059
28.68   50.5813   7.11205
28.7   47.5466   6.8954
28.72   45.4024   6.73813
28.74   43.9709   6.63105
28.76   43.1322   6.56751
28.78   42.808   6.54278
28.8   42.9516   6.55375
28.82   43.5429   6.5987
28.84   44.5859   6.67727
28.86   46.1103   6.79046
28.88   48.1755   6.94086
28.9   50.8793   7.13298
28.92   54.3742   7.37389
28.94   58.8943   7.67426
28.96   64.808   8.05034
28.98   72.7312   8.52826
29   83.7971   9.15407
29.02   100.253   10.0126
29.04   126.459   11.2454
29.06   169.794   13.0305
29.08   239.916   15.4892
29.1   342.915   18.518
29.12   458.891   21.4217
29.14   508.014   22.5392
29.16   438.354   20.9369
29.18   326.431   18.0674
29.2   237.397   15.4077
29.22   181.02   13.4544
29.24   149.259   12.2172
29.26   132.865   11.5267
29.28   125.349   11.196
29.3   123.103   11.0952
29.32   124.377   11.1524
29.34   128.372   11.3301
29.36   144.409   12.017
29.38   153.374   12.3844
29.4   164.765   12.8361
29.42   178.848   13.3734
29.44   196.055   14.002
29.46   217.019   14.7316
29.48   242.631   15.5766
29.5   274.141   16.5572
29.52   313.316   17.7007
29.54   362.694   19.0445
29.56   432.054   20.7859
29.58   515.434   22.7032
29.6   628.691   25.0737
29.62   790.268   28.1117
29.64   1034.71   32.167
29.66   1421.58   37.7038
29.68   2037.51   45.1388
29.7   2972.79   54.5233
29.72   4201.35   64.8178
29.74   5335.14   73.042
29.76   6068.25   77.899
29.78   6914.12   83.1512
29.8   7902.31   88.8949
29.82   7771.72   88.1574
29.84   6106.9   78.1467
29.86   4195.63   64.7737
29.88   2775.93   52.6871
29.9   1868.92   43.231
29.92   1321.79   36.3564
29.94   989.443   31.4554
29.96   776.717   27.8696
29.98   631.32   25.1261
30   526.629   22.9484
30.02   448.597   21.1801
30.04   389.063   19.7247
30.06   342.859   18.5165
30.08   306.534   17.5081
30.1   277.706   16.6645
30.12   254.697   15.9592
30.14   236.299   15.372
30.16   221.631   14.8873
30.18   210.046   14.4929
30.2   201.061   14.1796
30.22   194.324   13.94
30.24   189.576   13.7687
30.26   186.636   13.6615
30.28   185.383   13.6155
30.3   185.753   13.6291
30.32   187.732   13.7015
30.34   191.351   13.833
30.36   196.693   14.0247
30.38   203.895   14.2792
30.4   213.156   14.5999
30.42   224.75   14.9917
30.44   239.049   15.4612
30.46   256.546   16.0171
30.48   277.899   16.6703
30.5   303.988   17.4353
30.52   336.006   18.3305
30.54   375.588   19.3801
30.56   425.018   20.616
30.58   487.55   22.0805
30.6   567.51   23.8225
30.62   673.022   25.9427
30.64   815.335   28.5541
30.66   1015.28   31.8635
30.68   1313.51   36.2423
30.7   1790.05   42.309
30.72   2586.3   50.8557
30.74   3902.56   62.4704
30.76   5912.9   76.8954
30.78   8409.67   91.7042
30.8   10000   100
30.82   9055.01   95.1578
30.84   6696.32   81.831
30.86   4638.33   68.1053
30.88   3321.57   57.6331
30.9   2648.72   51.4657
30.92   2476.9   49.7685
30.94   2753.46   52.4734
30.96   3516.75   59.3022
30.98   4782.34   69.1545
31   6176.57   78.5912
31.02   6532.89   80.8263
31.04   5344.23   73.1043
31.06   3741.97   61.1717
31.08   2498.71   49.9871
31.1   1691.72   41.1305
31.12   1201.15   34.6576
31.14   902.601   30.0433
31.16   711.095   26.6664
31.18   579.332   24.0693
31.2   480.221   21.914
31.22   407.513   20.187
31.24   350.881   18.7318
31.26   305.816   17.4876
31.28   269.311   16.4107
31.3   232.724   15.2553
31.32   207.865   14.4175
31.34   186.92   13.6719
31.36   169.091   13.0035
31.38   153.776   12.4007
31.4   140.514   11.8539
31.42   128.946   11.3554
31.44   118.789   10.899
31.46   109.818   10.4794
31.48   101.851   10.0921
31.5   94.7421   9.73356
31.52   88.3691   9.40048
31.54   82.6321   9.09022
31.56   77.4477   8.80044
31.58   72.7461   8.52913
31.6   68.468   8.27454
31.62   64.5633   8.03513
31.64   60.9892   7.80956
31.66   57.7964   7.6024
31.68   54.7803   7.40137
31.7   51.9987   7.21101
31.72   49.4275   7.03047
31.74   47.0459   6.859
31.76   44.8356   6.69594
31.78   42.7802   6.54066
31.8   40.8657   6.39262
31.82   39.0792   6.25133
31.84   37.4095   6.11633
31.86   35.8467   5.98722
31.88   34.3818   5.8636
31.9   33.0068   5.74515
31.92   31.7144   5.63155
31.94   30.4981   5.52251
31.96   29.3522   5.41776
31.98   28.2712   5.31707
32   27.2506   5.22021
32.02   26.2858   5.12696
32.04   25.3729   5.03715
32.06   24.5083   4.95059
32.08   23.6889   4.86712
32.1   22.9114   4.78659
32.12   22.1733   4.70885
32.14   21.472   4.63379
32.16   20.8052   4.56127
32.18   20.1708   4.49119
32.2   20.1681   4.49089
32.22   19.6099   4.4283
32.24   19.0795   4.4
32.26   18.5754   4.4
32.28   8.89455   4.4
32.3   8.68318   4.4
32.32   8.48496   4.4
32.34   8.29939   4.4
32.36   8.12603   4.4
32.38   7.96453   4.4
32.4   7.81459   4.4
32.42   7.67597   4.4
32.44   7.54853   4.4
32.46   7.43218   4.4
32.48   1.39666   4.4
32.5   1.46104   4.4
32.52   1.53047   4.4
32.54   1.60557   4.4
32.56   1.68702   4.4
32.58   1.77566   4.4
32.6   1.87244   4.4
32.62   1.97853   4.4
32.64   2.09531   4.4
32.66   2.22444   4.4
32.68   2.36795   4.4
32.7   2.52836   4.4
32.72   2.70877   4.4
32.74   2.9131   4.4
32.76   3.14634   4.4
32.78   3.41497   4.4
32.8   3.72744   4.4
32.82   4.09508   4.4
32.84   4.53329   4.4
32.86   5.06343   4.4
32.88   5.71593   4.4
32.9   6.53528   4.4
32.92   7.58927   4.4
32.94   8.98829   4.4
32.96   10.9308   4.4
32.98   13.8067   4.4
33   18.3806   4.4
33.02   25.9847   5.09751
33.04   38.4576   6.20142
33.06   57.4876   7.58205
33.08   80.1111   8.95048
33.1   92.8416   9.63543
33.12   82.2673   9.07013
33.14   60.3948   7.77141
33.16   41.7991   6.46522
33.18   29.5902   5.43969
33.2   22.4373   4.7368
33.22   18.4975   4.4
33.24   16.411   4.4
33.26   15.3981   4.4
33.28   15.0747   4.4
33.3   15.2664   4.4
33.32   15.9015   4.4
33.34   16.9671   4.4
33.36   18.4939   4.4
33.38   20.5555   4.53381
33.4   23.2763   4.82455
33.42   26.8503   5.18173
33.44   31.5752   5.61918
33.46   37.9175   6.15772
33.48   46.6529   6.83029
33.5   59.2012   7.69423
33.52   78.375   8.85296
33.54   109.673   10.4725
33.56   162.539   12.7491
33.58   249.663   15.8007
33.6   380.07   19.4954
33.62   531.909   23.0632
33.64   604.771   24.5921
33.66   518.292   22.766
33.68   365.526   19.1187
33.7   239.212   15.4665
33.72   155.947   12.4879
33.74   105.666   10.2794
33.76   75.8432   8.7088
33.78   57.4404   7.57894
33.8   45.2832   6.72928
33.82   36.7406   6.0614
33.84   30.4755   5.52046
33.86   25.7466   5.07411
33.88   22.1006   4.70113
33.9   19.2416   4.4
33.92   16.9688   4.4
33.94   15.1425   4.4
33.96   13.6633   4.4
33.98   12.4595   4.4
34   11.4786   4.4
34.02   10.6819   4.4
34.04   10.041   4.4
34.06   9.53511   4.4
34.08   9.14965   4.4
34.1   8.87511   4.4
34.12   8.70649   4.4
34.14   8.64307   4.4
34.16   8.6886   4.4
34.18   9.74045   4.4
34.2   10.0613   4.4
34.22   10.5387   4.4
34.24   11.2065   4.4
34.26   12.114   4.4
34.28   13.3336   4.4
34.3   14.9732   4.4
34.32   17.1989   4.4
34.34   20.2821   4.50356
34.36   24.7099   4.97091
34.38   31.4389   5.60704
34.4   42.3582   6.50832
34.42   60.8081   7.79795
34.44   91.9864   9.59096
34.46   139.033   11.7912
34.48   198.441   14.0869
34.5   234.863   15.3253
34.52   210.955   14.5243
34.54   153.481   12.3888
34.56   102.561   10.1272
34.58   68.2625   8.26211
34.6   47.3861   6.88375
34.62   35.0535   5.9206
34.64   27.5508   5.24888
34.66   22.6863   4.76301
34.68   19.3326   4.4
34.7   16.9215   4.4
34.72   15.1434   4.4
34.74   13.8119   4.4
34.76   12.8065   4.4
34.78   12.0463   4.4
34.8   11.475   4.4
34.82   11.0532   4.4
34.84   10.7526   4.4
34.86   10.5528   4.4
34.88   10.4388   4.4
34.9   10.4001   4.4
34.92   10.4288   4.4
34.94   10.5198   4.4
34.96   10.6696   4.4
34.98   10.8766   4.4
35   11.1404   4.4
35.02   11.4619   4.4
35.04   11.8431   4.4
35.06   12.2876   4.4
35.08   12.7998   4.4
35.1   12.8026   4.4
35.12   13.486   4.4
35.14   14.2599   4.4
35.16   15.1363   4.4
35.18   16.13   4.4
35.2   17.259   4.4
35.22   18.5458   4.4
35.24   20.0187   4.47423
35.26   21.713   4.65972
35.28   23.6737   4.86556
35.3   25.9587   5.09497
35.32   28.6433   5.35195
35.34   31.8273   5.64157
35.36   35.6445   5.9703
35.38   40.2785   6.34654
35.4   45.986   6.7813
35.42   53.1351   7.28939
35.44   62.2705   7.89117
35.46   74.2376   8.61612
35.48   90.4572   9.5109
35.5   113.579   10.6573
35.52   148.859   12.2008
35.54   206.27   14.3621
35.56   301.927   17.376
35.58   455.239   21.3363
35.6   672.78   25.938
35.62   892.127   29.8685
35.64   937.073   30.6116
35.66   765.133   27.661
35.68   547.429   23.3972
35.7   388.088   19.7
35.72   294.305   17.1553
35.74   249.641   15.8
35.76   239.572   15.4781
35.78   258.34   16.073
35.8   310.48   17.6204
35.82   410.576   20.2627
35.84   579.968   24.0825
35.86   828.854   28.7898
35.88   1109.36   33.307
35.9   1331.3   36.487
35.92   1420.73   37.6926
35.94   1251.66   35.3788
35.96   914.248   30.2365
35.98   613.079   24.7604
36   407.575   20.1885
36.02   280.567   16.7501
36.04   204.038   14.2842
36.06   156.509   12.5103
36.08   125.073   11.1836
36.1   102.945   10.1462
36.12   86.6495   9.30857
36.14   74.2782   8.61848
36.16   64.6766   8.04217
36.18   57.0932   7.55601
36.2   51.3968   7.16916
36.22   46.483   6.81785
36.24   42.4655   6.51655
36.26   39.158   6.25764
36.28   36.4226   6.03511
36.3   34.1553   5.84426
36.32   32.2773   5.68131
36.34   30.7278   5.54326
36.36   29.4599   5.4277
36.38   28.4375   5.33268
36.4   27.6325   5.25666
36.42   27.0235   5.19841
36.44   27.6665   5.2599
36.46   27.4358   5.23792
36.48   27.3673   5.23137
36.5   27.457   5.23994
36.52   27.7042   5.26348
36.54   28.1115   5.30203
36.56   28.6847   5.35581
36.58   29.4331   5.42523
36.6   30.3698   5.51088
36.62   31.5123   5.61358
36.64   32.8833   5.73439
36.66   34.5116   5.87465
36.68   36.4337   6.03603
36.7   38.6956   6.22058
36.72   41.3556   6.43083
36.74   44.4872   6.66987
36.76   48.1849   6.94153
36.78   52.5702   7.25053
36.8   57.8017   7.60274
36.82   64.0885   8.00553
36.84   71.7109   8.46823
36.86   81.0501   9.00278
36.88   92.6349   9.6247
36.9   107.214   10.3544
36.92   125.873   11.2193
36.94   150.239   12.2572
36.96   182.879   13.5233
36.98   228.191   15.106
37   294.528   17.1618
37.02   398.562   19.964
37.04   571.557   23.9073
37.06   862.691   29.3716
37.08   1327.9   36.4403
37.1   1973.26   44.4214
37.12   2570.54   50.7005
37.14   2592.62   50.9178
37.16   2013.42   44.8712
37.18   1361.61   36.9
37.2   885.784   29.7621
37.22   586.746   24.2228
37.24   409.174   20.228
37.26   302.985   17.4065
37.28   235.917   15.3596
37.3   190.651   13.8076
37.32   158.521   12.5905
37.34   134.539   11.5991
37.36   117.046   10.8188
37.38   103.946   10.1954
37.4   93.1488   9.65136
37.42   86.0996   9.27899
37.44   81.3099   9.0172
37.46   78.5696   8.86395
37.48   77.8562   8.82362
37.5   79.3645   8.90868
37.52   83.621   9.14445
37.54   91.7881   9.58061
37.56   106.308   10.3106
37.58   131.835   11.4819
37.6   175.723   13.256
37.62   246.362   15.6959
37.64   344.722   18.5667
37.66   436.969   20.9038
37.68   444.712   21.0882
37.7   365.133   19.1085
37.72   277.602   16.6614
37.74   220.029   14.8334
37.76   194.431   13.9438
37.78   196.361   14.0129
37.8   225.949   15.0316
37.82   292.399   17.0997
37.84   414.568   20.3609
37.86   613.973   24.7785
37.88   886.249   29.7699
37.9   1116.94   33.4207
37.92   1085.72   32.9503
37.94   825.467   28.7309
37.96   556.462   23.5894
37.98   364.849   19.101
38   245.243   15.6602
38.02   173.899   13.1871
38.04   130.594   11.4278
38.06   102.634   10.1309
38.08   83.2923   9.12646
38.1   69.1921   8.31818
38.12   58.5414   7.65124
38.14   50.2857   7.09124
38.16   43.7516   6.6145
38.18   38.4873   6.20382
38.2   34.1799   5.84636
38.22   30.6071   5.53237
38.24   27.6079   5.25432
38.26   25.0632   5.00631
38.28   22.8834   4.78366
38.3   21.0003   4.5826
38.32   19.3608   4.40009
38.34   17.9236   4.4
38.36   16.6556   4.4
38.38   15.5306   4.4
38.4   14.5272   4.4
38.42   13.628   4.4
38.44   12.8186   4.4
38.46   12.0871   4.4
38.48   11.4237   4.4
38.5   10.82   4.4
38.52   10.2688   4.4
38.54   9.76431   4.4
38.56   9.30131   4.4
38.58   8.87544   4.4
38.6   8.48291   4.4
38.62   5.63764   4.4
38.64   5.36777   4.4
38.66   5.1202   4.4
38.68   4.89294   4.4
38.7   4.68427   4.4
38.72   4.49275   4.4
38.74   4.31712   4.4
38.76   4.15635   4.4
38.78   4.00957   4.4
38.8   3.87612   4.4
38.82   3.7555   4.4
38.84   3.64739   4.4
38.86   3.55168   4.4
38.88   3.46848   4.4
38.9   3.53054   4.4
38.92   3.47747   4.4
38.94   3.43915   4.4
38.96   4.03381   4.4
38.98   4.0478   4.4
39   4.08423   4.4
39.02   4.14757   4.4
39.04   4.24417   4.4
39.06   5.92989   4.4
39.08   6.16852   4.4
39.1   6.48521   4.4
39.12   6.91301   4.4
39.14   7.51051   4.4
39.16   8.02221   4.4
39.18   9.42018   4.4
39.2   11.7198   4.4
39.22   15.4811   4.4
39.24   21.1949   4.60379
39.26   28.2995   5.31972
39.28   32.947   5.73995
39.3   30.6047   5.53215
39.32   24.4031   4.93995
39.34   19.2113   4.4
39.36   16.4315   4.4
39.38   16.0492   4.4
39.4   16.8821   4.4
39.42   20.7931   4.55995
39.44   25.2721   5.02714
39.46   27.7848   5.27113
39.48   23.9768   4.89662
39.5   18.9308   4.4
39.52   15.1123   4.4
39.54   12.746   4.4
39.56   11.4338   4.4
39.58   10.7695   4.4
39.6   10.4776   4.4
39.62   10.4059   4.4
39.64   10.4784   4.4
39.66   10.6565   4.4
39.68   10.9194   4.4
39.7   11.2555   4.4
39.72   11.6585   4.4
39.74   12.1257   4.4
39.76   12.657   4.4
39.78   13.2543   4.4
39.8   13.9214   4.4
39.82   14.6638   4.4
39.84   15.4886   4.4
39.86   16.4048   4.4
39.88   17.4234   4.4
39.9   18.558   4.4
39.92   19.8249   4.45252
39.94   21.244   4.60913
39.96   22.8397   4.77909
39.98   24.6419   4.96406
40   26.6874   5.16598
40.02   29.0224   5.38724
40.04   31.705   5.63072
40.06   34.8094   5.89995
40.08   38.4315   6.19932
40.1   42.6973   6.53432
40.12   47.7749   6.91194
40.14   53.8934   7.34121
40.16   61.3731   7.8341
40.18   70.6772   8.40697
40.2   82.513   9.08366
40.22   98.0407   9.90155
40.24   119.279   10.9215
40.26   149.759   12.2376
40.28   195.336   13.9763
40.3   264.635   16.2676
40.32   366.564   19.1459
40.34   499.668   22.3532
40.36   653.283   25.5594
40.38   829.202   28.7959
40.4   974.613   31.2188
40.42   1022.47   31.976
40.44   1081.98   32.8935
40.46   1278.39   35.7546
40.48   1572.92   39.6601
40.5   1691.2   41.1242
40.52   1424.9   37.7479
40.54   1012.5   31.8199
40.56   679.588   26.0689
40.58   461.683   21.4868
40.6   330.702   18.1852
40.62   253.915   15.9347
40.64   208.126   14.4266
40.66   180.268   13.4264
40.68   163.932   12.8036
40.7   156.227   12.4991
40.72   156.136   12.4954
40.74   163.989   12.8058
40.76   181.706   13.4798
40.78   214.149   14.6338
40.8   271.556   16.479
40.82   372.887   19.3103
40.84   546.187   23.3706
40.86   818.532   28.61
40.88   1172.13   34.2364
40.9   1430   37.8153
40.92   1329.83   36.4669
40.94   983.42   31.3595
40.96   656.52   25.6226
40.98   430.535   20.7493
41   291.144   17.0629
41.02   208.146   14.4273
41.04   157.4   12.5459
41.06   124.27   11.1476
41.08   101.132   10.0564
41.1   84.1518   9.17343
41.12   71.2649   8.44185
41.14   61.2376   7.82545
41.16   53.2752   7.29898
41.18   46.8412   6.84407
41.2   41.563   6.44693
41.22   37.1747   6.09711
41.24   33.4832   5.78647
41.26   30.3453   5.50865
41.28   27.6529   5.2586
41.3   25.3234   5.03223
41.32   23.2926   4.82624
41.34   21.5101   4.6379
41.36   19.9359   4.46497
41.38   18.5378   4.4
41.4   17.2896   4.4
41.42   16.17   4.4
41.44   15.1614   4.4
41.46   14.249   4.4
41.48   13.4207   4.4
41.5   12.666   4.4
41.52   11.9763   4.4
41.54   11.344   4.4
41.56   10.7628   4.4
41.58   10.2271   4.4
41.6   9.73211   4.4
41.62   10.1207   4.4
41.64   9.71904   4.4
41.66   9.34817   4.4
41.68   9.00535   4.4
41.7   8.68819   4.4
41.72   8.39454   4.4
41.74   8.12256   4.4
41.76   7.87057   4.4
41.78   7.63713   4.4
41.8   7.42092   4.4
41.82   7.09359   4.4
41.84   7.83998   4.4
41.86   7.0958   4.4
41.88   6.98479   4.4
41.9   6.88688   4.4
41.92   6.80157   4.4
41.94   6.72845   4.4
41.96   5.27098   4.4
41.98   5.26426   4.4
42   5.26746   4.4
42.02   5.28054   4.4
42.04   5.30354   4.4
42.06   8.08062   4.4
42.08   8.20126   4.4
42.1   8.33561   4.4
42.12   8.48415   4.4
42.14   8.64745   4.4
42.16   8.82617   4.4
42.18   9.02108   4.4
42.2   9.23306   4.4
42.22   9.46309   4.4
42.24   9.7123   4.4
42.26   9.98198   4.4
42.28   10.2736   4.4
42.3   10.5887   4.4
42.32   10.9291   4.4
42.34   11.2971   4.4
42.36   11.6948   4.4
42.38   10.781   4.4
42.4   11.2825   4.4
42.42   11.8216   4.4
42.44   12.4023   4.4
42.46   13.0293   4.4
42.48   13.7079   4.4
42.5   14.4443   4.4
42.52   15.2455   4.4
42.54   16.1199   4.4
42.56   17.0773   4.4
42.58   18.1291   4.4
42.6   19.2891   4.4
42.62   20.5738   4.53583
42.64   22.0029   4.69073
42.66   23.6008   4.85806
42.68   25.397   5.03954
42.7   27.4287   5.23724
42.72   29.7423   5.45365
42.74   32.3972   5.69185
42.76   35.4699   5.95566
42.78   39.0608   6.24987
42.8   43.3042   6.58059
42.82   48.3825   6.95575
42.84   54.5496   7.38577
42.86   62.1678   7.88466
42.88   71.7703   8.47174
42.9   84.1813   9.17504
42.92   100.781   10.039
42.94   124.131   11.1414
42.96   159.302   12.6215
42.98   215.885   14.693
43   309.336   17.588
43.02   458.214   21.4059
43.04   668.625   25.8578
43.06   880.292   29.6697
43.08   925.115   30.4157
43.1   762.851   27.6198
43.12   562.349   23.7139
43.14   420.335   20.5021
43.16   345.156   18.5784
43.18   325.137   18.0315
43.2   354.182   18.8197
43.22   438.362   20.9371
43.24   592.256   24.3363
43.26   819.733   28.631
43.28   1052.97   32.4495
43.3   1107.89   33.285
43.32   944.811   30.7378
43.34   752.665   27.4347
43.36   641.904   25.3358
43.38   629.277   25.0854
43.4   709.709   26.6404
43.42   882.589   29.7084
43.44   1185.39   34.4295
43.46   1684.36   41.0409
43.48   2350.65   48.4835
43.5   2830.71   53.2045
43.52   2612.46   51.1122
43.54   1924.54   43.8696
43.56   1282.39   35.8105
43.58   839.701   28.9776
43.6   566.69   23.8053
43.62   403.911   20.0975
43.64   304.165   17.4403
43.66   238.92   15.457
43.68   193.313   13.9037
43.7   159.851   12.6432
43.72   134.479   11.5965
43.74   114.769   10.713
43.76   99.1515   9.95749
43.78   86.5651   9.30404
43.8   76.2707   8.73331
43.82   67.7411   8.2305
43.84   61.283   7.82835
43.86   55.2497   7.43301
43.88   50.0982   7.07801
43.9   45.6641   6.75752
43.92   41.8197   6.46682
43.94   38.4646   6.20198
43.96   35.5192   5.9598
43.98   32.9195   5.73755
44   30.6136   5.53295
44.02   28.5592   5.34408
44.04   26.7215   5.16929
44.06   25.0716   5.00715
44.08   23.5851   4.85645
44.1   22.242   4.71614
44.12   21.0249   4.58529
44.14   19.9194   4.46311
44.16   18.9129   4.4
44.18   17.9949   4.4
44.2   17.1561   4.4
44.22   16.3887   4.4
44.24   15.6857   4.4
44.26   15.0413   4.4
44.28   14.4503   4.4
44.3   13.9081   4.4
44.32   13.4109   4.4
44.34   12.9552   4.4
44.36   12.5381   4.4
44.38   12.1569   4.4
44.4   11.8096   4.4
44.42   11.4943   4.4
44.44   11.2093   4.4
44.46   10.9533   4.4
44.48   10.7254   4.4
44.5   10.5247   4.4
44.52   10.3507   4.4
44.54   10.2031   4.4
44.56   9.2734   4.4
44.58   9.20015   4.4
44.6   9.15323   4.4
44.62   9.13352   4.4
44.64   9.14222   4.4
44.66   9.18096   4.4
44.68   9.25176   4.4
44.7   9.35722   4.4
44.72   9.5005   4.4
44.74   9.68554   4.4
44.76   10.2286   4.4
44.78   9.63592   4.4
44.8   10.0122   4.4
44.82   10.4567   4.4
44.84   10.9804   4.4
44.86   11.5974   4.4
44.88   12.325   4.4
44.9   13.088   4.4
44.92   14.1118   4.4
44.94   15.333   4.4
44.96   16.7993   4.4
44.98   15.9425   4.4
45   18.1817   4.4
45.02   20.9302   4.57495
45.04   24.3532   4.9349
45.06   28.6874   5.35606
45.08   34.2816   5.85505
45.1   41.6709   6.4553
45.12   51.7336   7.19261
45.14   66.0626   8.12789
45.16   87.8004   9.37019
45.18   123.105   11.0953
45.2   183.028   13.5288
45.22   281.307   16.7722
45.24   429.27   20.7188
45.26   604.56   24.5878
45.28   695.519   26.3727
45.3   602.917   24.5544
45.32   427.605   20.6786
45.34   280.262   16.741
45.36   182.575   13.512
45.38   123.469   11.1117
45.4   88.4466   9.40461
45.42   66.9059   8.1796
45.44   52.7308   7.2616
45.46   42.8027   6.54238
45.48   35.5408   5.96161
45.5   30.0725   5.48384
45.52   25.866   5.08587
45.54   22.5751   4.75133
45.56   19.965   4.46822
45.58   17.8723   4.4
45.6   16.181   4.4
45.62   14.807   4.4
45.64   13.6886   4.4
45.66   12.7802   4.4
45.68   12.0476   4.4
45.7   11.4655   4.4
45.72   11.0153   4.4
45.74   10.6836   4.4
45.76   10.4616   4.4
45.78   10.3445   4.4
45.8   10.3309   4.4
45.82   10.4234   4.4
45.84   10.6286   4.4
45.86   10.9576   4.4
45.88   11.4275   4.4
45.9   12.0631   4.4
45.92   12.8993   4.4
45.94   13.9854   4.4
45.96   15.3919   4.4
45.98   17.2204   4.4
46   19.6213   4.4296
46.02   22.8246   4.77751
46.04   27.2054   5.21588
46.06   33.4363   5.78241
46.08   42.8369   6.54499
46.1   58.0098   7.61641
46.12   83.5418   9.14012
46.14   125.892   11.2201
46.16   190.547   13.8039
46.18   270.245   16.4391
46.2   319.069   17.8625
46.22   285.528   16.8976
46.24   207.338   14.3992
46.26   138.737   11.7787
46.28   92.7298   9.62963
46.3   64.9815   8.06111
46.32   48.8744   6.99103
46.34   39.4064   6.27746
46.36   33.6838   5.80377
46.38   30.1698   5.49271
46.4   28.1886   5.3093
46.42   27.4062   5.23509
46.44   27.6899   5.26212
46.46   29.0508   5.38988
46.48   31.6514   5.62595
46.5   35.8135   5.98443
46.52   42.217   6.49746
46.54   52.212   7.22579
46.56   68.541   8.27895
46.58   96.3122   9.81388
46.6   143.384   11.9743
46.62   218.229   14.7726
46.64   319.808   17.8832
46.66   406.899   20.1717
46.68   397.944   19.9485
46.7   302.996   17.4068
46.72   203.698   14.2723
46.74   133.357   11.548
46.76   89.1566   9.44228
46.78   62.8891   7.93026
46.8   47.0428   6.85878
46.82   36.892   6.07388
46.84   29.9296   5.47079
46.86   24.899   4.98989
46.88   21.1354   4.59732
46.9   18.2491   4.4
46.92   15.9921   4.4
46.94   14.1984   4.4
46.96   12.7535   4.4
46.98   11.5761   4.4
47   10.6078   4.4
47.02   9.8055   4.4
47.04   9.13688   4.4
47.06   8.57752   4.4
47.08   8.10863   4.4
47.1   7.71564   4.4
47.12   7.38712   4.4
47.14   7.11406   4.4
47.16   6.88933   4.4
47.18   6.70726   4.4
47.2   7.12522   4.4
47.22   7.03152   4.4
47.24   6.97035   4.4
47.26   6.93964   4.4
47.28   6.93794   4.4
47.3   6.96426   4.4
47.32   7.01812   4.4
47.34   7.09945   4.4
47.36   7.20864   4.4
47.38   7.34653   4.4
47.4   7.51443   4.4
47.42   7.71419   4.4
47.44   7.94829   4.4
47.46   8.21991   4.4
47.48   8.53318   4.4
47.5   8.89333   4.4
47.52   9.3071   4.4
47.54   9.78323   4.4
47.56   10.3332   4.4
47.58   10.9726   4.4
47.6   11.7226   4.4
47.62   12.6139   4.4
47.64   13.6934   4.4
47.66   14.7354   4.4
47.68   17.1598   4.4
47.7   19.6425   4.43199
47.72   23.3047   4.8275
47.74   28.8186   5.3683
47.76   36.7493   6.06212
47.78   46.3367   6.80711
47.8   52.9276   7.27513
47.82   51.6542   7.18708
47.84   46.6537   6.83035
47.86   43.4299   6.59014
47.88   43.4939   6.59499
47.9   46.7623   6.8383
47.92   52.7737   7.26455
47.94   60.3313   7.76733
47.96   67.562   8.21961
47.98   75.2051   8.67209
48   86.2323   9.28614
48.02   103.124   10.155
48.04   128.841   11.3508
48.06   168.966   12.9987
48.08   234.286   15.3064
48.1   343.145   18.5242
48.12   521.279   22.8315
48.14   788.451   28.0794
48.16   1101.18   33.184
48.18   1256.31   35.4444
48.2   1085.17   32.942
48.22   771.479   27.7755
48.24   508.513   22.5502
48.26   334.361   18.2855
48.28   229.253   15.1411
48.3   167.299   12.9344
48.32   129.599   11.3842
48.34   105.273   10.2603
48.36   88.7955   9.42314
48.38   77.3868   8.79698
48.4   69.5701   8.34087
48.42   64.5069   8.03162
48.44   61.7391   7.85742
48.46   61.0826   7.81554
48.48   62.5991   7.91196
48.5   66.6386   8.16325
48.52   74.0063   8.60269
48.54   86.4029   9.29531
48.56   107.362   10.3616
48.58   143.625   11.9844
48.6   205.911   14.3496
48.62   306.579   17.5094
48.64   447.577   21.156
48.66   580.713   24.098
48.68   589.449   24.2786
48.7   463.287   21.5241
48.72   318.673   17.8514
48.74   212.615   14.5813
48.76   146.019   12.0838
48.78   106.76   10.3325
48.8   83.7256   9.15017
48.82   69.7329   8.35062
48.84   60.9503   7.80707
48.86   55.5123   7.45066
48.88   52.5206   7.24711
48.9   51.5593   7.18048
48.92   52.5098   7.24636
48.94   55.5033   7.45006
48.96   60.9625   7.80785
48.98   69.7689   8.35278
49   83.71   9.14932
49.02   106.46   10.3179
49.04   145.112   12.0462
49.06   211.288   14.5358
49.08   319.24   17.8673
49.1   474.626   21.7859
49.12   634.645   25.1922
49.14   670.754   25.8989
49.16   540.804   23.2552
49.18   372.365   19.2968
49.2   243.986   15.6201
49.22   161.811   12.7205
49.24   112.627   10.6126
49.26   83.203   9.12157
49.28   64.7404   8.04614
49.3   52.3572   7.23583
49.32   43.651   6.60689
49.34   37.4416   6.11895
49.36   33.1314   5.75599
49.38   30.3815   5.51194
49.4   28.7822   5.3649
49.42   27.3164   5.22651
49.44   24.9002   4.99001
49.46   22.2257   4.71441
49.48   20.4169   4.51851
49.5   19.9176   4.46292
49.52   20.7786   4.55836
49.54   22.4156   4.73452
49.56   22.7836   4.77322
49.58   20.2926   4.50473
49.6   16.6342   4.4
49.62   13.5705   4.4
49.64   10.2668   4.4
49.66   8.88482   4.4
49.68   7.95   4.4
49.7   7.4051   4.4
49.72   7.15706   4.4
49.74   7.23874   4.4
49.76   7.70568   4.4
49.78   8.48222   4.4
49.8   8.99269   4.4
49.82   8.40087   4.4
49.84   7.06189   4.4
49.86   5.81106   4.4
49.88   4.89996   4.4
49.9   4.4137   4.4
49.92   3.99032   4.4
49.94   3.68202   4.4
49.96   3.44107   4.4
49.98   3.24217   4.4
50   3.07213   4.4
50.02   2.92352   4.4
50.04   2.79166   4.4
50.06   2.96597   4.4
50.08   2.8672   4.4
50.1   2.78327   4.4
50.12   2.70317   4.4
50.14   2.63071   4.4
50.16   2.01659   4.4
50.18   1.97163   4.4
50.2   1.93181   4.4
50.22   1.89675   4.4
50.24   1.86611   4.4
50.26   1.83964   4.4
50.28   1.81713   4.4
50.3   1.83032   4.4
50.32   1.81616   4.4
50.34   1.8056   4.4
50.36   1.79858   4.4
50.38   1.79505   4.4
50.4   1.79501   4.4
50.42   1.79847   4.4
50.44   1.80547   4.4
50.46   1.81609   4.4
50.48   1.83041   4.4
50.5   1.84857   4.4
50.52   1.87071   4.4
50.54   1.89703   4.4
50.56   1.92774   4.4
50.58   1.96312   4.4
50.6   2.00348   4.4
50.62   1.42215   4.4
50.64   1.4901   4.4
50.66   1.56363   4.4
50.68   1.67614   4.4
50.7   1.7636   4.4
50.72   1.85873   4.4
50.74   1.96241   4.4
50.76   2.26017   4.4
50.78   2.38948   4.4
50.8   2.53123   4.4
50.82   2.68707   4.4
50.84   2.85897   4.4
50.86   3.04927   4.4
50.88   3.26073   4.4
50.9   3.49116   4.4
50.92   3.80996   4.4
50.94   4.10965   4.4
50.96   4.44901   4.4
50.98   4.83565   4.4
51   5.27915   4.4
51.02   5.78212   4.4
51.04   6.3782   4.4
51.06   7.08153   4.4
51.08   7.91812   4.4
51.1   8.92562   4.4
51.12   10.1564   4.4
51.14   11.6853   4.4
51.16   13.623   4.4
51.18   16.143   4.4
51.2   19.5431   4.42075
51.22   24.3864   4.93826
51.24   31.7666   5.63619
51.26   43.6272   6.60509
51.28   62.7895   7.92398
51.3   91.9726   9.59023
51.32   129.416   11.3761
51.34   157.936   12.5673
51.36   153.724   12.3985
51.38   130.226   11.4117
51.4   115.203   10.7333
51.42   120.606   10.9821
51.44   151.166   12.2949
51.46   208.184   14.4286
51.48   277.641   16.6626
51.5   307.959   17.5487
51.52   262.475   16.2011
51.54   188.213   13.7191
51.56   127.471   11.2903
51.58   86.6315   9.30761
51.6   61.4553   7.83934
51.62   46.7042   6.83405
51.64   38.4035   6.19706
51.66   34.4492   5.86934
51.68   34.1345   5.84247
51.7   37.3305   6.10987
51.72   43.0371   6.56027
51.74   46.5751   6.82459
51.76   42.1965   6.49588
51.78   33.1602   5.75849
51.8   25.1737   5.01734
51.82   19.7241   4.44118
51.84   16.3814   4.4
51.86   14.4464   4.4
51.88   13.3863   4.4
51.9   12.894   4.4
51.92   12.8273   4.4
51.94   13.1409   4.4
51.96   13.8491   4.4
51.98   15.0173   4.4
52   16.7761   4.4
52.02   19.364   4.40045
52.04   23.2255   4.81928
52.06   29.1979   5.40351
52.08   38.7985   6.22884
52.1   54.5016   7.38252
52.12   79.44   8.91291
52.14   114.875   10.718
52.16   156.844   12.5237
52.18   196.138   14.0049
52.2   207.787   14.4148
52.22   173.316   13.1649
52.24   123.384   11.1079
52.26   84.417   9.18787
52.28   60.3411   7.76795
52.3   48.1622   6.9399
52.32   44.9034   6.701
52.34   48.9313   6.99509
52.36   58.6951   7.66127
52.38   68.2742   8.26282
52.4   66.017   8.12509
52.42   51.8277   7.19915
52.44   36.7956   6.06594
52.46   25.8174   5.08108
52.48   18.7505   4.4
52.5   14.3653   4.4
52.52   11.5775   4.4
52.54   9.69084   4.4
52.56   8.32819   4.4
52.58   7.29585   4.4
52.6   6.5042   4.4
52.62   5.85945   4.4
52.64   5.33542   4.4
52.66   5.5409   4.4
52.68   5.19923   4.4
52.7   4.91602   4.4
52.72   4.68052   4.4
52.74   4.48465   4.4
52.76   4.42527   4.4
52.78   4.2945   4.4
52.8   4.18891   4.4
52.82   3.97736   4.4
52.84   3.91767   4.4
52.86   3.87632   4.4
52.88   3.85206   4.4
52.9   3.844   4.4
52.92   3.85157   4.4
52.94   3.87449   4.4
52.96   4.06016   4.4
52.98   4.13347   4.4
53   4.22302   4.4
53.02   4.32472   4.4
53.04   4.44959   4.4
53.06   4.59405   4.4
53.08   4.75991   4.4
53.1   4.94948   4.4
53.12   5.16557   4.4
53.14   5.4117   4.4
53.16   5.69221   4.4
53.18   6.01251   4.4
53.2   6.65078   4.4
53.22   7.04993   4.4
53.24   7.54663   4.4
53.26   8.12369   4.4
53.28   8.79907   4.4
53.3   9.59699   4.4
53.32   10.5498   4.4
53.34   11.7017   4.4
53.36   13.1146   4.4
53.38   14.8764   4.4
53.4   17.1168   4.4
53.42   20.0337   4.47591
53.44   23.9512   4.89399
53.46   29.4543   5.42719
53.48   37.6954   6.13966
53.5   50.9329   7.13673
53.52   73.0844   8.54894
53.54   109.515   10.465
53.56   164.355   12.8201
53.58   229.708   15.1561
53.6   265.829   16.3043
53.62   233.067   15.2665
53.64   168.804   12.9925
53.66   114.458   10.6985
53.68   78.7738   8.87546
53.7   57.5602   7.58684
53.72   45.4569   6.74218
53.74   38.5332   6.20751
53.76   34.5305   5.87626
53.78   32.3181   5.6849
53.8   31.3526   5.59934
53.82   31.3709   5.60097
53.84   32.259   5.6797
53.86   34.0023   5.83114
53.88   36.6194   6.05139
53.9   40.3822   6.3547
53.92   45.5249   6.74722
53.94   52.5241   7.24735
53.96   62.1823   7.88557
53.98   75.9244   8.71346
54   96.4243   9.81959
54.02   128.731   11.346
54.04   181.495   13.472
54.06   266.35   16.3202
54.08   393.882   19.8465
54.1   561.151   23.6886
54.12   700.859   26.4737
54.14   687.361   26.2176
54.16   551.83   23.4911
54.18   422.256   20.5489
54.2   332.585   18.2369
54.22   259.442   16.1072
54.24   197.616   14.0576
54.26   155.122   12.4548
54.28   131.201   11.4543
54.3   122.388   11.0629
54.32   127.523   11.2926
54.34   149.364   12.2215
54.36   194.797   13.957
54.38   272.2   16.4985
54.4   380.349   19.5025
54.42   475.243   21.8001
54.44   467.879   21.6305
54.46   366.764   19.1511
54.48   261.195   16.1615
54.5   188.354   13.7242
54.52   147.878   12.1605
54.54   132.708   11.5199
54.56   138.834   11.7828
54.58   166.773   12.914
54.6   217.947   14.763
54.62   281.633   16.7819
54.64   312.461   17.6766
54.66   272.464   16.5065
54.68   202.275   14.2224
54.7   144.402   12.0167
54.72   106.733   10.3312
54.74   84.8303   9.21033
54.76   73.0996   8.54983
54.78   67.549   8.21882
54.8   66.0134   8.12486
54.82   67.6033   8.22213
54.84   72.4508   8.51181
54.86   80.4793   8.97103
54.88   93.0049   9.6439
54.9   112.213   10.5931
54.92   142.601   11.9416
54.94   193.118   13.8967
54.96   279.374   16.7145
54.98   422.797   20.562
55   639.915   25.2966
55.02   899.274   29.9879
55.04   1038.06   32.2189
55.06   904.386   30.073
55.08   644.264   25.3824
55.1   423.998   20.5912
55.12   277.455   16.657
55.14   188.553   13.7315
55.16   135.743   11.6509
55.18   103.169   10.1572
55.2   81.6553   9.03633
55.22   66.514   8.15561
55.24   55.37   7.4411
55.26   46.9137   6.84935
55.28   40.3473   6.35195
55.3   35.1509   5.92882
55.32   30.9716   5.56522
55.34   27.563   5.25005
55.36   24.7493   4.97487
55.38   22.4023   4.73311
55.4   20.4271   4.51964
55.42   18.8075   4.4
55.44   17.3802   4.4
55.46   16.1569   4.4
55.48   15.1049   4.4
55.5   14.1986   4.4
55.52   13.418   4.4
55.54   12.7474   4.4
55.56   12.1597   4.4
55.58   11.6764   4.4
55.6   10.6431   4.4
55.62   10.3382   4.4
55.64   10.4677   4.4
55.66   10.33   4.4
55.68   10.1801   4.4
55.7   10.2303   4.4
55.72   10.4   4.4
55.74   10.7256   4.4
55.76   11.2756   4.4
55.78   12.1862   4.4
55.8   13.7217   4.4
55.82   16.3289   4.4
55.84   20.5935   4.538
55.86   26.8875   5.18532
55.88   34.0223   5.83287
55.9   37.2108   6.10006
55.92   32.9399   5.73933
55.94   26.6878   5.16603
55.96   21.9808   4.68837
55.98   19.4766   4.41323
56   18.8241   4.4
56.02   19.7091   4.4395
56.04   22.1399   4.70531
56.06   26.4267   5.14069
56.08   32.857   5.7321
56.1   40.3462   6.35187
56.12   45.9442   6.77821
56.14   47.4877   6.89113
56.16   49.547   7.03897
56.18   57.0867   7.55557
56.2   74.0707   8.60643
56.22   105.299   10.2615
56.24   155.356   12.4642
56.26   220.815   14.8598
56.28   269.372   16.4126
56.3   252.948   15.9043
56.32   191.74   13.847
56.34   134.632   11.6031
56.36   96.9799   9.84784
56.38   76.8438   8.76606
56.4   69.9993   8.36656
56.42   74.4713   8.62968
56.44   91.4544   9.56318
56.46   124.024   11.1366
56.48   172.226   13.1235
56.5   217.429   14.7455
56.52   219.426   14.813
56.54   172.997   13.1528
56.56   120.022   10.9554
56.58   81.1165   9.00647
56.6   56.6068   7.52375
56.62   42.0988   6.48836
56.64   33.5647   5.79351
56.66   28.405   5.32963
56.68   25.2426   5.0242
56.7   23.431   4.84056
56.72   22.7123   4.76574
56.74   23.0904   4.80525
56.76   24.8601   4.98599
56.78   28.7046   5.35766
56.8   35.7024   5.97515
56.82   46.9407   6.85133
56.84   61.8347   7.86351
56.86   73.6611   8.5826
56.88   72.0783   8.48989
56.9   61.3162   7.83047
56.92   52.2542   7.22871
56.94   48.7685   6.98344
56.96   51.3165   7.16355
56.98   60.6775   7.78958
57   79.6781   8.92626
57.02   113.979   10.6761
57.04   171.071   13.0794
57.06   254.435   15.951
57.08   342.864   18.5166
57.1   367.13   19.1606
57.12   299.058   17.2933
57.14   206.605   14.3738
57.16   135.18   11.6267
57.18   89.2106   9.44514
57.2   61.6305   7.85051
57.22   45.141   6.71871
57.24   34.7773   5.89723
57.26   28.1818   5.30866
57.28   23.1973   4.81636
57.3   19.4905   4.41481
57.32   16.656   4.4
57.34   14.441   4.4
57.36   12.6523   4.4
57.38   11.2289   4.4
57.4   10.4233   4.4
57.42   9.46778   4.4
57.44   8.67078   4.4
57.46   7.99975   4.4
57.48   7.43123   4.4
57.5   6.94685   4.4
57.52   6.53232   4.4
57.54   6.17644   4.4
57.56   5.8703   4.4
57.58   5.58629   4.4
57.6   5.36021   4.4
57.62   5.16635   4.4
57.64   5.00093   4.4
57.66   4.86087   4.4
57.68   4.74367   4.4
57.7   4.64727   4.4
57.72   4.57003   4.4
57.74   4.51062   4.4
57.76   4.22218   4.4
57.78   4.20215   4.4
57.8   4.19734   4.4
57.82   4.20742   4.4
57.84   4.23226   4.4
57.86   4.2719   4.4
57.88   4.32658   4.4
57.9   4.39672   4.4
57.92   4.48295   4.4
57.94   4.5861   4.4
57.96   4.70725   4.4
57.98   4.84773   4.4
58   4.81136   4.4
58.02   5.00096   4.4
58.04   5.21571   4.4
58.06   5.45851   4.4
58.08   5.73284   4.4
58.1   6.04292   4.4
58.12   6.39386   4.4
58.14   6.7919   4.4
58.16   7.2447   4.4
58.18   7.95078   4.4
58.2   8.54926   4.4
58.22   9.23907   4.4
58.24   10.0394   4.4
58.26   10.9752   4.4
58.28   12.0793   4.4
58.3   13.396   4.4
58.32   14.9859   4.4
58.34   16.8815   4.4
58.36   19.3142   4.4
58.38   22.4188   4.73485
58.4   26.5092   5.14871
58.42   32.1612   5.67108
58.44   40.4924   6.36336
58.46   53.5615   7.31857
58.48   74.5768   8.63579
58.5   107.188   10.3532
58.52   151.885   12.3242
58.54   194.425   13.9436
58.56   202.105   14.2164
58.58   176.354   13.2798
58.6   152.162   12.3354
58.62   149.016   12.2072
58.64   174.016   13.1915
58.66   232.49   15.2476
58.68   324.867   18.0241
58.7   423.26   20.5733
58.72   450.802   21.2321
58.74   387.763   19.6917
58.76   316.21   17.7823
58.78   289.061   17.0018
58.8   315.443   17.7607
58.82   377.679   19.434
58.84   412.714   20.3154
58.86   358.664   18.9384
58.88   260   16.1245
58.9   175.987   13.266
58.92   119.258   10.9205
58.94   84.1724   9.17455
58.96   62.6655   7.91615
58.98   49.0176   7.00126
59   39.7756   6.30679
59.02   33.1378   5.75654
59.04   28.1711   5.30764
59.06   24.3516   4.93473
59.08   21.3559   4.62124
59.1   18.9709   4.4
59.12   17.0507   4.4
59.14   15.4929   4.4
59.16   14.2241   4.4
59.18   13.1915   4.4
59.2   12.3566   4.4
59.22   11.692   4.4
59.24   11.1787   4.4
59.26   10.8046   4.4
59.28   10.5639   4.4
59.3   10.457   4.4
59.32   10.4908   4.4
59.34   10.6816   4.4
59.36   11.0506   4.4
59.38   11.638   4.4
59.4   12.5019   4.4
59.42   13.7309   4.4
59.44   15.463   4.4
59.46   17.9262   4.4
59.48   21.5327   4.64033
59.5   27.0949   5.20528
59.52   36.2158   6.01796
59.54   51.7096   7.19094
59.56   77.5092   8.80393
59.58   116.868   10.8106
59.6   164.979   12.8444
59.62   193.289   13.9029
59.64   171.456   13.0941
59.66   123.594   11.1173
59.68   82.0116   9.05603
59.7   54.097   7.35506
59.72   37.1062   6.09149
59.74   27.0231   5.19838
59.76   20.8323   4.56424
59.78   16.7682   4.4
59.8   13.9373   4.4
59.82   11.8593   4.4
59.84   10.2957   4.4
59.86   9.09542   4.4
59.88   8.1606   4.4
59.9   7.44723   4.4
59.92   6.86732   4.4
59.94   6.49738   4.4
59.96   6.14352   4.4
59.98   5.87496   4.4
60   5.68124   4.4
60.02   5.55584   4.4
60.04   5.34087   4.4
60.06   5.3499   4.4
60.08   5.42712   4.4
60.1   5.57931   4.4
60.12   5.81767   4.4
60.14   6.15924   4.4
60.16   6.69663   4.4
60.18   7.33384   4.4
60.2   7.81709   4.4
60.22   8.9886   4.4
60.24   10.5976   4.4
60.26   12.8773   4.4
60.28   16.2757   4.4
60.3   21.3353   4.61901
60.32   30.4218   5.51559
60.34   45.7074   6.76072
60.36   69.9098   8.36121
60.38   102.643   10.1313
60.4   130.528   11.4249
60.42   127.424   11.2882
60.44   96.9059   9.84408
60.46   65.1673   8.07263
60.48   42.5408   6.52233
60.5   28.45   5.33386
60.52   20.293   4.50478
60.54   15.2686   4.4
60.56   12.0641   4.4
60.58   9.88073   4.4
60.6   8.31892   4.4
60.62   7.16869   4.4
60.64   6.30934   4.4
60.66   5.66868   4.4
60.68   5.20743   4.4
60.7   4.91345   4.4
60.72   4.7964   4.4
60.74   4.87125   4.4
60.76   5.09989   4.4
60.78   5.24718   4.4
60.8   4.98686   4.4
60.82   4.46543   4.4
60.84   4.00408   4.4
60.86   3.69583   4.4
60.88   3.52022   4.4
60.9   3.43934   4.4
60.92   3.42391   4.4
60.94   3.45729   4.4
60.96   3.53233   4.4
60.98   3.64764   4.4
61   3.80537   4.4
61.02   4.01053   4.4
61.04   4.27115   4.4
61.06   4.59907   4.4
61.08   4.82683   4.4
61.1   5.35403   4.4
61.12   6.02994   4.4
61.14   6.91949   4.4
61.16   8.13752   4.4
61.18   9.88535   4.4
61.2   12.4832   4.4
61.22   16.3567   4.4
61.24   21.8544   4.67487
61.26   28.5294   5.34129
61.28   35.1489   5.92865
61.3   42.284   6.50262
61.32   53.6923   7.3275
61.34   69.3034   8.32487
61.36   86.4634   9.29857
61.38   102.565   10.1274
61.4   104.707   10.2326
61.42   85.9494   9.27089
61.44   62.2495   7.88984
61.46   44.7836   6.69205
61.48   34.7428   5.8943
61.5   30.7675   5.54685
61.52   31.9293   5.6506
61.54   38.3318   6.19127
61.56   50.4816   7.10504
61.58   66.6214   8.16219
61.6   76.9388   8.77147
61.62   69.7899   8.35404
61.64   52.6986   7.25938
61.66   37.6499   6.13595
61.68   27.6871   5.26185
61.7   21.9302   4.68296
61.72   18.9666   4.4
61.74   17.7447   4.4
61.76   17.697   4.4
61.78   18.6273   4.4
61.8   20.6041   4.53918
61.82   23.9597   4.89486
61.84   29.4275   5.42471
61.86   38.4321   6.19936
61.88   53.4417   7.31038
61.9   77.7067   8.81514
61.92   113.852   10.6701
61.94   160.386   12.6644
61.96   206.26   14.3618
61.98   215.982   14.6963
62   174.755   13.2195
62.02   120.853   10.9933
62.04   79.5572   8.91948
62.06   53.0591   7.28417
62.08   37.1782   6.09739
62.1   27.6931   5.26243
62.12   21.7511   4.6638
62.14   17.7743   4.4
62.16   14.9667   4.4
62.18   12.9166   4.4
62.2   11.3906   4.4
62.22   10.2438   4.4
62.24   9.3815   4.4
62.26   8.73857   4.4
62.28   8.27529   4.4
62.3   7.96103   4.4
62.32   7.77703   4.4
62.34   7.71237   4.4
62.36   7.76261   4.4
62.38   7.92925   4.4
62.4   8.21977   4.4
62.42   8.6581   4.4
62.44   9.24746   4.4
62.46   10.0305   4.4
62.48   11.0551   4.4
62.5   12.3906   4.4
62.52   14.1383   4.4
62.54   16.4493   4.4
62.56   19.5575   4.42239
62.58   23.8514   4.88379
62.6   30.0419   5.48105
62.62   39.5648   6.29006
62.64   55.0873   7.42208
62.66   81.2727   9.01514
62.68   124.266   11.1475
62.7   188.832   13.7416
62.72   261.88   16.1827
62.74   295.665   17.1949
62.76   256.754   16.0235
62.78   186.058   13.6403
62.8   124.042   11.1374
62.82   81.5705   9.03164
62.84   55.4549   7.44681
62.86   39.7559   6.30522
62.88   30.1432   5.49028
62.9   23.845   4.88313
62.92   19.4547   4.41075
62.94   16.2505   4.4
62.96   13.8374   4.4
62.98   11.9776   4.4
63   10.5179   4.4
63.02   9.35461   4.4
63.04   8.41571   4.4
63.06   7.6499   4.4
63.08   6.95557   4.4
63.1   6.43554   4.4
63.12   6.00302   4.4
63.14   5.64227   4.4
63.16   5.34119   4.4
63.18   5.78878   4.4
63.2   5.60018   4.4
63.22   5.44947   4.4
63.24   5.33212   4.4
63.26   5.24455   4.4
63.28   5.18398   4.4
63.3   5.14827   4.4
63.32   5.13579   4.4
63.34   5.1454   4.4
63.36   5.17634   4.4
63.38   5.22821   4.4
63.4   5.28411   4.4
63.42   5.37849   4.4
63.44   5.29573   4.4
63.46   5.43992   4.4
63.48   5.60795   4.4
63.5   5.80159   4.4
63.52   6.02305   4.4
63.54   6.27515   4.4
63.56   6.83448   4.4
63.58   7.16681   4.4
63.6   7.95585   4.4
63.62   8.3949   4.4
63.64   8.89406   4.4
63.66   9.4646   4.4
63.68   10.1215   4.4
63.7   10.8858   4.4
63.72   11.7888   4.4
63.74   12.8824   4.4
63.76   14.2588   4.4
63.78   16.074   4.4
63.8   18.5545   4.4
63.82   21.9345   4.68342
63.84   26.1688   5.11554
63.86   30.1549   5.49135
63.88   32.1368   5.66894
63.9   32.9272   5.73822
63.92   34.6164   5.88357
63.94   38.1552   6.17699
63.96   44.0206   6.6348
63.98   52.9198   7.2746
64   66.0575   8.12757
64.02   85.1543   9.22791
64.04   111.94   10.5802
64.06   146.729   12.1132
64.08   193.701   13.9177
64.1   270.343   16.4421
64.12   395.936   19.8982
64.14   566.905   23.8098
64.16   704.678   26.5458
64.18   672.963   25.9415
64.2   506.376   22.5028
64.22   341.921   18.4911
64.24   226.413   15.047
64.26   155.329   12.4631
64.28   113.706   10.6633
64.3   89.1663   9.44279
64.32   74.0866   8.60736
64.34   64.4916   8.03067
64.36   58.4348   7.64426
64.38   54.9412   7.41223
64.4   53.518   7.3156
64.42   53.9617   7.34586
64.44   56.2946   7.50298
64.46   60.7699   7.79551
64.48   67.9482   8.24307
64.5   78.9175   8.88355
64.52   95.8463   9.79011
64.54   123.147   11.0972
64.56   169.188   13.0072
64.58   247.439   15.7302
64.6   373.008   19.3134
64.62   548.869   23.4279
64.64   716.435   26.7663
64.66   730.824   27.0338
64.68   576.152   24.0032
64.7   397.013   19.9252
64.72   265.626   16.298
64.74   183.616   13.5505
64.76   136.034   11.6634
64.78   109.113   10.4457
64.8   94.0186   9.69632
64.82   86.1843   9.28355
64.84   83.6515   9.14612
64.86   85.961   9.27151
64.88   93.8716   9.68873
64.9   109.79   10.4781
64.92   138.707   11.7774
64.94   189.015   13.7483
64.96   271.526   16.478
64.98   391.142   19.7773
65   521.749   22.8418
65.02   607.119   24.6398
65.04   617.187   24.8432
65.06   525.93   22.9332
65.08   380.26   19.5003
65.1   256.393   16.0123
65.12   173.296   13.1642
65.14   122.243   11.0564
65.16   91.4661   9.56379
65.18   72.3087   8.50345
65.2   59.6684   7.72453
65.22   50.8769   7.1328
65.24   44.5643   6.67565
65.26   39.98   6.32297
65.28   36.6809   6.05648
65.3   34.39   5.8643
65.32   32.9472   5.73996
65.34   32.2653   5.68026
65.36   32.3644   5.68897
65.38   33.3362   5.77375
65.4   35.4439   5.95347
65.42   39.2062   6.26149
65.44   45.4587   6.74231
65.46   55.2165   7.43078
65.48   68.9062   8.30098
65.5   83.8207   9.15537
65.52   93.3385   9.66119
65.54   99.4195   9.97093
65.56   113.1   10.6349
65.58   145.326   12.0551
65.6   206.36   14.3652
65.62   304.789   17.4582
65.64   430.6   20.7509
65.66   516.486   22.7263
65.68   471.928   21.7239
65.7   346.602   18.6173
65.72   232.457   15.2465
65.74   154.74   12.4394
65.76   107.435   10.3651
65.78   79.7913   8.9326
65.8   63.5042   7.96895
65.82   53.5213   7.31582
65.84   47.4816   6.89069
65.86   44.0904   6.64006
65.88   42.9994   6.5574
65.9   44.2978   6.65566
65.92   48.7108   6.97931
65.94   57.9569   7.61294
65.96   75.1019   8.66614
65.98   104.318   10.2136
66   148.523   12.187
66.02   200.043   14.1436
66.04   229.664   15.1547
66.06   223.546   14.9515
66.08   200.559   14.1619
66.1   162.159   12.7342
66.12   116.79   10.8069
66.14   79.8614   8.93652
66.16   55.7994   7.4699
66.18   40.7942   6.38704
66.2   31.4518   5.60819
66.22   25.3931   5.03916
66.24   21.2217   4.6067
66.26   18.1918   4.4
66.28   15.9064   4.4
66.3   14.1383   4.4
66.32   12.7454   4.4
66.34   11.6335   4.4
66.36   10.7378   4.4
66.38   10.0124   4.4
66.4   9.42452   4.4
66.42   8.95038   4.4
66.44   8.57268   4.4
66.46   8.27895   4.4
66.48   7.79822   4.4
66.5   7.65643   4.4
66.52   7.18474   4.4
66.54   7.18619   4.4
66.56   7.25607   4.4
66.58   7.40094   4.4
66.6   7.63388   4.4
66.62   7.97758   4.4
66.64   8.47103   4.4
66.66   9.16834   4.4
66.68   10.1224   4.4
66.7   11.3128   4.4
66.72   12.4899   4.4
66.74   13.3933   4.4
66.76   14.3357   4.4
66.78   15.7527   4.4
66.8   17.8791   4.4
66.82   20.9341   4.57538
66.84   25.3122   5.03112
66.86   31.7334   5.63324
66.88   41.7591   6.46213
66.9   58.3439   7.63832
66.92   86.2536   9.28728
66.94   131.179   11.4534
66.96   194.836   13.9584
66.98   258.21   16.0689
67   268.784   16.3946
67.02   215.228   14.6707
67.04   149.683   12.2345
67.06   101.19   10.0593
67.08   71.4542   8.45306
67.1   55.4567   7.44693
67.12   48.6409   6.9743
67.14   47.9939   6.92777
67.16   53.4711   7.31239
67.18   63.091   7.94298
67.2   73.9139   8.59732
67.22   86.1689   9.28272
67.24   98.7415   9.93687
67.26   105.437   10.2682
67.28   110.184   10.4969
67.3   114.033   10.6786
67.32   103.06   10.1518
67.34   78.1627   8.84097
67.36   54.5573   7.38629
67.38   38.0243   6.16638
67.4   27.7096   5.26399
67.42   21.6059   4.64822
67.44   18.1411   4.4
67.46   16.4434   4.4
67.48   16.2441   4.4
67.5   17.4445   4.4
67.52   20.3033   4.50592
67.54   23.4986   4.84754
67.56   24.882   4.98818
67.58   23.9659   4.8955
67.6   20.32   4.50777
67.62   15.4532   4.4
67.64   11.4412   4.4
67.66   8.71696   4.4
67.68   6.97814   4.4
67.7   5.86431   4.4
67.72   5.11718   4.4
67.74   4.58517   4.4
67.76   4.18789   4.4
67.78   3.88274   4.4
67.8   3.64534   4.4
67.82   3.46053   4.4
67.84   3.31838   4.4
67.86   3.2123   4.4
67.88   3.13804   4.4
67.9   3.09309   4.4
67.92   3.07646   4.4
67.94   3.41547   4.4
67.96   3.4683   4.4
67.98   3.55828   4.4
68   3.69414   4.4
68.02   4.35905   4.4
68.04   4.62999   4.4
68.06   4.94941   4.4
68.08   5.26362   4.4
68.1   5.57741   4.4
68.12   5.97863   4.4
68.14   6.53554   4.4
68.16   7.30303   4.4
68.18   8.3646   4.4
68.2   9.88475   4.4
68.22   12.1492   4.4
68.24   15.6005   4.4
68.26   20.7639   4.55674
68.28   27.8496   5.27728
68.3   35.5412   5.96164
68.32   41.4669   6.43948
68.34   48.2647   6.94728
68.36   62.0536   7.87741
68.38   85.9258   9.26962
68.4   114.984   10.7231
68.42   127.947   11.3114
68.44   108.955   10.4382
68.46   77.4913   8.80291
68.48   51.5621   7.18068
68.5   34.7574   5.89554
68.52   24.7059   4.97051
68.54   18.8856   4.4
68.56   15.5237   4.4
68.58   13.6701   4.4
68.6   12.7401   4.4
68.62   12.2647   4.4
68.64   11.7035   4.4
68.66   10.7592   4.4
68.68   9.52659   4.4
68.7   8.47448   4.4
68.72   7.71259   4.4
68.74   7.30543   4.4
68.76   7.27746   4.4
68.78   7.30588   4.4
68.8   7.45853   4.4
68.82   7.94521   4.4
68.84   8.76824   4.4
68.86   9.96178   4.4
68.88   11.2556   4.4
68.9   11.8218   4.4
68.92   11.3684   4.4
68.94   10.7226   4.4
68.96   10.413   4.4
68.98   10.4947   4.4
69   10.8969   4.4
69.02   11.5421   4.4
69.04   12.4153   4.4
69.06   13.4937   4.4
69.08   14.8237   4.4
69.1   16.4377   4.4
69.12   18.401   4.4
69.14   20.8054   4.56129
69.16   23.7802   4.8765
69.18   27.5097   5.24497
69.2   32.2625   5.68001
69.22   38.4461   6.20049
69.24   46.7201   6.83521
69.26   58.2554   7.63253
69.28   75.2783   8.67631
69.3   101.943   10.0967
69.32   145.125   12.0468
69.34   214.025   14.6296
69.36   315.528   17.7631
69.38   435.305   20.864
69.4   519.045   22.7825
69.42   553.914   23.5354
69.44   590.412   24.2984
69.46   594.339   24.3791
69.48   495.826   22.2671
69.5   351.963   18.7607
69.52   234.97   15.3287
69.54   157.455   12.5481
69.56   109.851   10.481
69.58   80.9574   8.99763
69.6   62.7246   7.91988
69.62   50.4774   7.10474
69.64   41.7865   6.46425
69.66   35.3927   5.94918
69.68   30.5905   5.53087
69.7   26.9495   5.19129
69.72   24.196   4.91895
69.74   22.1574   4.70717
69.76   20.7366   4.55375
69.78   19.8903   4.45986
69.8   19.7203   4.44076
69.82   20.429   4.51984
69.84   22.4725   4.74051
69.86   26.5695   5.15456
69.88   33.375   5.77711
69.9   42.9908   6.55673
69.92   51.4745   7.17457
69.94   52.2635   7.22935
69.96   47.864   6.91838
69.98   45.8174   6.76886
70   47.7963   6.91349
