1.54056
5   0   4.4
5.02   0   4.4
5.04   0   4.4
5.06   0   4.4
5.08   0   4.4
5.1   0   4.4
5.12   0   4.4
5.14   0   4.4
5.16   0   4.4
5.18   0   4.4
5.2   0   4.4
5.22   0   4.4
5.24   0   4.4
5.26   0   4.4
5.28   0   4.4
5.3   0   4.4
5.32   0   4.4
5.34   0   4.4
5.36   0   4.4
5.38   0   4.4
5.4   0   4.4
5.42   0   4.4
5.44   0   4.4
5.46   0   4.4
5.48   0   4.4
5.5   0   4.4
5.52   0   4.4
5.54   0   4.4
5.56   0   4.4
5.58   0   4.4
5.6   0   4.4
5.62   0   4.4
5.64   0   4.4
5.66   0   4.4
5.68   0   4.4
5.7   0   4.4
5.72   0   4.4
5.74   0   4.4
5.76   0   4.4
5.78   0   4.4
5.8   0   4.4
5.82   0   4.4
5.84   0   4.4
5.86   0   4.4
5.88   0   4.4
5.9   0   4.4
5.92   0   4.4
5.94   0   4.4
5.96   0   4.4
5.98   0   4.4
6   0   4.4
6.02   0   4.4
6.04   0   4.4
6.06   0   4.4
6.08   0   4.4
6.1   0   4.4
6.12   0   4.4
6.14   0   4.4
6.16   0   4.4
6.18   0   4.4
6.2   0   4.4
6.22   0   4.4
6.24   0   4.4
6.26   0   4.4
6.28   0   4.4
6.3   0   4.4
6.32   0   4.4
6.34   0   4.4
6.36   0   4.4
6.38   0   4.4
6.4   0   4.4
6.42   0   4.4
6.44   0   4.4
6.46   0   4.4
6.48   0   4.4
6.5   0   4.4
6.52   0   4.4
6.54   0   4.4
6.56   0   4.4
6.58   0   4.4
6.6   0   4.4
6.62   0   4.4
6.64   0   4.4
6.66   0   4.4
6.68   0   4.4
6.7   0   4.4
6.72   0   4.4
6.74   0   4.4
6.76   0   4.4
6.78   0   4.4
6.8   0   4.4
6.82   0   4.4
6.84   0   4.4
6.86   0   4.4
6.88   0   4.4
6.9   0   4.4
6.92   0   4.4
6.94   0   4.4
6.96   0   4.4
6.98   0   4.4
7   0   4.4
7.02   0   4.4
7.04   0   4.4
7.06   0   4.4
7.08   0   4.4
7.1   0   4.4
7.12   0   4.4
7.14   0   4.4
7.16   0   4.4
7.18   0   4.4
7.2   0   4.4
7.22   0   4.4
7.24   0   4.4
7.26   0   4.4
7.28   0   4.4
7.3   0   4.4
7.32   0   4.4
7.34   0   4.4
7.36   0   4.4
7.38   0   4.4
7.4   0   4.4
7.42   0   4.4
7.44   0   4.4
7.46   0   4.4
7.48   0   4.4
7.5   0   4.4
7.52   0   4.4
7.54   0   4.4
7.56   0   4.4
7.58   0   4.4
7.6   0   4.4
7.62   0   4.4
7.64   0   4.4
7.66   0   4.4
7.68   0   4.4
7.7   0   4.4
7.72   0   4.4
7.74   0   4.4
7.76   0   4.4
7.78   0   4.4
7.8   0   4.4
7.82   0   4.4
7.84   0   4.4
7.86   0   4.4
7.88   0   4.4
7.9   0   4.4
7.92   0   4.4
7.94   0   4.4
7.96   0   4.4
7.98   0   4.4
8   0   4.4
8.02   0   4.4
8.04   0   4.4
8.06   0   4.4
8.08   0   4.4
8.1   0   4.4
8.12   0   4.4
8.14   0   4.4
8.16   0   4.4
8.18   0   4.4
8.2   0   4.4
8.22   0   4.4
8.24   0   4.4
8.26   0   4.4
8.28   0   4.4
8.3   0   4.4
8.32   0   4.4
8.34   0   4.4
8.36   0   4.4
8.38   0   4.4
8.4   0   4.4
8.42   0   4.4
8.44   0   4.4
8.46   0   4.4
8.48   0   4.4
8.5   0   4.4
8.52   0   4.4
8.54   0   4.4
8.56   0   4.4
8.58   0   4.4
8.6   0   4.4
8.62   0   4.4
8.64   0   4.4
8.66   0   4.4
8.68   0   4.4
8.7   0   4.4
8.72   0   4.4
8.74   0   4.4
8.76   0   4.4
8.78   0   4.4
8.8   0   4.4
8.82   0   4.4
8.84   0   4.4
8.86   0   4.4
8.88   0   4.4
8.9   0   4.4
8.92   0   4.4
8.94   0   4.4
8.96   0   4.4
8.98   0   4.4
9   0   4.4
9.02   0   4.4
9.04   0   4.4
9.06   0   4.4
9.08   0   4.4
9.1   0   4.4
9.12   0   4.4
9.14   0   4.4
9.16   0   4.4
9.18   0   4.4
9.2   0   4.4
9.22   0   4.4
9.24   0   4.4
9.26   0   4.4
9.28   0   4.4
9.3   0   4.4
9.32   0   4.4
9.34   0   4.4
9.36   0   4.4
9.38   0   4.4
9.4   0   4.4
9.42   0   4.4
9.44   0   4.4
9.46   0   4.4
9.48   0   4.4
9.5   0   4.4
9.52   0   4.4
9.54   0   4.4
9.56   0   4.4
9.58   0   4.4
9.6   0   4.4
9.62   0   4.4
9.64   0   4.4
9.66   0   4.4
9.68   0   4.4
9.7   0   4.4
9.72   0   4.4
9.74   0   4.4
9.76   0   4.4
9.78   0   4.4
9.8   0   4.4
9.82   0   4.4
9.84   0   4.4
9.86   0   4.4
9.88   0   4.4
9.9   0   4.4
9.92   0   4.4
9.94   0   4.4
9.96   0   4.4
9.98   0   4.4
10   0   4.4
10.02   0   4.4
10.04   0   4.4
10.06   0   4.4
10.08   0   4.4
10.1   0   4.4
10.12   0   4.4
10.14   0   4.4
10.16   0   4.4
10.18   0   4.4
10.2   0   4.4
10.22   0   4.4
10.24   0   4.4
10.26   0   4.4
10.28   0   4.4
10.3   0   4.4
10.32   0   4.4
10.34   0   4.4
10.36   0   4.4
10.38   0   4.4
10.4   0   4.4
10.42   0   4.4
10.44   0   4.4
10.46   0   4.4
10.48   0   4.4
10.5   0   4.4
10.52   0   4.4
10.54   0   4.4
10.56   0   4.4
10.58   0   4.4
10.6   0   4.4
10.62   0   4.4
10.64   0   4.4
10.66   0   4.4
10.68   0   4.4
10.7   0   4.4
10.72   0   4.4
10.74   0   4.4
10.76   0   4.4
10.78   0   4.4
10.8   0   4.4
10.82   0   4.4
10.84   0   4.4
10.86   0   4.4
10.88   0   4.4
10.9   0   4.4
10.92   0   4.4
10.94   0   4.4
10.96   0   4.4
10.98   0   4.4
11   0   4.4
11.02   0   4.4
11.04   0   4.4
11.06   0   4.4
11.08   0   4.4
11.1   0   4.4
11.12   0   4.4
11.14   0   4.4
11.16   0   4.4
11.18   0   4.4
11.2   0   4.4
11.22   0   4.4
11.24   0   4.4
11.26   0   4.4
11.28   0   4.4
11.3   0   4.4
11.32   0   4.4
11.34   0   4.4
11.36   0   4.4
11.38   0   4.4
11.4   0   4.4
11.42   0   4.4
11.44   0   4.4
11.46   0   4.4
11.48   0   4.4
11.5   0   4.4
11.52   0   4.4
11.54   0   4.4
11.56   0   4.4
11.58   0   4.4
11.6   0   4.4
11.62   0   4.4
11.64   0   4.4
11.66   0   4.4
11.68   0   4.4
11.7   0   4.4
11.72   0   4.4
11.74   0   4.4
11.76   0   4.4
11.78   0   4.4
11.8   0   4.4
11.82   0   4.4
11.84   0   4.4
11.86   0   4.4
11.88   0   4.4
11.9   0   4.4
11.92   0   4.4
11.94   0   4.4
11.96   0   4.4
11.98   0   4.4
12   0   4.4
12.02   0   4.4
12.04   0   4.4
12.06   0   4.4
12.08   0   4.4
12.1   0   4.4
12.12   0   4.4
12.14   0   4.4
12.16   0   4.4
12.18   0   4.4
12.2   0   4.4
12.22   0   4.4
12.24   0   4.4
12.26   0   4.4
12.28   0   4.4
12.3   0   4.4
12.32   0   4.4
12.34   0   4.4
12.36   0   4.4
12.38   0   4.4
12.4   0   4.4
12.42   0   4.4
12.44   0   4.4
12.46   0   4.4
12.48   0   4.4
12.5   0   4.4
12.52   0   4.4
12.54   0   4.4
12.56   0   4.4
12.58   0   4.4
12.6   0   4.4
12.62   0   4.4
12.64   0   4.4
12.66   0   4.4
12.68   0   4.4
12.7   0   4.4
12.72   0   4.4
12.74   0   4.4
12.76   0   4.4
12.78   0   4.4
12.8   0   4.4
12.82   0   4.4
12.84   0   4.4
12.86   0   4.4
12.88   0   4.4
12.9   0   4.4
12.92   0   4.4
12.94   0   4.4
12.96   0   4.4
12.98   0   4.4
13   0   4.4
13.02   0   4.4
13.04   0   4.4
13.06   0   4.4
13.08   0   4.4
13.1   0   4.4
13.12   0   4.4
13.14   0   4.4
13.16   0   4.4
13.18   0   4.4
13.2   0   4.4
13.22   0   4.4
13.24   0   4.4
13.26   0   4.4
13.28   1.09834   4.4
13.3   1.12917   4.4
13.32   1.16132   4.4
13.34   1.19486   4.4
13.36   1.22987   4.4
13.38   1.26645   4.4
13.4   1.30468   4.4
13.42   1.34466   4.4
13.44   1.38651   4.4
13.46   1.43035   4.4
13.48   1.4763   4.4
13.5   1.52449   4.4
13.52   1.57508   4.4
13.54   1.62824   4.4
13.56   1.68413   4.4
13.58   1.74294   4.4
13.6   1.80489   4.4
13.62   1.87019   4.4
13.64   1.93911   4.4
13.66   2.0119   4.4
13.68   2.08886   4.4
13.7   2.17033   4.4
13.72   2.25665   4.4
13.74   2.34822   4.4
13.76   2.44547   4.4
13.78   2.54889   4.4
13.8   2.659   4.4
13.82   2.7764   4.4
13.84   2.90174   4.4
13.86   3.03575   4.4
13.88   3.17925   4.4
13.9   3.33316   4.4
13.92   3.49852   4.4
13.94   3.67647   4.4
13.96   3.86833   4.4
13.98   4.07558   4.4
14   4.29993   4.4
14.02   4.54329   4.4
14.04   4.80787   4.4
14.06   5.09621   4.4
14.08   5.41123   4.4
14.1   5.75633   4.4
14.12   6.13545   4.4
14.14   6.5532   4.4
14.16   7.01499   4.4
14.18   7.52724   4.4
14.2   8.09753   4.4
14.22   8.73496   4.4
14.24   9.45045   4.4
14.26   10.2572   4.4
14.28   11.1715   4.4
14.3   12.213   4.4
14.32   13.4065   4.4
14.34   14.7829   4.4
14.36   16.3813   4.4
14.38   18.2517   4.4
14.4   20.459   4.52317
14.42   23.0886   4.80506
14.44   26.2542   5.12389
14.46   30.1102   5.48728
14.48   34.8698   5.90507
14.5   40.8341   6.39016
14.52   48.4382   6.95976
14.54   58.3308   7.63746
14.56   71.5263   8.45732
14.58   89.7419   9.47322
14.6   116.199   10.7796
14.62   157.324   12.5429
14.64   225.345   15.0115
14.66   340.063   18.4408
14.68   525.358   22.9207
14.7   789.354   28.0954
14.72   1055.22   32.4842
14.74   1105.11   33.2431
14.76   881.526   29.6905
14.78   601.363   24.5227
14.8   390.073   19.7503
14.82   255.493   15.9842
14.84   175.17   13.2352
14.86   127.198   11.2782
14.88   97.01   9.84937
14.9   76.6405   8.75446
14.92   62.0899   7.87971
14.94   51.2849   7.16135
14.96   43.0395   6.56045
14.98   36.611   6.05071
15   31.5077   5.61317
15.02   27.392   5.23374
15.04   24.0268   4.90172
15.06   21.2414   4.60884
15.08   18.9107   4.4
15.1   16.9415   4.4
15.12   15.263   4.4
15.14   13.821   4.4
15.16   12.5733   4.4
15.18   11.4865   4.4
15.2   10.5343   4.4
15.22   9.6954   4.4
15.24   8.95255   4.4
15.26   8.29168   4.4
15.28   7.70118   4.4
15.3   7.17144   4.4
15.32   6.69441   4.4
15.34   6.26334   4.4
15.36   5.87252   4.4
15.38   5.5171   4.4
15.4   5.19294   4.4
15.42   4.89649   4.4
15.44   4.62467   4.4
15.46   4.37485   4.4
15.48   4.1447   4.4
15.5   3.93223   4.4
15.52   3.73566   4.4
15.54   3.55345   4.4
15.56   3.38424   4.4
15.58   3.22683   4.4
15.6   3.08013   4.4
15.62   2.9432   4.4
15.64   2.8152   4.4
15.66   2.69536   4.4
15.68   2.58301   4.4
15.7   2.47753   4.4
15.72   2.37838   4.4
15.74   2.28506   4.4
15.76   12.1606   4.4
15.78   12.359   4.4
15.8   12.5741   4.4
15.82   12.8063   4.4
15.84   13.0559   4.4
15.86   13.3236   4.4
15.88   13.6099   4.4
15.9   13.9156   4.4
15.92   14.2415   4.4
15.94   14.5884   4.4
15.96   14.9573   4.4
15.98   15.3494   4.4
16   15.766   4.4
16.02   16.2082   4.4
16.04   16.6777   4.4
16.06   17.1762   4.4
16.08   17.7053   4.4
16.1   18.2672   4.4
16.12   18.864   4.4
16.14   19.4981   4.41567
16.16   20.1723   4.49136
16.18   20.8895   4.57051
16.2   21.653   4.65328
16.22   21.4171   4.62786
16.24   22.3119   4.72355
16.26   23.264   4.82327
16.28   24.2782   4.92729
16.3   25.3602   5.03589
16.32   26.5161   5.14937
16.34   27.7527   5.26808
16.36   29.0778   5.39238
16.38   30.5   5.52268
16.4   32.029   5.65942
16.42   33.6758   5.80309
16.44   35.4528   5.95422
16.46   37.3739   6.11342
16.48   39.4553   6.28135
16.5   41.7153   6.45874
16.52   44.1747   6.64641
16.54   46.8578   6.84528
16.56   49.7925   7.05638
16.58   53.0111   7.28088
16.6   56.5515   7.52007
16.62   60.4578   7.77546
16.64   64.7822   8.04874
16.66   69.5863   8.34184
16.68   74.9435   8.65699
16.7   80.9419   8.99677
16.72   87.6876   9.36416
16.74   95.3095   9.76266
16.76   103.966   10.1964
16.78   113.851   10.6701
16.8   125.208   11.1897
16.82   138.344   11.762
16.84   153.645   12.3954
16.86   171.613   13.1001
16.88   192.901   13.8889
16.9   218.369   14.7773
16.92   249.176   15.7853
16.94   286.906   16.9383
16.96   333.764   18.2692
16.98   392.895   19.8216
17   468.899   21.6541
17.02   568.75   23.8485
17.04   703.68   26.527
17.06   893.539   29.8921
17.08   1176.93   34.3064
17.1   1630.47   40.3791
17.12   2392.11   48.9092
17.14   3663.55   60.5273
17.16   5636.94   75.0796
17.18   8176.19   90.4223
17.2   10000   100
17.22   9261.09   96.2346
17.24   6801.5   82.4712
17.26   4498.56   67.0713
17.28   2913.26   53.9746
17.3   1939.4   44.0386
17.32   1362.4   36.9108
17.34   1011.75   31.808
17.36   784.44   28.0079
17.38   626.947   25.0389
17.4   512.364   22.6355
17.42   426.205   20.6447
17.44   359.823   18.969
17.46   307.655   17.5401
17.48   265.952   16.308
17.5   232.117   15.2354
17.52   204.303   14.2934
17.54   181.171   13.46
17.56   161.733   12.7174
17.58   145.247   12.0519
17.6   131.147   11.4519
17.62   118.995   10.9085
17.64   108.451   10.414
17.66   99.2434   9.9621
17.68   91.1565   9.54759
17.7   84.0161   9.16603
17.72   77.6805   8.81365
17.74   72.0335   8.48725
17.76   66.9791   8.18407
17.78   62.4373   7.90173
17.8   58.3413   7.63814
17.82   54.6346   7.39152
17.84   51.2697   7.16028
17.86   48.2057   6.94303
17.88   45.4079   6.73854
17.9   42.8464   6.54572
17.92   40.4954   6.3636
17.94   38.3324   6.19132
17.96   36.338   6.0281
17.98   34.495   5.87325
18   32.7886   5.72614
18.02   31.2056   5.5862
18.04   29.7344   5.45293
18.06   28.3648   5.32586
18.08   27.0875   5.20457
18.1   25.8945   5.08867
18.12   24.7786   4.97781
18.14   23.7332   4.87167
18.16   22.7525   4.76996
18.18   21.8314   4.6724
18.2   20.965   4.57875
18.22   20.1491   4.48878
18.24   19.3799   4.40227
18.26   18.654   4.4
18.28   17.968   4.4
18.3   17.3191   4.4
18.32   16.7048   4.4
18.34   16.1225   4.4
18.36   15.5702   4.4
18.38   15.0457   4.4
18.4   14.5473   4.4
18.42   14.0733   4.4
18.44   13.622   4.4
18.46   13.1921   4.4
18.48   12.7822   4.4
18.5   12.3911   4.4
18.52   12.0176   4.4
18.54   11.6608   4.4
18.56   11.3197   4.4
18.58   10.9933   4.4
18.6   10.6808   4.4
18.62   10.3814   4.4
18.64   10.0945   4.4
18.66   9.81924   4.4
18.68   0   4.4
18.7   0   4.4
18.72   0   4.4
18.74   0   4.4
18.76   0   4.4
18.78   0   4.4
18.8   0   4.4
18.82   0   4.4
18.84   0   4.4
18.86   0   4.4
18.88   0   4.4
18.9   0   4.4
18.92   0   4.4
18.94   0   4.4
18.96   0   4.4
18.98   0   4.4
19   0   4.4
19.02   0   4.4
19.04   0   4.4
19.06   0   4.4
19.08   0   4.4
19.1   0   4.4
19.12   0   4.4
19.14   0   4.4
19.16   0   4.4
19.18   0   4.4
19.2   0   4.4
19.22   0   4.4
19.24   0   4.4
19.26   0   4.4
19.28   0   4.4
19.3   0   4.4
19.32   0   4.4
19.34   0   4.4
19.36   0   4.4
19.38   0   4.4
19.4   0   4.4
19.42   0   4.4
19.44   0   4.4
19.46   0   4.4
19.48   0   4.4
19.5   0   4.4
19.52   0   4.4
19.54   0   4.4
19.56   0   4.4
19.58   0   4.4
19.6   0   4.4
19.62   0   4.4
19.64   0   4.4
19.66   0   4.4
19.68   0   4.4
19.7   0   4.4
19.72   0   4.4
19.74   0   4.4
19.76   0   4.4
19.78   0   4.4
19.8   0   4.4
19.82   0   4.4
19.84   0   4.4
19.86   0   4.4
19.88   0   4.4
19.9   0   4.4
19.92   0   4.4
19.94   0   4.4
19.96   0   4.4
19.98   0   4.4
20   0   4.4
20.02   0   4.4
20.04   0   4.4
20.06   0   4.4
20.08   0   4.4
20.1   0   4.4
20.12   0   4.4
20.14   0   4.4
20.16   0   4.4
20.18   0   4.4
20.2   0   4.4
20.22   0   4.4
20.24   0   4.4
20.26   0   4.4
20.28   0   4.4
20.3   0   4.4
20.32   0   4.4
20.34   0   4.4
20.36   0   4.4
20.38   0   4.4
20.4   0   4.4
20.42   0   4.4
20.44   0   4.4
20.46   0   4.4
20.48   0   4.4
20.5   0   4.4
20.52   0   4.4
20.54   0   4.4
20.56   0   4.4
20.58   0   4.4
20.6   0   4.4
20.62   0   4.4
20.64   0   4.4
20.66   0   4.4
20.68   0   4.4
20.7   0   4.4
20.72   0   4.4
20.74   0   4.4
20.76   0   4.4
20.78   0   4.4
20.8   0   4.4
20.82   0   4.4
20.84   0   4.4
20.86   0   4.4
20.88   0   4.4
20.9   0   4.4
20.92   0   4.4
20.94   0   4.4
20.96   0   4.4
20.98   0   4.4
21   0   4.4
21.02   0   4.4
21.04   0   4.4
21.06   0   4.4
21.08   0   4.4
21.1   0   4.4
21.12   0   4.4
21.14   0   4.4
21.16   0   4.4
21.18   0   4.4
21.2   0   4.4
21.22   0   4.4
21.24   0   4.4
21.26   0   4.4
21.28   0   4.4
21.3   0   4.4
21.32   0   4.4
21.34   0   4.4
21.36   0   4.4
21.38   0   4.4
21.4   0   4.4
21.42   0   4.4
21.44   0   4.4
21.46   0   4.4
21.48   0   4.4
21.5   0   4.4
21.52   0   4.4
21.54   0   4.4
21.56   0   4.4
21.58   0   4.4
21.6   0   4.4
21.62   0   4.4
21.64   0   4.4
21.66   0   4.4
21.68   2.0359   4.4
21.7   2.0934   4.4
21.72   2.15337   4.4
21.74   2.21596   4.4
21.76   2.28131   4.4
21.78   2.3496   4.4
21.8   2.42099   4.4
21.82   2.49569   4.4
21.84   2.5739   4.4
21.86   2.65584   4.4
21.88   2.74176   4.4
21.9   2.83191   4.4
21.92   2.92658   4.4
21.94   3.02607   4.4
21.96   3.13072   4.4
21.98   3.24089   4.4
22   3.35698   4.4
22.02   3.47941   4.4
22.04   3.60866   4.4
22.06   3.74524   4.4
22.08   3.88972   4.4
22.1   4.04272   4.4
22.12   4.20492   4.4
22.14   4.37707   4.4
22.16   4.56   4.4
22.18   4.75464   4.4
22.2   4.96199   4.4
22.22   5.1832   4.4
22.24   5.41951   4.4
22.26   5.67235   4.4
22.28   5.94328   4.4
22.3   6.23407   4.4
22.32   6.54671   4.4
22.34   6.88343   4.4
22.36   7.24678   4.4
22.38   7.63963   4.4
22.4   8.06526   4.4
22.42   8.52741   4.4
22.44   9.03038   4.4
22.46   9.57911   4.4
22.48   10.1793   4.4
22.5   10.8376   4.4
22.52   11.5618   4.4
22.54   12.3608   4.4
22.56   13.2454   4.4
22.58   14.2281   4.4
22.6   15.3241   4.4
22.62   16.5513   4.4
22.64   17.9315   4.4
22.66   19.4911   4.41487
22.68   21.2624   4.61112
22.7   23.2855   4.8255
22.72   25.61   5.06063
22.74   28.2986   5.31965
22.76   31.4311   5.60634
22.78   35.1098   5.92535
22.8   39.4687   6.28241
22.82   44.6844   6.68464
22.84   50.9946   7.14105
22.86   58.7241   7.66317
22.88   68.3259   8.26595
22.9   80.4454   8.96914
22.92   96.0276   9.79937
22.94   116.506   10.7938
22.96   144.192   12.008
22.98   183.176   13.5343
23   241.422   15.5378
23.02   334.725   18.2955
23.04   491.468   22.1691
23.06   752.981   27.4405
23.08   1158.21   34.0325
23.1   1677.4   40.9561
23.12   2044.55   45.2167
23.14   1885.8   43.4258
23.16   1381.71   37.1714
23.18   913.171   30.2187
23.2   591.429   24.3193
23.22   393.977   19.8488
23.24   276.994   16.6431
23.26   205.849   14.3474
23.28   159.683   12.6366
23.3   127.67   11.2991
23.32   104.366   10.216
23.34   86.8355   9.31856
23.36   73.3251   8.56301
23.38   62.7046   7.91863
23.4   54.2129   7.36294
23.42   47.3218   6.87909
23.44   41.6561   6.45415
23.46   36.9434   6.07811
23.48   32.9827   5.74306
23.5   29.6231   5.44271
23.52   26.7493   5.17197
23.54   24.2724   4.92671
23.56   22.123   4.7035
23.58   20.2458   4.49953
23.6   18.597   4.4
23.62   17.1411   4.4
23.64   15.8492   4.4
23.66   14.6976   4.4
23.68   13.6668   4.4
23.7   12.7405   4.4
23.72   11.9051   4.4
23.74   11.1491   4.4
23.76   10.4627   4.4
23.78   9.8377   4.4
23.8   9.26698   4.4
23.82   8.74443   4.4
23.84   8.2648   4.4
23.86   7.82352   4.4
23.88   7.41661   4.4
23.9   7.0406   4.4
23.92   6.69244   4.4
23.94   6.36945   4.4
23.96   6.06926   4.4
23.98   5.78978   4.4
24   5.52915   4.4
24.02   5.28571   4.4
24.04   5.05799   4.4
24.06   4.84466   4.4
24.08   4.64454   4.4
24.1   4.45655   4.4
24.12   4.27974   4.4
24.14   4.11324   4.4
24.16   3.95626   4.4
24.18   3.8081   4.4
24.2   3.6681   4.4
24.22   4.39672   4.4
24.24   4.29569   4.4
24.26   4.20225   4.4
24.28   4.11603   4.4
24.3   4.03667   4.4
24.32   3.96387   4.4
24.34   3.89736   4.4
24.36   3.8369   4.4
24.38   3.78229   4.4
24.4   3.73335   4.4
24.42   3.68993   4.4
24.44   3.65192   4.4
24.46   3.61922   4.4
24.48   3.59176   4.4
24.5   3.5695   4.4
24.52   3.55242   4.4
24.54   3.54054   4.4
24.56   3.53389   4.4
24.58   3.53253   4.4
24.6   1.58562   4.4
24.62   1.64692   4.4
24.64   1.71183   4.4
24.66   1.78066   4.4
24.68   1.85371   4.4
24.7   1.93136   4.4
24.72   2.01398   4.4
24.74   2.10201   4.4
24.76   2.19594   4.4
24.78   2.2963   4.4
24.8   2.40369   4.4
24.82   2.51879   4.4
24.84   2.64235   4.4
24.86   2.77521   4.4
24.88   2.91834   4.4
24.9   3.07281   4.4
24.92   3.23987   4.4
24.94   3.4209   4.4
24.96   3.61751   4.4
24.98   3.83155   4.4
25   4.06511   4.4
25.02   4.32066   4.4
25.04   4.60103   4.4
25.06   4.90954   4.4
25.08   5.25007   4.4
25.1   5.62719   4.4
25.12   6.04633   4.4
25.14   6.51396   4.4
25.16   7.03781   4.4
25.18   7.62725   4.4
25.2   8.29366   4.4
25.22   9.05097   4.4
25.24   9.91642   4.4
25.26   10.9115   4.4
25.28   12.1054   4.4
25.3   13.4496   4.4
25.32   15.0294   4.4
25.34   16.9031   4.4
25.36   19.1473   4.4
25.38   21.8656   4.67607
25.4   25.1998   5.01994
25.42   29.3477   5.41736
25.44   34.5926   5.88155
25.46   41.3499   6.43039
25.48   50.2533   7.08896
25.5   62.3327   7.89511
25.52   79.4317   8.91245
25.54   105.164   10.255
25.56   146.663   12.1105
25.58   216.53   14.715
25.6   332.578   18.2367
25.62   510.139   22.5863
25.64   730.031   27.0191
25.66   866.886   29.4429
25.68   776.276   27.8617
25.7   559.506   23.6539
25.72   370.566   19.2501
25.74   241.305   15.534
25.76   162.552   12.7496
25.78   115.929   10.767
25.8   87.4499   9.35147
25.82   68.8657   8.29854
25.84   55.9324   7.4788
25.86   46.5097   6.8198
25.88   39.4309   6.2794
25.9   33.9922   5.83028
25.92   29.7377   5.45322
25.94   26.3592   5.13412
25.96   23.6427   4.86237
25.98   21.4356   4.62986
26   19.6274   4.43028
26.02   18.1364   4.4
26.04   16.9012   4.4
26.06   15.8754   4.4
26.08   15.023   4.4
26.1   14.3163   4.4
26.12   13.7334   4.4
26.14   13.2571   4.4
26.16   12.8739   4.4
26.18   12.5729   4.4
26.2   12.3458   4.4
26.22   12.1859   4.4
26.24   12.0882   4.4
26.26   12.0489   4.4
26.28   12.0654   4.4
26.3   12.1362   4.4
26.32   12.2608   4.4
26.34   12.4396   4.4
26.36   12.6742   4.4
26.38   12.9671   4.4
26.4   13.3221   4.4
26.42   13.7449   4.4
26.44   14.2428   4.4
26.46   14.8257   4.4
26.48   15.5073   4.4
26.5   16.306   4.4
26.52   17.2481   4.4
26.54   18.3713   4.4
26.56   19.7347   4.44238
26.58   21.4392   4.63025
26.6   23.6755   4.86575
26.62   26.811   5.17793
26.64   31.4844   5.61109
26.66   38.5883   6.21194
26.68   48.879   6.99135
26.7   61.3623   7.83341
26.72   69.7988   8.35456
26.74   67.3659   8.20768
26.76   59.3357   7.70297
26.78   53.0347   7.28249
26.8   50.246   7.08844
26.82   50.4719   7.10436
26.84   52.9465   7.27644
26.86   57.1626   7.5606
26.88   62.9451   7.9338
26.9   70.3865   8.38967
26.92   79.7871   8.93236
26.94   91.6492   9.57336
26.96   106.73   10.331
26.98   126.155   11.2319
27   151.633   12.314
27.02   185.873   13.6335
27.04   233.541   15.2821
27.06   303.532   17.4222
27.08   413.597   20.3371
27.1   596.934   24.4322
27.12   904.625   30.077
27.14   1396.72   37.3727
27.16   2075.73   45.5602
27.18   2694.05   51.9043
27.2   2697.36   51.9361
27.22   2081.77   45.6264
27.24   1401.6   37.438
27.26   907.704   30.1281
27.28   597.747   24.4489
27.3   413.482   20.3342
27.32   302.839   17.4023
27.34   232.464   15.2468
27.36   184.497   13.583
27.38   149.987   12.2469
27.4   124.237   11.1462
27.42   104.514   10.2232
27.44   89.0898   9.43874
27.46   76.8124   8.76427
27.48   66.888   8.17851
27.5   58.7562   7.66526
27.52   52.0129   7.212
27.54   46.3609   6.80889
27.56   41.5782   6.44811
27.58   37.496   6.12339
27.6   33.9844   5.82962
27.62   30.9424   5.56259
27.64   28.2901   5.31884
27.66   25.9638   5.09547
27.68   23.9124   4.89003
27.7   22.0943   4.70045
27.72   20.4755   4.52499
27.74   19.028   4.4
27.76   17.7285   4.4
27.78   16.5576   4.4
27.8   15.4988   4.4
27.82   14.5382   4.4
27.84   13.6642   4.4
27.86   12.8666   4.4
27.88   12.1368   4.4
27.9   11.4673   4.4
27.92   10.8517   4.4
27.94   10.2844   4.4
27.96   9.76033   4.4
27.98   9.27533   4.4
28   8.82559   4.4
28.02   8.40777   4.4
28.04   8.01892   4.4
28.06   7.65642   4.4
28.08   7.31796   4.4
28.1   7.00144   4.4
28.12   6.70502   4.4
28.14   6.42703   4.4
28.16   6.16598   4.4
28.18   5.87938   4.4
28.2   5.64938   4.4
28.22   5.43261   4.4
28.24   5.22807   4.4
28.26   7.00363   4.4
28.28   6.87604   4.4
28.3   6.76055   4.4
28.32   6.65663   4.4
28.34   6.56378   4.4
28.36   6.4816   4.4
28.38   6.40972   4.4
28.4   6.34785   4.4
28.42   6.29574   4.4
28.44   6.25319   4.4
28.46   6.22004   4.4
28.48   6.1962   4.4
28.5   6.18161   4.4
28.52   6.17627   4.4
28.54   6.1802   4.4
28.56   6.19348   4.4
28.58   6.21626   4.4
28.6   6.24871   4.4
28.62   6.29106   4.4
28.64   6.3436   4.4
28.66   6.40668   4.4
28.68   3.88161   4.4
28.7   4.03538   4.4
28.72   4.19846   4.4
28.74   4.37162   4.4
28.76   4.55571   4.4
28.78   4.75167   4.4
28.8   4.96054   4.4
28.82   5.18347   4.4
28.84   5.42175   4.4
28.86   5.67684   4.4
28.88   5.95033   4.4
28.9   6.24405   4.4
28.92   6.56004   4.4
28.94   6.9006   4.4
28.96   7.26835   4.4
28.98   7.66625   4.4
29   8.09768   4.4
29.02   8.56652   4.4
29.04   9.07721   4.4
29.06   9.63487   4.4
29.08   10.2454   4.4
29.1   10.9158   4.4
29.12   11.654   4.4
29.14   12.4695   4.4
29.16   13.3734   4.4
29.18   14.3827   4.4
29.2   15.5059   4.4
29.22   16.7655   4.4
29.24   18.1845   4.4
29.26   19.7908   4.44868
29.28   21.6188   4.6496
29.3   23.7109   4.86938
29.32   26.1203   5.11081
29.34   28.9143   5.3772
29.36   32.1785   5.67261
29.38   36.024   6.002
29.4   40.5959   6.37149
29.42   46.0877   6.78879
29.44   52.7605   7.26364
29.46   60.974   7.80858
29.48   71.2334   8.43999
29.5   84.2654   9.17962
29.52   101.146   10.0571
29.54   123.536   11.1147
29.56   154.199   12.4177
29.58   198.21   14.0787
29.6   265.648   16.2987
29.62   376.551   19.4049
29.64   562.932   23.7262
29.66   868.242   29.4659
29.68   1318.8   36.3153
29.7   1822.83   42.6946
29.72   2021.66   44.9629
29.74   1692   41.134
29.76   1179.07   34.3376
29.78   768.32   27.7186
29.8   500.701   22.3764
29.82   339.771   18.4329
29.84   244.151   15.6253
29.86   184.778   13.5933
29.88   145.268   12.0527
29.9   117.331   10.8319
29.92   96.8329   9.84037
29.94   81.2005   9.01113
29.96   69.0704   8.31086
29.98   59.4825   7.71249
30   51.7824   7.196
30.02   45.512   6.74626
30.04   40.3434   6.35164
30.06   36.037   6.00308
30.08   32.4149   5.69341
30.1   29.3429   5.41691
30.12   26.7182   5.16896
30.14   24.461   4.9458
30.16   22.5088   4.74434
30.18   20.8121   4.56203
30.2   19.3314   4.4
30.22   18.0347   4.4
30.24   16.8962   4.4
30.26   15.8947   4.4
30.28   15.0129   4.4
30.3   14.2367   4.4
30.32   13.5545   4.4
30.34   12.9566   4.4
30.36   12.4356   4.4
30.38   11.9852   4.4
30.4   11.6011   4.4
30.42   11.28   4.4
30.44   11.0203   4.4
30.46   10.8222   4.4
30.48   10.6882   4.4
30.5   10.6246   4.4
30.52   10.6449   4.4
30.54   10.7767   4.4
30.56   11.0705   4.4
30.58   11.6028   4.4
30.6   12.4546   4.4
30.62   13.6116   4.4
30.64   14.6755   4.4
30.66   14.9238   4.4
30.68   14.5332   4.4
30.7   14.259   4.4
30.72   14.3963   4.4
30.74   14.9544   4.4
30.76   15.8971   4.4
30.78   17.2172   4.4
30.8   18.9548   4.4
30.82   21.2029   4.60466
30.84   24.1149   4.91069
30.86   27.927   5.2846
30.88   33.0057   5.74506
30.9   39.9523   6.32079
30.92   49.8518   7.06058
30.94   64.838   8.0522
30.96   89.1106   9.43984
30.98   130.023   11.4028
31   197.81   14.0645
31.02   300.825   17.3443
31.04   426.073   20.6415
31.06   498.591   22.3292
31.08   440.861   20.9967
31.1   317.031   17.8054
31.12   210.185   14.4978
31.14   138.911   11.7861
31.16   96.0062   9.79828
31.18   69.1852   8.31776
31.2   54.7498   7.39931
31.22   46.3675   6.80937
31.24   42.1412   6.49162
31.26   41.7447   6.46101
31.28   46.0328   6.78474
31.3   56.7267   7.53172
31.32   75.3692   8.68154
31.34   99.4185   9.97088
31.36   113.742   10.665
31.38   101.382   10.0689
31.4   74.5889   8.63648
31.42   51.0765   7.14678
31.44   35.0732   5.92227
31.46   25.1317   5.01315
31.48   19.0589   4.4
31.5   15.1929   4.4
31.52   12.5521   4.4
31.54   10.6284   4.4
31.56   9.16256   4.4
31.58   8.01057   4.4
31.6   7.08411   4.4
31.62   6.32492   4.4
31.64   5.69288   4.4
31.66   5.1595   4.4
31.68   4.70411   4.4
31.7   4.31133   4.4
31.72   3.96952   4.4
31.74   3.66973   4.4
31.76   3.40497   4.4
31.78   3.16969   4.4
31.8   2.95943   4.4
31.82   2.7706   4.4
31.84   2.60023   4.4
31.86   2.44589   4.4
31.88   2.30554   4.4
31.9   2.17746   4.4
31.92   2.0602   4.4
31.94   1.95254   4.4
31.96   1.85341   4.4
31.98   1.76191   4.4
32   1.67724   4.4
32.02   1.59872   4.4
32.04   1.52576   4.4
32.06   1.45781   4.4
32.08   1.39443   4.4
32.1   1.33519   4.4
32.12   1.27616   4.4
32.14   1.22427   4.4
32.16   1.17555   4.4
32.18   1.12974   4.4
32.2   1.08661   4.4
32.22   1.04595   4.4
32.24   1.00757   4.4
32.26   0.971301   4.4
32.28   0.936988   4.4
32.3   0.90449   4.4
32.32   0.87368   4.4
32.34   0.844441   4.4
32.36   0.816665   4.4
32.38   0.790256   4.4
32.4   0.765124   4.4
32.42   0.741187   4.4
32.44   0.718369   4.4
32.46   0.696602   4.4
32.48   0.675819   4.4
32.5   0.655963   4.4
32.52   0.15796   4.4
32.54   0.152651   4.4
32.56   0.147605   4.4
32.58   0.142805   4.4
32.6   0.138236   4.4
32.62   0.133882   4.4
32.64   0.12973   4.4
32.66   0.125769   4.4
32.68   0.121986   4.4
32.7   0.118372   4.4
32.72   0.114915   4.4
32.74   0.111608   4.4
32.76   0.108441   4.4
32.78   0.105408   4.4
32.8   0.102499   4.4
32.82   0   4.4
32.84   0   4.4
32.86   0   4.4
32.88   0   4.4
32.9   0   4.4
32.92   0   4.4
32.94   0   4.4
32.96   0   4.4
32.98   0   4.4
33   0   4.4
33.02   0   4.4
33.04   0   4.4
33.06   0   4.4
33.08   0   4.4
33.1   0   4.4
33.12   0   4.4
33.14   0   4.4
33.16   0   4.4
33.18   0   4.4
33.2   0   4.4
33.22   0   4.4
33.24   0   4.4
33.26   0   4.4
33.28   0   4.4
33.3   0   4.4
33.32   0   4.4
33.34   0   4.4
33.36   0.0751248   4.4
33.38   0.0772333   4.4
33.4   0.0794319   4.4
33.42   0.0817256   4.4
33.44   0.0841201   4.4
33.46   0.0866213   4.4
33.48   0.0892358   4.4
33.5   0.0919703   4.4
33.52   0.0948325   4.4
33.54   0.0978303   4.4
33.56   0.100972   4.4
33.58   0.104268   4.4
33.6   0.107728   4.4
33.62   0.111363   4.4
33.64   0.115185   4.4
33.66   0.119207   4.4
33.68   0.123443   4.4
33.7   0.127909   4.4
33.72   0.132621   4.4
33.74   0.137599   4.4
33.76   0.142862   4.4
33.78   0.148432   4.4
33.8   0.154335   4.4
33.82   0.160596   4.4
33.84   0.167246   4.4
33.86   0.174318   4.4
33.88   0.181847   4.4
33.9   0.189874   4.4
33.92   0.198444   4.4
33.94   0.207607   4.4
33.96   0.217419   4.4
33.98   0.227942   4.4
34   0.239248   4.4
34.02   0.251414   4.4
34.04   0.264531   4.4
34.06   0.278701   4.4
34.08   0.294039   4.4
34.1   0.310676   4.4
34.12   0.328764   4.4
34.14   0.348476   4.4
34.16   0.370011   4.4
34.18   0.393602   4.4
34.2   0.419517   4.4
34.22   0.448073   4.4
34.24   0.479638   4.4
34.26   0.514651   4.4
34.28   0.55363   4.4
34.3   0.597197   4.4
34.32   0.646096   4.4
34.34   0.701233   4.4
34.36   0.76371   4.4
34.38   0.834884   4.4
34.4   0.916439   4.4
34.42   1.01048   4.4
34.44   1.11969   4.4
34.46   1.24747   4.4
34.48   1.39826   4.4
34.5   1.57788   4.4
34.52   1.79409   4.4
34.54   2.05743   4.4
34.56   2.38243   4.4
34.58   2.78964   4.4
34.6   3.30873   4.4
34.62   3.9839   4.4
34.64   4.88427   4.4
34.66   6.12673   4.4
34.68   7.93039   4.4
34.7   10.7322   4.4
34.72   15.3646   4.4
34.74   23.1778   4.81433
34.76   35.8064   5.98384
34.78   53.829   7.33683
34.8   72.0733   8.4896
34.82   75.6724   8.69899
34.84   60.4823   7.77704
34.86   41.2942   6.42605
34.88   26.789   5.17581
34.9   17.5417   4.4
34.92   12.0209   4.4
34.94   8.72469   4.4
34.96   6.65158   4.4
34.98   5.25357   4.4
35   4.25534   4.4
35.02   3.51428   4.4
35.04   2.94889   4.4
35.06   2.50816   4.4
35.08   2.15834   4.4
35.1   1.87625   4.4
35.12   1.64563   4.4
35.14   1.45476   4.4
35.16   1.29506   4.4
35.18   1.16014   4.4
35.2   1.04515   4.4
35.22   0.946366   4.4
35.24   0.860896   4.4
35.26   0.786458   4.4
35.28   0.721239   4.4
35.3   0.663783   4.4
35.32   0.612908   4.4
35.34   0.567649   4.4
35.36   0.527211   4.4
35.38   0.490935   4.4
35.4   0.458269   4.4
35.42   0.428752   4.4
35.44   0.401991   4.4
35.46   0.377655   4.4
35.48   0.355461   4.4
35.5   0.335163   4.4
35.52   0.316553   4.4
35.54   0.299449   4.4
35.56   0.283692   4.4
35.58   0.269145   4.4
35.6   0.255688   4.4
35.62   0.243214   4.4
35.64   0.231631   4.4
35.66   0.220854   4.4
35.68   0.210812   4.4
35.7   0.201438   4.4
35.72   0.192676   4.4
35.74   0.184473   4.4
35.76   0.176782   4.4
35.78   0.169562   4.4
35.8   0.162774   4.4
35.82   0.156387   4.4
35.84   0.150367   4.4
35.86   0.144688   4.4
35.88   0.139325   4.4
35.9   0.134255   4.4
35.92   0.129456   4.4
35.94   0.157115   4.4
35.96   0.153712   4.4
35.98   0.150568   4.4
36   0.147669   4.4
36.02   0.145006   4.4
36.04   0.142567   4.4
36.06   0.140346   4.4
36.08   0.138333   4.4
36.1   0.136523   4.4
36.12   0.134911   4.4
36.14   0.133491   4.4
36.16   0.132261   4.4
36.18   0.131218   4.4
36.2   0.130359   4.4
36.22   0.129685   4.4
36.24   0.129194   4.4
36.26   0.128889   4.4
36.28   0.12877   4.4
36.3   0.0570417   4.4
36.32   0.0591974   4.4
36.34   0.0614774   4.4
36.36   0.0638917   4.4
36.38   0.066451   4.4
36.4   0.069167   4.4
36.42   0.0720528   4.4
36.44   0.0751229   4.4
36.46   0.0783932   4.4
36.48   0.0818817   4.4
36.5   0.085608   4.4
36.52   0.0895943   4.4
36.54   0.0938653   4.4
36.56   0.0984488   4.4
36.58   0.103376   4.4
36.6   0.108682   4.4
36.62   0.114407   4.4
36.64   0.120595   4.4
36.66   0.127299   4.4
36.68   0.134576   4.4
36.7   0.142495   4.4
36.72   0.151132   4.4
36.74   0.160578   4.4
36.76   0.170935   4.4
36.78   0.182326   4.4
36.8   0.194891   4.4
36.82   0.208798   4.4
36.84   0.224243   4.4
36.86   0.241463   4.4
36.88   0.260738   4.4
36.9   0.282408   4.4
36.92   0.306884   4.4
36.94   0.334672   4.4
36.96   0.366394   4.4
36.98   0.402824   4.4
37   0.444936   4.4
37.02   0.49397   4.4
37.04   0.551516   4.4
37.06   0.619649   4.4
37.08   0.701107   4.4
37.1   0.799565   4.4
37.12   0.920041   4.4
37.14   1.06952   4.4
37.16   1.25793   4.4
37.18   1.49977   4.4
37.2   1.81699   4.4
37.22   2.24471   4.4
37.24   2.84459   4.4
37.26   3.73595   4.4
37.28   5.15611   4.4
37.3   7.53678   4.4
37.32   11.5205   4.4
37.34   17.7494   4.4
37.36   25.9214   5.09131
37.38   32.2081   5.67522
37.4   30.4091   5.51445
37.42   22.5901   4.7529
37.44   14.9988   4.4
37.46   9.70972   4.4
37.48   6.44487   4.4
37.5   4.50971   4.4
37.52   3.46963   4.4
37.54   2.71711   4.4
37.56   2.19908   4.4
37.58   1.82442   4.4
37.6   1.5444   4.4
37.62   1.33011   4.4
37.64   1.16303   4.4
37.66   1.03074   4.4
37.68   0.92462   4.4
37.7   0.838574   4.4
37.72   0.76819   4.4
37.74   0.710218   4.4
37.76   0.662225   4.4
37.78   0.622365   4.4
37.8   0.589219   4.4
37.82   0.561683   4.4
37.84   0.538893   4.4
37.86   0.520164   4.4
37.88   0.504953   4.4
37.9   0.492824   4.4
37.92   0.483432   4.4
37.94   0.476497   4.4
37.96   0.471798   4.4
37.98   0.469161   4.4
38   0.46845   4.4
38.02   0.469563   4.4
38.04   0.472427   4.4
38.06   0.476995   4.4
38.08   0.483242   4.4
38.1   0.491167   4.4
38.12   0.500787   4.4
38.14   0.512141   4.4
38.16   0.525289   4.4
38.18   0.54031   4.4
38.2   0.557308   4.4
38.22   0.692905   4.4
38.24   0.717562   4.4
38.26   0.744799   4.4
38.28   0.77484   4.4
38.3   0.807949   4.4
38.32   0.844431   4.4
38.34   0.884648   4.4
38.36   0.929019   4.4
38.38   0.978038   4.4
38.4   1.03229   4.4
38.42   1.09245   4.4
38.44   1.15934   4.4
38.46   1.23392   4.4
38.48   1.31735   4.4
38.5   1.41103   4.4
38.52   1.51664   4.4
38.54   1.63626   4.4
38.56   1.77243   4.4
38.58   1.9283   4.4
38.6   2.10784   4.4
38.62   2.31608   4.4
38.64   2.55945   4.4
38.66   2.84631   4.4
38.68   3.18765   4.4
38.7   3.59818   4.4
38.72   4.09787   4.4
38.74   4.71443   4.4
38.76   5.48703   4.4
38.78   6.47256   4.4
38.8   7.75626   4.4
38.82   9.47272   4.4
38.84   11.8532   4.4
38.86   15.3069   4.4
38.88   20.7746   4.55792
38.9   29.8665   5.46502
38.92   45.26   6.72756
38.94   69.6269   8.34427
38.96   103.246   10.161
38.98   133.882   11.5707
39   134.113   11.5807
39.02   103.711   10.1839
39.04   70.1007   8.37261
39.06   45.7062   6.76063
39.08   30.4178   5.51523
39.1   21.3548   4.62113
39.12   15.9417   4.4
39.14   12.5284   4.4
39.16   10.232   4.4
39.18   8.61073   4.4
39.2   7.43374   4.4
39.22   6.56776   4.4
39.24   5.92966   4.4
39.26   6.11742   4.4
39.28   5.80981   4.4
39.3   5.61842   4.4
39.32   5.5295   4.4
39.34   5.5365   4.4
39.36   5.63924   4.4
39.38   5.84391   4.4
39.4   6.16403   4.4
39.42   6.62248   4.4
39.44   7.25525   4.4
39.46   8.11798   4.4
39.48   9.29827   4.4
39.5   10.9418   4.4
39.52   13.3145   4.4
39.54   16.9427   4.4
39.56   22.8596   4.78117
39.58   32.8561   5.73203
39.6   49.3789   7.02701
39.62   74.2891   8.61911
39.64   103.892   10.1927
39.66   119.46   10.9298
39.68   104.065   10.2012
39.7   74.5368   8.63347
39.72   49.6615   7.04709
39.74   33.1757   5.75983
39.76   23.2261   4.81934
39.78   17.3648   4.4
39.8   13.7977   4.4
39.82   11.4888   4.4
39.84   9.91014   4.4
39.86   8.79476   4.4
39.88   7.99616   4.4
39.9   7.42587   4.4
39.92   7.02717   4.4
39.94   6.76261   4.4
39.96   6.60732   4.4
39.98   6.54504   4.4
40   6.56575   4.4
40.02   6.66422   4.4
40.04   6.83929   4.4
40.06   7.0936   4.4
40.08   7.4337   4.4
40.1   7.87075   4.4
40.12   8.42165   4.4
40.14   9.11105   4.4
40.16   9.97473   4.4
40.18   11.0651   4.4
40.2   12.4607   4.4
40.22   14.286   4.4
40.24   16.7556   4.4
40.26   20.2782   4.50313
40.28   25.6618   5.06575
40.3   34.3819   5.86361
40.32   48.6634   6.97592
40.34   70.8174   8.41531
40.36   100.194   10.0097
40.38   124.425   11.1546
40.4   121.469   11.0213
40.42   96.5623   9.82661
40.44   71.9663   8.4833
40.46   55.843   7.47282
40.48   47.4891   6.89124
40.5   45.0055   6.70861
40.52   46.6226   6.82808
40.54   51.684   7.18916
40.56   60.5348   7.78041
40.58   74.7241   8.64431
40.6   97.8224   9.89052
40.62   136.876   11.6994
40.64   203.465   14.2641
40.66   311.75   17.6564
40.68   467.133   21.6133
40.7   626.195   25.0239
40.72   660.571   25.7016
40.74   530.417   23.0308
40.76   363.235   19.0587
40.78   236.199   15.3688
40.8   155.016   12.4506
40.82   106.48   10.3189
40.84   77.4809   8.80232
40.86   59.2369   7.69655
40.88   46.9283   6.85042
40.9   38.1316   6.17508
40.92   31.5932   5.62078
40.94   26.5974   5.15726
40.96   22.6968   4.76412
40.98   19.5954   4.42667
41   17.09   4.4
41.02   15.0377   4.4
41.04   13.3359   4.4
41.06   11.9091   4.4
41.08   10.7013   4.4
41.1   9.66975   4.4
41.12   8.66843   4.4
41.14   7.90154   4.4
41.16   7.23252   4.4
41.18   6.64538   4.4
41.2   6.12726   4.4
41.22   5.66774   4.4
41.24   5.25829   4.4
41.26   4.89188   4.4
41.28   4.56266   4.4
41.3   4.26576   4.4
41.32   3.99707   4.4
41.34   3.75312   4.4
41.36   3.53095   4.4
41.38   3.32803   4.4
41.4   3.14221   4.4
41.42   2.9716   4.4
41.44   2.81459   4.4
41.46   2.66976   4.4
41.48   2.53588   4.4
41.5   2.41187   4.4
41.52   2.29678   4.4
41.54   2.18978   4.4
41.56   2.09012   4.4
41.58   1.99714   4.4
41.6   1.91025   4.4
41.62   1.82894   4.4
41.64   1.75274   4.4
41.66   1.68122   4.4
41.68   1.614   4.4
41.7   1.55076   4.4
41.72   1.49118   4.4
41.74   1.43497   4.4
41.76   1.3819   4.4
41.78   1.33174   4.4
41.8   1.28426   4.4
41.82   1.23929   4.4
41.84   1.19665   4.4
41.86   1.04789   4.4
41.88   1.01233   4.4
41.9   0.978542   4.4
41.92   0.946418   4.4
41.94   0.91585   4.4
41.96   0.886738   4.4
41.98   0.858992   4.4
42   0.832527   4.4
42.02   0.807267   4.4
42.04   0.783138   4.4
42.06   0.760074   4.4
42.08   0.738015   4.4
42.1   0.716901   4.4
42.12   0.69668   4.4
42.14   0.677303   4.4
42.16   0.658722   4.4
42.18   0.640896   4.4
42.2   0   4.4
42.22   0   4.4
42.24   0   4.4
42.26   0   4.4
42.28   0.765843   4.4
42.3   0.787108   4.4
42.32   0.80927   4.4
42.34   0.832382   4.4
42.36   0.856497   4.4
42.38   0.881675   4.4
42.4   0.90798   4.4
42.42   0.935479   4.4
42.44   0.964246   4.4
42.46   0.994359   4.4
42.48   1.02591   4.4
42.5   1.05898   4.4
42.52   1.09367   4.4
42.54   1.1301   4.4
42.56   1.16837   4.4
42.58   1.20863   4.4
42.6   1.251   4.4
42.62   1.29563   4.4
42.64   1.3427   4.4
42.66   1.39237   4.4
42.68   1.44486   4.4
42.7   1.50036   4.4
42.72   1.55912   4.4
42.74   1.6214   4.4
42.76   1.68749   4.4
42.78   1.75769   4.4
42.8   1.83237   4.4
42.82   1.9119   4.4
42.84   1.99672   4.4
42.86   2.0873   4.4
42.88   2.18419   4.4
42.9   2.28797   4.4
42.92   2.39932   4.4
42.94   2.51899   4.4
42.96   2.64783   4.4
42.98   2.7868   4.4
43   2.93698   4.4
43.02   3.09962   4.4
43.04   3.27613   4.4
43.06   3.46813   4.4
43.08   3.67748   4.4
43.1   3.90634   4.4
43.12   4.1572   4.4
43.14   4.43296   4.4
43.16   4.73704   4.4
43.18   5.07341   4.4
43.2   5.47348   4.4
43.22   5.89032   4.4
43.24   6.35658   4.4
43.26   6.88039   4.4
43.28   7.47158   4.4
43.3   8.14219   4.4
43.32   8.90703   4.4
43.34   9.78456   4.4
43.36   10.7979   4.4
43.38   11.9765   4.4
43.4   13.3579   4.4
43.42   14.9913   4.4
43.44   16.9412   4.4
43.46   19.2942   4.4
43.48   22.1679   4.70829
43.5   25.726   5.07208
43.52   30.2003   5.49548
43.54   35.9279   5.99399
43.56   43.4157   6.58906
43.58   53.4678   7.31217
43.6   67.4751   8.21432
43.62   88.0999   9.38615
43.64   120.652   10.9842
43.66   174.979   13.228
43.68   266.249   16.3172
43.7   410.944   20.2718
43.72   607.651   24.6506
43.74   778.333   27.8986
43.76   764.866   27.6562
43.78   582.852   24.1423
43.8   390.566   19.7627
43.82   252.871   15.9019
43.84   166.942   12.9206
43.86   115.924   10.7668
43.88   85.2156   9.23123
43.9   65.5991   8.09933
43.92   52.1778   7.22342
43.94   42.4979   6.51904
43.96   35.2641   5.93836
43.98   29.7183   5.45145
44   25.379   5.03775
44.02   21.9242   4.68233
44.04   19.132   4.4
44.06   16.8455   4.4
44.08   14.9514   4.4
44.1   13.3664   4.4
44.12   12.0283   4.4
44.14   10.8898   4.4
44.16   9.91464   4.4
44.18   9.07465   4.4
44.2   8.34774   4.4
44.22   7.71652   4.4
44.24   7.16718   4.4
44.26   6.68882   4.4
44.28   6.27291   4.4
44.3   5.91289   4.4
44.32   5.60395   4.4
44.34   5.34294   4.4
44.36   5.12841   4.4
44.38   4.96077   4.4
44.4   4.84276   4.4
44.42   4.78014   4.4
44.44   4.78315   4.4
44.46   4.86893   4.4
44.48   5.06682   4.4
44.5   5.43077   4.4
44.52   6.06789   4.4
44.54   7.19159   4.4
44.56   9.18282   4.4
44.58   12.5878   4.4
44.6   17.8968   4.4
44.62   24.6075   4.9606
44.64   29.0108   5.38616
44.66   26.4355   5.14155
44.68   19.6924   4.43761
44.7   13.6039   4.4
44.72   9.4484   4.4
44.74   7.24929   4.4
44.76   5.72626   4.4
44.78   4.78731   4.4
44.8   4.16959   4.4
44.82   3.7375   4.4
44.84   3.423   4.4
44.86   3.18949   4.4
44.88   3.01535   4.4
44.9   2.88715   4.4
44.92   2.79646   4.4
44.94   2.7383   4.4
44.96   2.71033   4.4
44.98   2.71246   4.4
45   2.74689   4.4
45.02   2.81855   4.4
45.04   2.93605   4.4
45.06   3.11362   4.4
45.08   3.37514   4.4
45.1   3.76387   4.4
45.12   4.3649   4.4
45.14   5.34758   4.4
45.16   7.01621   4.4
45.18   9.81298   4.4
45.2   14.1515   4.4
45.22   19.6994   4.43841
45.24   22.8415   4.77928
45.26   21.1159   4.59521
45.28   15.7492   4.4
45.3   10.7907   4.4
45.32   7.40512   4.4
45.34   5.34658   4.4
45.36   4.1473   4.4
45.38   3.43905   4.4
45.4   3.00066   4.4
45.42   2.7176   4.4
45.44   2.53257   4.4
45.46   2.41488   4.4
45.48   2.34649   4.4
45.5   2.31607   4.4
45.52   2.31632   4.4
45.54   2.34255   4.4
45.56   2.39184   4.4
45.58   2.46258   4.4
45.6   2.55409   4.4
45.62   2.66653   4.4
45.64   2.80073   4.4
45.66   2.95822   4.4
45.68   3.14119   4.4
45.7   3.35261   4.4
45.72   3.5963   4.4
45.74   3.87713   4.4
45.76   4.20123   4.4
45.78   4.57637   4.4
45.8   5.01236   4.4
45.82   5.52487   4.4
45.84   6.12378   4.4
45.86   6.83309   4.4
45.88   7.68033   4.4
45.9   8.70227   4.4
45.92   9.9488   4.4
45.94   11.4889   4.4
45.96   13.4197   4.4
45.98   15.8817   4.4
46   19.0841   4.4
46.02   23.3531   4.83251
46.04   29.2392   5.40733
46.06   37.7712   6.14582
46.08   50.9997   7.14141
46.1   72.8433   8.53483
46.12   109.673   10.4725
46.14   169.377   13.0145
46.16   255.056   15.9705
46.18   343.258   18.5272
46.2   363.461   19.0647
46.22   292.463   17.1015
46.24   200.258   14.1512
46.26   129.995   11.4015
46.28   85.0617   9.22289
46.3   58.2101   7.62956
46.32   42.1914   6.49549
46.34   32.1362   5.66888
46.36   25.3685   5.03672
46.38   20.5427   4.5324
46.4   16.9633   4.4
46.42   14.2342   4.4
46.44   12.108   4.4
46.46   10.5737   4.4
46.48   9.21835   4.4
46.5   8.11169   4.4
46.52   7.1971   4.4
46.54   6.43314   4.4
46.56   5.78893   4.4
46.58   5.2411   4.4
46.6   4.7717   4.4
46.62   4.3668   4.4
46.64   4.01541   4.4
46.66   3.70884   4.4
46.68   3.44009   4.4
46.7   3.20351   4.4
46.72   2.97365   4.4
46.74   2.78897   4.4
46.76   2.62492   4.4
46.78   2.47892   4.4
46.8   2.34881   4.4
46.82   2.23281   4.4
46.84   2.12941   4.4
46.86   2.03736   4.4
46.88   1.95565   4.4
46.9   1.88343   4.4
46.92   1.82006   4.4
46.94   1.76504   4.4
46.96   1.71805   4.4
46.98   1.67896   4.4
47   1.77397   4.4
47.02   1.7547   4.4
47.04   1.74463   4.4
47.06   1.74499   4.4
47.08   1.75786   4.4
47.1   1.78668   4.4
47.12   1.83777   4.4
47.14   1.92346   4.4
47.16   2.06832   4.4
47.18   2.31649   4.4
47.2   2.73221   4.4
47.22   3.37592   4.4
47.24   4.20104   4.4
47.26   4.79416   4.4
47.28   4.5777   4.4
47.3   3.83511   4.4
47.32   3.15625   4.4
47.34   2.71308   4.4
47.36   2.47138   4.4
47.38   2.36438   4.4
47.4   2.33989   4.4
47.42   2.36735   4.4
47.44   2.4321   4.4
47.46   2.52828   4.4
47.48   2.65455   4.4
47.5   3.09451   4.4
47.52   3.2947   4.4
47.54   3.53516   4.4
47.56   3.82342   4.4
47.58   4.16983   4.4
47.6   4.58851   4.4
47.62   5.09875   4.4
47.64   5.72729   4.4
47.66   6.1582   4.4
47.68   7.16224   4.4
47.7   8.45621   4.4
47.72   10.1638   4.4
47.74   12.49   4.4
47.76   15.8104   4.4
47.78   20.8691   4.56827
47.8   29.1135   5.39569
47.82   42.9994   6.5574
47.84   65.7606   8.10929
47.86   99.4886   9.9744
47.88   137.74   11.7363
47.9   153.982   12.409
47.92   130.159   11.4087
47.94   91.5459   9.56796
47.96   60.331   7.76731
47.98   39.9611   6.32148
48   27.7511   5.26793
48.02   20.5647   4.53483
48.04   16.1805   4.4
48.06   13.3417   4.4
48.08   11.4138   4.4
48.1   10.0761   4.4
48.12   9.15346   4.4
48.14   8.54244   4.4
48.16   8.18086   4.4
48.18   8.03365   4.4
48.2   8.08602   4.4
48.22   8.34091   4.4
48.24   8.8196   4.4
48.26   9.56597   4.4
48.28   10.6562   4.4
48.3   12.2199   4.4
48.32   14.4898   4.4
48.34   17.9205   4.4
48.36   23.4224   4.83967
48.38   32.6716   5.71591
48.4   48.2095   6.94331
48.42   72.6939   8.52607
48.44   105.438   10.2683
48.46   132.356   11.5046
48.48   127.805   11.3051
48.5   97.2016   9.85909
48.52   66.2663   8.14041
48.54   44.5227   6.67253
48.56   31.1724   5.58322
48.58   23.4344   4.84091
48.6   18.9758   4.4
48.62   16.3539   4.4
48.64   14.8203   4.4
48.66   14.0171   4.4
48.68   13.7764   4.4
48.7   14.0291   4.4
48.72   14.77   4.4
48.74   16.0483   4.4
48.76   17.9879   4.4
48.78   20.7974   4.56042
48.8   24.8523   4.98521
48.82   30.862   5.55536
48.84   40.2509   6.34436
48.86   55.7963   7.46969
48.88   82.2015   9.06651
48.9   125.621   11.2081
48.92   189.903   13.7805
48.94   262.211   16.1929
48.96   291.443   17.0717
48.98   244.713   15.6433
49   171.028   13.0778
49.02   111.793   10.5732
49.04   73.1264   8.5514
49.06   49.8407   7.05979
49.08   35.9868   5.9989
49.1   27.3725   5.23187
49.12   21.6301   4.65081
49.14   17.5607   4.4
49.16   14.5519   4.4
49.18   12.2612   4.4
49.2   10.4772   4.4
49.22   9.06134   4.4
49.24   7.91915   4.4
49.26   6.98439   4.4
49.28   6.20963   4.4
49.3   5.56021   4.4
49.32   5.01036   4.4
49.34   4.54057   4.4
49.36   3.98844   4.4
49.38   3.64124   4.4
49.4   3.33826   4.4
49.42   3.07225   4.4
49.44   2.83739   4.4
49.46   2.62897   4.4
49.48   2.44312   4.4
49.5   2.27667   4.4
49.52   2.127   4.4
49.54   1.99189   4.4
49.56   1.8695   4.4
49.58   1.75827   4.4
49.6   1.65687   4.4
49.62   1.56415   4.4
49.64   1.47915   4.4
49.66   1.40103   4.4
49.68   1.32904   4.4
49.7   1.26257   4.4
49.72   1.20105   4.4
49.74   1.144   4.4
49.76   1.09099   4.4
49.78   1.04164   4.4
49.8   0.995631   4.4
49.82   0.952652   4.4
49.84   0.912443   4.4
49.86   0.874769   4.4
49.88   0.839418   4.4
49.9   0.806202   4.4
49.92   0.77495   4.4
49.94   0.620266   4.4
49.96   0.595827   4.4
49.98   0.572803   4.4
50   0.551088   4.4
50.02   0.530583   4.4
50.04   0.511201   4.4
50.06   0.492862   4.4
50.08   0.475491   4.4
50.1   0.459022   4.4
50.12   0.443394   4.4
50.14   0.428549   4.4
50.16   0.414438   4.4
50.18   0.401012   4.4
50.2   0.388228   4.4
50.22   0.376045   4.4
50.24   0.364426   4.4
50.26   0.353337   4.4
50.28   0.342747   4.4
50.3   0.332626   4.4
50.32   0.322946   4.4
50.34   0.313682   4.4
50.36   0.304811   4.4
50.38   0.296311   4.4
50.4   0.288162   4.4
50.42   0   4.4
50.44   0   4.4
50.46   0   4.4
50.48   0   4.4
50.5   0   4.4
50.52   0   4.4
50.54   0   4.4
50.56   0   4.4
50.58   0   4.4
50.6   0   4.4
50.62   0   4.4
50.64   0   4.4
50.66   0   4.4
50.68   0   4.4
50.7   0   4.4
50.72   0   4.4
50.74   0   4.4
50.76   0   4.4
50.78   0   4.4
50.8   0   4.4
50.82   0   4.4
50.84   0   4.4
50.86   0   4.4
50.88   0   4.4
50.9   0   4.4
50.92   0   4.4
50.94   0   4.4
50.96   0   4.4
50.98   0   4.4
51   0   4.4
51.02   0   4.4
51.04   0   4.4
51.06   0   4.4
51.08   0   4.4
51.1   0   4.4
51.12   0   4.4
51.14   0   4.4
51.16   0   4.4
51.18   0   4.4
51.2   0   4.4
51.22   0   4.4
51.24   0   4.4
51.26   0   4.4
51.28   0   4.4
51.3   0.137439   4.4
51.32   0.141336   4.4
51.34   0.147771   4.4
51.36   0.15208   4.4
51.38   0.156581   4.4
51.4   0.161284   4.4
51.42   0.166203   4.4
51.44   0.17135   4.4
51.46   0.176739   4.4
51.48   0.182387   4.4
51.5   0.188309   4.4
51.52   0.194525   4.4
51.54   0.201054   4.4
51.56   0.207916   4.4
51.58   0.215136   4.4
51.6   0.222738   4.4
51.62   0.23075   4.4
51.64   0.239202   4.4
51.66   0.248127   4.4
51.68   0.25756   4.4
51.7   0.267542   4.4
51.72   0.278114   4.4
51.74   0.289325   4.4
51.76   0.301228   4.4
51.78   0.31388   4.4
51.8   0.327345   4.4
51.82   0.341695   4.4
51.84   0.357008   4.4
51.86   0.373373   4.4
51.88   0.405048   4.4
51.9   0.424225   4.4
51.92   0.444803   4.4
51.94   0.466922   4.4
51.96   0.490743   4.4
51.98   0.516442   4.4
52   0.544225   4.4
52.02   0.574323   4.4
52.04   0.607001   4.4
52.06   0.642563   4.4
52.08   0.68136   4.4
52.1   0.723796   4.4
52.12   0.896029   4.4
52.14   0.950726   4.4
52.16   1.01087   4.4
52.18   1.07724   4.4
52.2   1.15074   4.4
52.22   1.23244   4.4
52.24   1.32366   4.4
52.26   1.42595   4.4
52.28   1.54122   4.4
52.3   1.67181   4.4
52.32   1.82061   4.4
52.34   1.99122   4.4
52.36   2.18819   4.4
52.38   2.41731   4.4
52.4   2.68606   4.4
52.42   3.00421   4.4
52.44   3.38475   4.4
52.46   3.84516   4.4
52.48   4.40948   4.4
52.5   5.11138   4.4
52.52   5.99916   4.4
52.54   7.14406   4.4
52.56   8.65559   4.4
52.58   10.7141   4.4
52.6   13.6482   4.4
52.62   18.1067   4.4
52.64   25.3564   5.03551
52.66   37.5694   6.12939
52.68   57.663   7.59362
52.7   87.7081   9.36526
52.72   122.664   11.0754
52.74   139.517   11.8117
52.76   120.141   10.9609
52.78   85.819   9.26386
52.8   57.1483   7.55965
52.82   37.7246   6.14203
52.84   25.7019   5.06971
52.86   18.489   4.4
52.88   14.0428   4.4
52.9   11.1378   4.4
52.92   9.12894   4.4
52.94   7.68147   4.4
52.96   6.61035   4.4
52.98   5.80475   4.4
53   5.19411   4.4
53.02   4.73181   4.4
53.04   4.38655   4.4
53.06   4.13752   4.4
53.08   3.98104   4.4
53.1   3.89125   4.4
53.12   3.87588   4.4
53.14   3.9395   4.4
53.16   4.09496   4.4
53.18   4.36943   4.4
53.2   4.81896   4.4
53.22   5.5562   4.4
53.24   6.78352   4.4
53.26   8.79523   4.4
53.28   11.8695   4.4
53.3   15.801   4.4
53.32   18.7343   4.4
53.34   18.117   4.4
53.36   15.2903   4.4
53.38   12.942   4.4
53.4   11.9104   4.4
53.42   12.167   4.4
53.44   13.6379   4.4
53.46   16.5256   4.4
53.48   21.5688   4.64422
53.5   30.325   5.50681
53.52   45.2594   6.72751
53.54   69.041   8.30909
53.56   101.296   10.0646
53.58   128.845   11.351
53.6   126.095   11.2292
53.62   95.9153   9.79364
53.64   64.4591   8.02864
53.66   42.0246   6.48264
53.68   28.0486   5.29609
53.7   19.7403   4.44301
53.72   14.729   4.4
53.74   11.5193   4.4
53.76   9.31806   4.4
53.78   7.72803   4.4
53.8   6.53879   4.4
53.82   5.62701   4.4
53.84   4.91413   4.4
53.86   4.34763   4.4
53.88   3.89121   4.4
53.9   3.51924   4.4
53.92   3.21317   4.4
53.94   2.95939   4.4
53.96   2.74773   4.4
53.98   2.57046   4.4
54   2.42169   4.4
54.02   2.29684   4.4
54.04   2.19235   4.4
54.06   2.10544   4.4
54.08   2.03392   4.4
54.1   1.97612   4.4
54.12   1.93072   4.4
54.14   1.89677   4.4
54.16   1.87361   4.4
54.18   1.86083   4.4
54.2   1.72502   4.4
54.22   1.73649   4.4
54.24   1.75868   4.4
54.26   1.79245   4.4
54.28   1.83684   4.4
54.3   1.89841   4.4
54.32   1.9777   4.4
54.34   2.07893   4.4
54.36   2.20841   4.4
54.38   2.37604   4.4
54.4   2.59859   4.4
54.42   2.90754   4.4
54.44   3.50716   4.4
54.46   4.2343   4.4
54.48   5.41104   4.4
54.5   7.24857   4.4
54.52   9.77893   4.4
54.54   12.178   4.4
54.56   12.472   4.4
54.58   10.51   4.4
54.6   8.27023   4.4
54.62   6.71269   4.4
54.64   5.87819   4.4
54.66   5.51992   4.4
54.68   5.48102   4.4
54.7   5.65004   4.4
54.72   5.9748   4.4
54.74   6.43992   4.4
54.76   7.05129   4.4
54.78   7.8298   4.4
54.8   8.79762   4.4
54.82   10.0362   4.4
54.84   11.6113   4.4
54.86   13.6403   4.4
54.88   16.3012   4.4
54.9   19.8768   4.45834
54.92   24.8545   4.98543
54.94   32.1627   5.67122
54.96   43.6477   6.60664
54.98   62.7426   7.92102
55   94.7864   9.73583
55.02   145.705   12.0708
55.04   215.536   14.6811
55.06   278.79   16.697
55.08   280.275   16.7414
55.1   220.053   14.8342
55.12   152.461   12.3475
55.14   101.368   10.0682
55.16   67.5629   8.21966
55.18   46.7759   6.83929
55.2   34.1445   5.84333
55.22   26.16   5.11468
55.24   20.8095   4.56175
55.26   17.0311   4.4
55.28   14.257   4.4
55.3   12.1634   4.4
55.32   10.5515   4.4
55.34   9.29236   4.4
55.36   8.29836   4.4
55.38   7.50874   4.4
55.4   6.88042   4.4
55.42   6.38256   4.4
55.44   5.99299   4.4
55.46   5.69591   4.4
55.48   5.48041   4.4
55.5   5.3395   4.4
55.52   5.2696   4.4
55.54   5.27027   4.4
55.56   5.3443   4.4
55.58   5.49812   4.4
55.6   5.74254   4.4
55.62   6.09413   4.4
55.64   6.57732   4.4
55.66   7.22784   4.4
55.68   8.0984   4.4
55.7   9.26816   4.4
55.72   10.8609   4.4
55.74   13.0843   4.4
55.76   16.324   4.4
55.78   21.3469   4.62027
55.8   29.6302   5.44336
55.82   43.627   6.60507
55.84   66.4442   8.15133
55.86   99.6883   9.9844
55.88   135.521   11.6413
55.9   147.018   12.1251
55.92   121.359   11.0163
55.94   85.0294   9.22114
55.96   56.9879   7.54904
55.98   39.5466   6.28861
56   30.2906   5.50369
56.02   26.7829   5.17522
56.04   27.4511   5.23938
56.06   30.7809   5.54806
56.08   32.937   5.73908
56.1   29.3545   5.41798
56.12   22.2553   4.71756
56.14   15.9281   4.4
56.16   11.5113   4.4
56.18   8.67012   4.4
56.2   6.85787   4.4
56.22   5.65061   4.4
56.24   4.79186   4.4
56.26   4.14509   4.4
56.28   3.63839   4.4
56.3   3.23069   4.4
56.32   2.89605   4.4
56.34   2.61691   4.4
56.36   2.38091   4.4
56.38   2.17905   4.4
56.4   2.00465   4.4
56.42   1.85265   4.4
56.44   1.71915   4.4
56.46   1.60109   4.4
56.48   1.49604   4.4
56.5   1.40206   4.4
56.52   1.3077   4.4
56.54   1.23163   4.4
56.56   0.906674   4.4
56.58   0.850613   4.4
56.6   0.790963   4.4
56.62   0.744854   4.4
56.64   0.702751   4.4
56.66   0.664198   4.4
56.68   0.628807   4.4
56.7   0.59624   4.4
56.72   0.566205   4.4
56.74   0.53845   4.4
56.76   0.512752   4.4
56.78   0.488918   4.4
56.8   0.466777   4.4
56.82   0.44618   4.4
56.84   0.426995   4.4
56.86   0.409108   4.4
56.88   0.46169   4.4
56.9   0.44806   4.4
56.92   0.435543   4.4
56.94   0.424079   4.4
56.96   0.413619   4.4
56.98   0.404125   4.4
57   0.395571   4.4
57.02   0.387947   4.4
57.04   0.381259   4.4
57.06   0.375535   4.4
57.08   0.370834   4.4
57.1   0.367256   4.4
57.12   0.364965   4.4
57.14   0.364227   4.4
57.16   0.365493   4.4
57.18   0.369587   4.4
57.2   0.378143   4.4
57.22   0.394397   4.4
57.24   0.424038   4.4
57.26   0.475038   4.4
57.28   0.554043   4.4
57.3   0.651527   4.4
57.32   0.709949   4.4
57.34   0.667258   4.4
57.36   0.431511   4.4
57.38   0.352785   4.4
57.4   0.302248   4.4
57.42   0.274427   4.4
57.44   0.261208   4.4
57.46   0.2565   4.4
57.48   0.256756   4.4
57.5   0.260189   4.4
57.52   0.265932   4.4
57.54   0.27355   4.4
57.56   0.259909   4.4
57.58   0.271331   4.4
57.6   0.290333   4.4
57.62   0.304953   4.4
57.64   0.321188   4.4
57.66   0.339158   4.4
57.68   0.35902   4.4
57.7   0.380974   4.4
57.72   0.40526   4.4
57.74   0.432171   4.4
57.76   0.462057   4.4
57.78   0.495336   4.4
57.8   0.532512   4.4
57.82   0.574189   4.4
57.84   0.6211   4.4
57.86   0.674138   4.4
57.88   0.734397   4.4
57.9   0.803227   4.4
57.92   0.882315   4.4
57.94   0.973782   4.4
57.96   1.08033   4.4
57.98   1.20542   4.4
58   1.35358   4.4
58.02   1.53081   4.4
58.04   1.74513   4.4
58.06   2.00753   4.4
58.08   2.33333   4.4
58.1   2.74431   4.4
58.12   3.27239   4.4
58.14   3.96593   4.4
58.16   4.90271   4.4
58.18   6.22017   4.4
58.2   8.18542   4.4
58.22   11.3286   4.4
58.24   16.6058   4.4
58.26   25.417   5.04153
58.28   39.1037   6.2533
58.3   56.7534   7.53349
58.32   69.5307   8.33851
58.34   64.531   8.03312
58.36   47.4588   6.88903
58.38   31.413   5.60473
58.4   20.3538   4.51152
58.42   13.5575   4.4
58.44   9.53164   4.4
58.46   7.08693   4.4
58.48   5.50407   4.4
58.5   4.40888   4.4
58.52   3.61341   4.4
58.54   3.01653   4.4
58.56   2.55796   4.4
58.58   2.19896   4.4
58.6   1.9135   4.4
58.62   1.70813   4.4
58.64   1.52166   4.4
58.66   1.36884   4.4
58.68   1.24299   4.4
58.7   1.13922   4.4
58.72   1.05395   4.4
58.74   0.984586   4.4
58.76   0.929375   4.4
58.78   0.886895   4.4
58.8   0.857561   4.4
58.82   0.841403   4.4
58.84   0.839785   4.4
58.86   0.85539   4.4
58.88   0.892987   4.4
58.9   0.961156   4.4
58.92   1.07645   4.4
58.94   1.27235   4.4
58.96   1.61352   4.4
58.98   2.20655   4.4
59   3.18402   4.4
59.02   4.60563   4.4
59.04   6.10076   4.4
59.06   6.49094   4.4
59.08   5.31461   4.4
59.1   3.73654   4.4
59.12   2.5203   4.4
59.14   1.73705   4.4
59.16   1.26588   4.4
59.18   0.982847   4.4
59.2   0.803901   4.4
59.22   0.682577   4.4
59.24   0.595477   4.4
59.26   0.530536   4.4
59.28   0.480901   4.4
59.3   0.442305   4.4
59.32   0.411937   4.4
59.34   0.387877   4.4
59.36   0.368789   4.4
59.38   0.353724   4.4
59.4   0.342   4.4
59.42   0.33313   4.4
59.44   0.326763   4.4
59.46   0.322656   4.4
59.48   0.320647   4.4
59.5   0.320644   4.4
59.52   0.322611   4.4
59.54   0.32657   4.4
59.56   0.332591   4.4
59.58   0.340801   4.4
59.6   0.351383   4.4
59.62   0.36459   4.4
59.64   0.380753   4.4
59.66   0.400299   4.4
59.68   0.423777   4.4
59.7   0.451894   4.4
59.72   0.485556   4.4
59.74   0.52594   4.4
59.76   0.574587   4.4
59.78   0.633534   4.4
59.8   0.639057   4.4
59.82   0.729578   4.4
59.84   0.841988   4.4
59.86   0.98365   4.4
59.88   1.16526   4.4
59.9   1.40291   4.4
59.92   1.72205   4.4
59.94   2.16659   4.4
59.96   2.82043   4.4
59.98   3.85089   4.4
60   5.56943   4.4
60.02   8.45902   4.4
60.04   13.0522   4.4
60.06   19.3378   4.4
60.08   24.9099   4.99098
60.1   24.6772   4.96762
60.12   18.9089   4.4
60.14   12.6982   4.4
60.16   8.22453   4.4
60.18   5.42588   4.4
60.2   3.76324   4.4
60.22   2.7634   4.4
60.24   2.17468   4.4
60.26   1.74038   4.4
60.28   1.42782   4.4
60.3   1.19472   4.4
60.32   1.08244   4.4
60.34   0.945143   4.4
60.36   0.836626   4.4
60.38   0.749693   4.4
60.4   0.679263   4.4
60.42   0.621674   4.4
60.44   0.574233   4.4
60.46   0.534931   4.4
60.48   0.502245   4.4
60.5   0.475007   4.4
60.52   0.446315   4.4
60.54   0.427606   4.4
60.56   0.412158   4.4
60.58   0.399523   4.4
60.6   0.389345   4.4
60.62   0.381336   4.4
60.64   0.375266   4.4
60.66   0.370951   4.4
60.68   0.368244   4.4
60.7   0.367028   4.4
60.72   0.367215   4.4
60.74   0.368737   4.4
60.76   0.371549   4.4
60.78   0.37562   4.4
60.8   0.448653   4.4
60.82   0.457138   4.4
60.84   0.466972   4.4
60.86   0.478191   4.4
60.88   0.490846   4.4
60.9   0.505003   4.4
60.92   0.520744   4.4
60.94   0.538172   4.4
60.96   0.557404   4.4
60.98   0.578582   4.4
61   0.601872   4.4
61.02   0.627467   4.4
61.04   0.752143   4.4
61.06   0.785795   4.4
61.08   0.822659   4.4
61.1   0.863101   4.4
61.12   0.907542   4.4
61.14   0.95648   4.4
61.16   1.0105   4.4
61.18   1.07029   4.4
61.2   1.13668   4.4
61.22   1.21064   4.4
61.24   1.29337   4.4
61.26   1.38628   4.4
61.28   1.49114   4.4
61.3   1.6101   4.4
61.32   1.74582   4.4
61.34   1.90168   4.4
61.36   2.08193   4.4
61.38   2.29204   4.4
61.4   2.53913   4.4
61.42   2.83261   4.4
61.44   3.18512   4.4
61.46   3.61391   4.4
61.48   4.14309   4.4
61.5   4.80718   4.4
61.52   5.65718   4.4
61.54   6.7725   4.4
61.56   8.28684   4.4
61.58   10.4216   4.4
61.6   13.6908   4.4
61.62   18.9035   4.4
61.64   27.3523   5.22994
61.66   40.549   6.36781
61.68   58.7572   7.66533
61.7   77.4592   8.80109
61.72   89.2697   9.44827
61.74   94.377   9.71478
61.76   90.8369   9.53084
61.78   73.2236   8.55708
61.8   51.3907   7.16873
61.82   34.5284   5.87609
61.84   23.6149   4.85952
61.86   17.0072   4.4
61.88   13.0429   4.4
61.9   10.5851   4.4
61.92   8.99122   4.4
61.94   7.9323   4.4
61.96   7.2409   4.4
61.98   6.82817   4.4
62   6.64785   4.4
62.02   6.68216   4.4
62.04   6.93772   4.4
62.06   7.44826   4.4
62.08   8.2873   4.4
62.1   9.60274   4.4
62.12   11.6976   4.4
62.14   15.1732   4.4
62.16   21.0743   4.59068
62.18   30.829   5.55239
62.2   45.5242   6.74716
62.22   63.0059   7.93762
62.24   72.381   8.5077
62.26   63.8922   7.99326
62.28   47.4191   6.88615
62.3   33.9241   5.82444
62.32   25.6809   5.06763
62.34   21.8319   4.67246
62.36   21.4632   4.63284
62.38   24.2727   4.92674
62.4   31.2212   5.58759
62.42   44.0345   6.63585
62.44   64.0597   8.00373
62.46   87.9549   9.37843
62.48   99.8765   9.99382
62.5   86.2435   9.28674
62.52   61.4324   7.83788
62.54   40.7018   6.3798
62.56   26.9434   5.19071
62.58   18.576   4.4
62.6   13.5714   4.4
62.62   10.4534   4.4
62.64   8.37136   4.4
62.66   6.89123   4.4
62.68   5.79184   4.4
62.7   4.95036   4.4
62.72   4.29147   4.4
62.74   3.76577   4.4
62.76   3.33956   4.4
62.78   2.98923   4.4
62.8   2.69778   4.4
62.82   2.4528   4.4
62.84   2.24501   4.4
62.86   2.0674   4.4
62.88   1.91456   4.4
62.9   1.7823   4.4
62.92   1.66732   4.4
62.94   1.56699   4.4
62.96   1.4792   4.4
62.98   1.40225   4.4
63   1.33478   4.4
63.02   1.27564   4.4
63.04   1.22394   4.4
63.06   1.17893   4.4
63.08   1.13999   4.4
63.1   1.10665   4.4
63.12   1.07853   4.4
63.14   1.05534   4.4
63.16   1.02287   4.4
63.18   1.00937   4.4
63.2   0.966587   4.4
63.22   0.898975   4.4
63.24   0.901784   4.4
63.26   0.909334   4.4
63.28   0.921907   4.4
63.3   0.971589   4.4
63.32   0.996397   4.4
63.34   1.02784   4.4
63.36   1.06677   4.4
63.38   1.11427   4.4
63.4   1.17171   4.4
63.42   1.24085   4.4
63.44   1.32392   4.4
63.46   1.4238   4.4
63.48   1.54428   4.4
63.5   1.69031   4.4
63.52   1.86853   4.4
63.54   2.08797   4.4
63.56   2.3611   4.4
63.58   2.7055   4.4
63.6   3.14662   4.4
63.62   3.72228   4.4
63.64   4.49151   4.4
63.66   5.55377   4.4
63.68   7.09478   4.4
63.7   9.41882   4.4
63.72   13.3674   4.4
63.74   20.0314   4.47565
63.76   30.8365   5.55306
63.78   46.3743   6.80987
63.8   62.4685   7.9037
63.82   66.3438   8.14517
63.84   53.5544   7.31809
63.86   36.7667   6.06355
63.88   23.9352   4.89236
63.9   15.7207   4.4
63.92   10.8109   4.4
63.94   7.79018   4.4
63.96   5.95811   4.4
63.98   4.72804   4.4
64   3.86262   4.4
64.02   3.21645   4.4
64.04   2.72606   4.4
64.06   2.34632   4.4
64.08   2.04742   4.4
64.1   1.80896   4.4
64.12   1.61668   4.4
64.14   1.46036   4.4
64.16   1.33256   4.4
64.18   1.22779   4.4
64.2   1.14198   4.4
64.22   1.07207   4.4
64.24   1.01576   4.4
64.26   0.971349   4.4
64.28   0.937628   4.4
64.3   0.913767   4.4
64.32   0.899286   4.4
64.34   0.894027   4.4
64.36   0.898157   4.4
64.38   0.912186   4.4
64.4   0.937026   4.4
64.42   0.97407   4.4
64.44   1.02534   4.4
64.46   1.09367   4.4
64.48   1.18308   4.4
64.5   1.32837   4.4
64.52   1.48002   4.4
64.54   1.67811   4.4
64.56   1.94002   4.4
64.58   2.29276   4.4
64.6   2.78138   4.4
64.62   3.48912   4.4
64.64   4.5814   4.4
64.66   6.37838   4.4
64.68   9.41715   4.4
64.7   14.3901   4.4
64.72   21.6968   4.65798
64.74   29.7577   5.45507
64.76   32.7014   5.71851
64.78   27.2014   5.2155
64.8   18.9575   4.4
64.82   12.4206   4.4
64.84   8.17723   4.4
64.86   5.62933   4.4
64.88   4.11534   4.4
64.9   3.17459   4.4
64.92   2.54868   4.4
64.94   2.10709   4.4
64.96   1.78306   4.4
64.98   1.53914   4.4
65   1.35227   4.4
65.02   1.20737   4.4
65.04   1.09425   4.4
65.06   1.00592   4.4
65.08   0.937512   4.4
65.1   0.885692   4.4
65.12   0.848242   4.4
65.14   0.823837   4.4
65.16   0.811937   4.4
65.18   0.812769   4.4
65.2   0.827423   4.4
65.22   0.858078   4.4
65.24   0.908442   4.4
65.26   0.984586   4.4
65.28   1.03238   4.4
65.3   1.20062   4.4
65.32   1.45949   4.4
65.34   1.88117   4.4
65.36   2.59507   4.4
65.38   3.78872   4.4
65.4   5.63596   4.4
65.42   7.98927   4.4
65.44   9.61929   4.4
65.46   8.86202   4.4
65.48   6.58862   4.4
65.5   4.50185   4.4
65.52   3.08311   4.4
65.54   2.22612   4.4
65.56   1.73385   4.4
65.58   1.45211   4.4
65.6   1.28912   4.4
65.62   1.19829   4.4
65.64   1.1575   4.4
65.66   1.15649   4.4
65.68   1.19128   4.4
65.7   1.26213   4.4
65.72   1.3731   4.4
65.74   1.53261   4.4
65.76   1.75493   4.4
65.78   2.06352   4.4
65.8   2.49852   4.4
65.82   3.13475   4.4
65.84   4.12155   4.4
65.86   5.75029   4.4
65.88   8.50832   4.4
65.9   13.0336   4.4
65.92   19.7126   4.43989
65.94   27.1691   5.2124
65.96   30.0702   5.48363
65.98   25.1466   5.01464
66   17.5384   4.4
66.02   11.4552   4.4
66.04   7.49264   4.4
66.06   5.13014   4.4
66.08   3.71245   4.4
66.1   2.83072   4.4
66.12   2.24288   4.4
66.14   1.82642   4.4
66.16   1.51874   4.4
66.18   1.28474   4.4
66.2   1.10278   4.4
66.22   0.927232   4.4
66.24   0.81204   4.4
66.26   0.718138   4.4
66.28   0.640664   4.4
66.3   0.576065   4.4
66.32   0.521699   4.4
66.34   0.475572   4.4
66.36   0.436156   4.4
66.38   0.402265   4.4
66.4   0.372968   4.4
66.42   0.347529   4.4
66.44   0.325356   4.4
66.46   0.305974   4.4
66.48   0.288995   4.4
66.5   0.275564   4.4
66.52   0.262539   4.4
66.54   0.251127   4.4
66.56   0.241151   4.4
66.58   0.232464   4.4
66.6   0.224944   4.4
66.62   0.218491   4.4
66.64   0.213025   4.4
66.66   0.208479   4.4
66.68   0.204801   4.4
66.7   0.201953   4.4
66.72   0.199907   4.4
66.74   0.198648   4.4
66.76   0.198169   4.4
66.78   0.198477   4.4
66.8   0.199586   4.4
66.82   0.201526   4.4
66.84   0.204337   4.4
66.86   0.208074   4.4
66.88   0.212809   4.4
66.9   0.218631   4.4
66.92   0.21685   4.4
66.94   0.22545   4.4
66.96   0.23556   4.4
66.98   0.247397   4.4
67   0.261234   4.4
67.02   0.294787   4.4
67.04   0.314242   4.4
67.06   0.337063   4.4
67.08   0.363983   4.4
67.1   0.39598   4.4
67.12   0.434385   4.4
67.14   0.48107   4.4
67.16   0.538831   4.4
67.18   0.612222   4.4
67.2   0.709303   4.4
67.22   1.0502   4.4
67.24   1.25217   4.4
67.26   1.54516   4.4
67.28   1.94918   4.4
67.3   2.413   4.4
67.32   2.74118   4.4
67.34   2.8622   4.4
67.36   3.03626   4.4
67.38   3.51293   4.4
67.4   4.50723   4.4
67.42   6.30866   4.4
67.44   9.40823   4.4
67.46   14.0786   4.4
67.48   19.5036   4.41628
67.5   22.0493   4.69567
67.52   18.8965   4.4
67.54   13.4281   4.4
67.56   8.93042   4.4
67.58   5.97561   4.4
67.6   4.19881   4.4
67.62   3.15206   4.4
67.64   2.51336   4.4
67.66   2.09884   4.4
67.68   1.8152   4.4
67.7   1.61519   4.4
67.72   1.47283   4.4
67.74   1.37256   4.4
67.76   1.30471   4.4
67.78   1.26341   4.4
67.8   1.24584   4.4
67.82   1.2523   4.4
67.84   1.28776   4.4
67.86   1.36489   4.4
67.88   1.50679   4.4
67.9   1.74455   4.4
67.92   2.09786   4.4
67.94   2.50111   4.4
67.96   2.69076   4.4
67.98   2.49373   4.4
68   2.1624   4.4
68.02   1.91331   4.4
68.04   1.77968   4.4
68.06   1.7357   4.4
68.08   1.75169   4.4
68.1   1.80733   4.4
68.12   1.89217   4.4
68.14   2.00234   4.4
68.16   2.13763   4.4
68.18   2.30011   4.4
68.2   2.49372   4.4
68.22   2.72438   4.4
68.24   3.0006   4.4
68.26   3.33451   4.4
68.28   3.74387   4.4
68.3   4.25604   4.4
68.32   4.9172   4.4
68.34   5.81302   4.4
68.36   7.10546   4.4
68.38   9.07238   4.4
68.4   12.0992   4.4
68.42   16.5117   4.4
68.44   21.8879   4.67845
68.46   25.6268   5.06229
68.48   25.0867   5.00867
68.5   22.6887   4.76327
68.52   21.6161   4.64932
68.54   22.8145   4.77645
68.56   26.7682   5.17379
68.58   34.5168   5.8751
68.6   48.4032   6.95724
68.62   72.3196   8.50409
68.64   110.636   10.5183
68.66   163.142   12.7727
68.68   209.455   14.4726
68.7   206.962   14.3862
68.72   158.415   12.5863
68.74   106.428   10.3164
68.76   69.0351   8.30874
68.78   45.6462   6.7562
68.8   31.7441   5.63419
68.82   23.3737   4.83464
68.84   18.0274   4.4
68.86   14.3693   4.4
68.88   11.7299   4.4
68.9   9.75604   4.4
68.92   8.24152   4.4
68.94   7.05535   4.4
68.96   6.08914   4.4
68.98   5.32484   4.4
69   4.6983   4.4
69.02   4.17869   4.4
69.04   3.74332   4.4
69.06   3.37521   4.4
69.08   3.06146   4.4
69.1   2.79212   4.4
69.12   2.55945   4.4
69.14   2.35735   4.4
69.16   2.18095   4.4
69.18   2.02635   4.4
69.2   1.89038   4.4
69.22   1.77049   4.4
69.24   1.66455   4.4
69.26   1.57083   4.4
69.28   1.48791   4.4
69.3   1.41461   4.4
69.32   1.34996   4.4
69.34   1.29317   4.4
69.36   1.24361   4.4
69.38   1.20075   4.4
69.4   1.16424   4.4
69.42   1.13235   4.4
69.44   1.10786   4.4
69.46   1.08924   4.4
69.48   1.07657   4.4
69.5   1.07005   4.4
69.52   1.07002   4.4
69.54   1.07702   4.4
69.56   1.09179   4.4
69.58   1.11532   4.4
69.6   1.14898   4.4
69.62   1.19456   4.4
69.64   1.2545   4.4
69.66   1.33204   4.4
69.68   1.43163   4.4
69.7   1.55943   4.4
69.72   1.72404   4.4
69.74   1.93788   4.4
69.76   2.21918   4.4
69.78   2.59584   4.4
69.8   3.11336   4.4
69.82   3.85344   4.4
69.84   4.97652   4.4
69.86   6.79888   4.4
69.88   9.87705   4.4
69.9   14.992   4.4
69.92   22.7828   4.77313
69.94   32.3722   5.68966
69.96   38.1385   6.17563
69.98   33.9405   5.82585
70   24.4394   4.94362
