1.54056
5   0   4.4
5.02   0   4.4
5.04   0   4.4
5.06   0   4.4
5.08   0   4.4
5.1   0   4.4
5.12   0   4.4
5.14   0   4.4
5.16   0   4.4
5.18   0   4.4
5.2   0   4.4
5.22   0   4.4
5.24   0   4.4
5.26   0   4.4
5.28   0   4.4
5.3   0   4.4
5.32   0   4.4
5.34   0   4.4
5.36   0   4.4
5.38   0   4.4
5.4   0   4.4
5.42   0   4.4
5.44   0   4.4
5.46   0   4.4
5.48   0   4.4
5.5   0   4.4
5.52   0   4.4
5.54   0   4.4
5.56   0   4.4
5.58   0   4.4
5.6   0   4.4
5.62   0   4.4
5.64   0   4.4
5.66   0   4.4
5.68   0   4.4
5.7   0   4.4
5.72   0   4.4
5.74   0   4.4
5.76   0   4.4
5.78   0   4.4
5.8   0   4.4
5.82   0   4.4
5.84   0   4.4
5.86   0   4.4
5.88   0   4.4
5.9   0   4.4
5.92   0   4.4
5.94   0   4.4
5.96   0   4.4
5.98   0   4.4
6   0   4.4
6.02   0   4.4
6.04   0   4.4
6.06   0   4.4
6.08   0   4.4
6.1   0   4.4
6.12   0   4.4
6.14   0   4.4
6.16   0   4.4
6.18   0   4.4
6.2   0   4.4
6.22   0   4.4
6.24   0   4.4
6.26   0   4.4
6.28   0   4.4
6.3   0   4.4
6.32   0   4.4
6.34   0   4.4
6.36   0   4.4
6.38   0   4.4
6.4   0   4.4
6.42   0   4.4
6.44   0   4.4
6.46   0   4.4
6.48   0   4.4
6.5   0   4.4
6.52   0   4.4
6.54   0   4.4
6.56   0   4.4
6.58   0   4.4
6.6   0   4.4
6.62   0   4.4
6.64   0   4.4
6.66   0   4.4
6.68   0   4.4
6.7   0   4.4
6.72   0   4.4
6.74   0   4.4
6.76   0   4.4
6.78   0   4.4
6.8   0   4.4
6.82   0   4.4
6.84   0   4.4
6.86   0   4.4
6.88   0   4.4
6.9   0   4.4
6.92   0   4.4
6.94   0   4.4
6.96   0   4.4
6.98   0   4.4
7   0   4.4
7.02   0   4.4
7.04   0   4.4
7.06   0   4.4
7.08   0   4.4
7.1   0   4.4
7.12   0   4.4
7.14   0   4.4
7.16   0   4.4
7.18   0   4.4
7.2   0   4.4
7.22   0   4.4
7.24   0   4.4
7.26   0   4.4
7.28   0   4.4
7.3   0   4.4
7.32   0   4.4
7.34   0   4.4
7.36   0   4.4
7.38   0   4.4
7.4   0   4.4
7.42   0   4.4
7.44   0   4.4
7.46   0   4.4
7.48   0   4.4
7.5   0   4.4
7.52   0   4.4
7.54   0   4.4
7.56   0   4.4
7.58   0   4.4
7.6   0   4.4
7.62   0   4.4
7.64   0   4.4
7.66   0   4.4
7.68   0   4.4
7.7   0   4.4
7.72   0   4.4
7.74   0   4.4
7.76   0   4.4
7.78   0   4.4
7.8   0   4.4
7.82   0   4.4
7.84   0   4.4
7.86   0   4.4
7.88   0   4.4
7.9   0   4.4
7.92   0   4.4
7.94   0   4.4
7.96   0   4.4
7.98   0   4.4
8   0   4.4
8.02   0   4.4
8.04   0   4.4
8.06   0   4.4
8.08   0   4.4
8.1   0   4.4
8.12   0   4.4
8.14   0   4.4
8.16   0   4.4
8.18   0   4.4
8.2   0   4.4
8.22   0   4.4
8.24   0   4.4
8.26   0   4.4
8.28   0   4.4
8.3   0   4.4
8.32   0   4.4
8.34   0   4.4
8.36   0   4.4
8.38   0   4.4
8.4   0   4.4
8.42   0   4.4
8.44   0   4.4
8.46   0   4.4
8.48   0   4.4
8.5   0   4.4
8.52   0   4.4
8.54   0   4.4
8.56   0   4.4
8.58   0   4.4
8.6   0   4.4
8.62   0   4.4
8.64   0   4.4
8.66   0   4.4
8.68   0   4.4
8.7   0   4.4
8.72   0   4.4
8.74   0   4.4
8.76   0   4.4
8.78   0   4.4
8.8   0   4.4
8.82   0   4.4
8.84   0   4.4
8.86   0   4.4
8.88   0   4.4
8.9   0   4.4
8.92   0   4.4
8.94   0   4.4
8.96   0   4.4
8.98   0   4.4
9   0   4.4
9.02   0   4.4
9.04   0   4.4
9.06   0   4.4
9.08   0   4.4
9.1   0   4.4
9.12   0   4.4
9.14   0   4.4
9.16   0   4.4
9.18   0   4.4
9.2   0   4.4
9.22   0   4.4
9.24   0   4.4
9.26   0   4.4
9.28   0   4.4
9.3   0   4.4
9.32   0   4.4
9.34   0   4.4
9.36   0   4.4
9.38   0   4.4
9.4   0   4.4
9.42   0   4.4
9.44   0   4.4
9.46   0   4.4
9.48   0   4.4
9.5   0   4.4
9.52   0   4.4
9.54   0   4.4
9.56   0   4.4
9.58   0   4.4
9.6   0   4.4
9.62   0   4.4
9.64   0   4.4
9.66   0   4.4
9.68   0   4.4
9.7   0   4.4
9.72   0   4.4
9.74   0   4.4
9.76   0   4.4
9.78   0   4.4
9.8   0   4.4
9.82   0   4.4
9.84   0   4.4
9.86   0   4.4
9.88   0   4.4
9.9   0   4.4
9.92   0   4.4
9.94   0   4.4
9.96   0   4.4
9.98   0   4.4
10   0   4.4
10.02   0   4.4
10.04   0   4.4
10.06   0   4.4
10.08   0   4.4
10.1   0   4.4
10.12   0   4.4
10.14   0   4.4
10.16   0   4.4
10.18   0   4.4
10.2   0   4.4
10.22   0   4.4
10.24   0   4.4
10.26   0   4.4
10.28   0   4.4
10.3   0   4.4
10.32   0   4.4
10.34   0   4.4
10.36   0   4.4
10.38   0   4.4
10.4   0   4.4
10.42   0   4.4
10.44   0   4.4
10.46   0   4.4
10.48   0   4.4
10.5   0   4.4
10.52   0   4.4
10.54   0   4.4
10.56   0   4.4
10.58   0   4.4
10.6   0   4.4
10.62   0   4.4
10.64   0   4.4
10.66   0   4.4
10.68   0   4.4
10.7   0   4.4
10.72   0   4.4
10.74   0   4.4
10.76   0   4.4
10.78   0   4.4
10.8   0   4.4
10.82   0   4.4
10.84   0   4.4
10.86   0   4.4
10.88   0   4.4
10.9   0   4.4
10.92   0   4.4
10.94   0   4.4
10.96   0   4.4
10.98   0   4.4
11   0   4.4
11.02   0   4.4
11.04   0   4.4
11.06   0   4.4
11.08   0   4.4
11.1   0   4.4
11.12   0   4.4
11.14   0   4.4
11.16   0   4.4
11.18   0   4.4
11.2   0   4.4
11.22   0   4.4
11.24   0   4.4
11.26   0   4.4
11.28   0   4.4
11.3   0   4.4
11.32   0   4.4
11.34   0   4.4
11.36   0   4.4
11.38   0   4.4
11.4   0   4.4
11.42   0   4.4
11.44   0   4.4
11.46   0   4.4
11.48   0   4.4
11.5   0   4.4
11.52   0   4.4
11.54   0   4.4
11.56   0   4.4
11.58   0   4.4
11.6   0   4.4
11.62   0   4.4
11.64   0   4.4
11.66   0   4.4
11.68   0   4.4
11.7   0   4.4
11.72   0   4.4
11.74   0   4.4
11.76   0   4.4
11.78   0   4.4
11.8   0   4.4
11.82   0   4.4
11.84   0   4.4
11.86   0   4.4
11.88   0   4.4
11.9   0   4.4
11.92   0   4.4
11.94   0   4.4
11.96   0   4.4
11.98   0   4.4
12   0   4.4
12.02   0   4.4
12.04   0   4.4
12.06   0   4.4
12.08   0   4.4
12.1   0   4.4
12.12   0   4.4
12.14   0   4.4
12.16   0   4.4
12.18   0   4.4
12.2   0   4.4
12.22   0   4.4
12.24   0   4.4
12.26   0   4.4
12.28   0   4.4
12.3   0   4.4
12.32   0   4.4
12.34   0   4.4
12.36   0   4.4
12.38   0   4.4
12.4   0   4.4
12.42   0   4.4
12.44   0   4.4
12.46   0   4.4
12.48   0   4.4
12.5   0   4.4
12.52   0   4.4
12.54   0   4.4
12.56   0   4.4
12.58   0   4.4
12.6   0   4.4
12.62   0   4.4
12.64   0   4.4
12.66   0   4.4
12.68   0   4.4
12.7   0   4.4
12.72   0   4.4
12.74   0   4.4
12.76   0   4.4
12.78   0   4.4
12.8   0   4.4
12.82   0   4.4
12.84   0   4.4
12.86   0   4.4
12.88   0   4.4
12.9   0   4.4
12.92   0   4.4
12.94   0   4.4
12.96   0   4.4
12.98   0   4.4
13   0   4.4
13.02   0   4.4
13.04   0   4.4
13.06   0   4.4
13.08   0   4.4
13.1   0   4.4
13.12   0   4.4
13.14   0   4.4
13.16   0   4.4
13.18   0   4.4
13.2   0   4.4
13.22   0   4.4
13.24   0   4.4
13.26   0   4.4
13.28   0   4.4
13.3   0   4.4
13.32   0   4.4
13.34   0   4.4
13.36   0   4.4
13.38   0   4.4
13.4   0   4.4
13.42   0   4.4
13.44   0   4.4
13.46   0   4.4
13.48   0   4.4
13.5   0   4.4
13.52   0   4.4
13.54   0   4.4
13.56   0   4.4
13.58   0   4.4
13.6   0   4.4
13.62   0   4.4
13.64   0   4.4
13.66   0   4.4
13.68   0   4.4
13.7   0   4.4
13.72   0   4.4
13.74   0   4.4
13.76   0   4.4
13.78   0   4.4
13.8   0   4.4
13.82   0   4.4
13.84   0   4.4
13.86   0   4.4
13.88   0   4.4
13.9   0   4.4
13.92   0   4.4
13.94   0   4.4
13.96   0   4.4
13.98   0   4.4
14   0   4.4
14.02   0   4.4
14.04   0   4.4
14.06   0   4.4
14.08   0   4.4
14.1   0   4.4
14.12   0   4.4
14.14   0   4.4
14.16   0   4.4
14.18   0   4.4
14.2   0   4.4
14.22   0   4.4
14.24   0   4.4
14.26   0   4.4
14.28   0   4.4
14.3   0   4.4
14.32   0   4.4
14.34   0   4.4
14.36   0   4.4
14.38   0   4.4
14.4   0   4.4
14.42   0   4.4
14.44   0   4.4
14.46   0   4.4
14.48   0   4.4
14.5   0   4.4
14.52   0   4.4
14.54   0   4.4
14.56   0   4.4
14.58   0   4.4
14.6   0   4.4
14.62   0   4.4
14.64   0   4.4
14.66   0   4.4
14.68   0   4.4
14.7   0   4.4
14.72   0   4.4
14.74   0   4.4
14.76   0   4.4
14.78   0   4.4
14.8   0   4.4
14.82   0   4.4
14.84   0   4.4
14.86   0   4.4
14.88   0   4.4
14.9   0   4.4
14.92   0   4.4
14.94   0   4.4
14.96   0   4.4
14.98   0   4.4
15   0   4.4
15.02   0   4.4
15.04   0   4.4
15.06   0   4.4
15.08   0   4.4
15.1   0   4.4
15.12   0   4.4
15.14   0   4.4
15.16   0   4.4
15.18   0   4.4
15.2   0   4.4
15.22   0   4.4
15.24   0   4.4
15.26   0   4.4
15.28   0   4.4
15.3   0   4.4
15.32   0   4.4
15.34   0   4.4
15.36   0   4.4
15.38   0   4.4
15.4   0   4.4
15.42   0   4.4
15.44   0   4.4
15.46   0   4.4
15.48   0   4.4
15.5   0   4.4
15.52   0   4.4
15.54   0   4.4
15.56   0   4.4
15.58   0   4.4
15.6   0   4.4
15.62   0   4.4
15.64   0   4.4
15.66   0   4.4
15.68   0   4.4
15.7   0   4.4
15.72   0   4.4
15.74   0   4.4
15.76   0   4.4
15.78   0   4.4
15.8   0   4.4
15.82   0   4.4
15.84   0   4.4
15.86   0   4.4
15.88   0   4.4
15.9   0   4.4
15.92   0   4.4
15.94   0   4.4
15.96   0   4.4
15.98   0   4.4
16   0   4.4
16.02   0   4.4
16.04   0   4.4
16.06   0   4.4
16.08   0   4.4
16.1   0   4.4
16.12   0   4.4
16.14   0   4.4
16.16   0   4.4
16.18   0   4.4
16.2   0   4.4
16.22   0   4.4
16.24   0   4.4
16.26   0   4.4
16.28   0   4.4
16.3   0   4.4
16.32   0   4.4
16.34   0   4.4
16.36   0   4.4
16.38   0   4.4
16.4   0   4.4
16.42   0   4.4
16.44   0   4.4
16.46   0   4.4
16.48   0   4.4
16.5   0   4.4
16.52   0   4.4
16.54   0   4.4
16.56   0   4.4
16.58   0   4.4
16.6   0   4.4
16.62   0   4.4
16.64   0   4.4
16.66   0   4.4
16.68   0   4.4
16.7   0   4.4
16.72   0   4.4
16.74   0   4.4
16.76   0   4.4
16.78   0   4.4
16.8   0   4.4
16.82   0   4.4
16.84   0   4.4
16.86   0   4.4
16.88   0   4.4
16.9   0   4.4
16.92   0   4.4
16.94   0   4.4
16.96   0   4.4
16.98   0   4.4
17   0   4.4
17.02   0   4.4
17.04   0   4.4
17.06   0   4.4
17.08   0   4.4
17.1   0   4.4
17.12   0   4.4
17.14   0   4.4
17.16   0   4.4
17.18   0   4.4
17.2   0   4.4
17.22   0   4.4
17.24   0   4.4
17.26   0   4.4
17.28   0   4.4
17.3   0   4.4
17.32   0   4.4
17.34   0   4.4
17.36   9.94035   4.4
17.38   10.2194   4.4
17.4   10.5103   4.4
17.42   10.8139   4.4
17.44   11.1308   4.4
17.46   11.4618   4.4
17.48   11.8078   4.4
17.5   12.1697   4.4
17.52   12.5485   4.4
17.54   12.9452   4.4
17.56   13.361   4.4
17.58   13.7972   4.4
17.6   14.2551   4.4
17.62   14.7362   4.4
17.64   15.242   4.4
17.66   15.7743   4.4
17.68   16.335   4.4
17.7   16.926   4.4
17.72   17.5497   4.4
17.74   18.2085   4.4
17.76   18.9051   4.4
17.78   19.6424   4.43198
17.8   20.4237   4.51926
17.82   21.2525   4.61004
17.84   22.1327   4.70454
17.86   23.0687   4.80299
17.88   24.0653   4.90564
17.9   25.1278   5.01276
17.92   26.2622   5.12467
17.94   27.4751   5.24167
17.96   28.7739   5.36413
17.98   30.167   5.49245
18   31.6635   5.62704
18.02   33.2741   5.76837
18.04   35.0106   5.91698
18.06   36.8865   6.07342
18.08   38.917   6.23835
18.1   41.1196   6.41246
18.12   43.5143   6.59654
18.14   46.1241   6.79147
18.16   48.9754   6.99824
18.18   52.0989   7.21796
18.2   55.5303   7.45187
18.22   59.3114   7.70139
18.24   63.4912   7.96814
18.26   68.1276   8.25394
18.28   73.2895   8.56093
18.3   79.059   8.89151
18.32   85.5351   9.24852
18.34   92.8376   9.63523
18.36   101.113   10.0555
18.38   110.54   10.5138
18.4   121.343   11.0156
18.42   133.802   11.5673
18.44   148.27   12.1766
18.46   165.2   12.853
18.48   185.181   13.6081
18.5   208.984   14.4563
18.52   237.639   15.4156
18.54   272.545   16.5089
18.56   315.631   17.766
18.58   369.623   19.2256
18.6   438.461   20.9395
18.62   528.019   22.9787
18.64   647.482   25.4457
18.66   812.402   28.5027
18.68   1051.96   32.4339
18.7   1424.36   37.7406
18.72   2040.34   45.1701
18.74   3079.18   55.4903
18.76   4756.98   68.9709
18.78   7146.85   84.539
18.8   9551.97   97.7342
18.82   10000   100
18.84   7979.48   89.328
18.86   5444.52   73.787
18.88   3533.39   59.4423
18.9   2316.32   48.1281
18.92   1590   39.8748
18.94   1156.27   34.004
18.96   883.376   29.7216
18.98   699.286   26.444
19   570.072   23.8762
19.02   472.573   21.7387
19.04   398.239   19.9559
19.06   340.356   18.4487
19.08   294.473   17.1602
19.1   257.541   16.0481
19.12   227.413   15.0802
19.14   202.547   14.2319
19.16   181.812   13.4838
19.18   164.365   12.8205
19.2   149.57   12.2299
19.22   136.935   11.7019
19.24   126.08   11.2286
19.26   116.707   10.8031
19.28   108.578   10.4201
19.3   101.502   10.0748
19.32   95.3264   9.76352
19.34   89.9255   9.48291
19.36   85.1976   9.23025
19.38   81.0584   9.00324
19.4   77.4387   8.79992
19.42   74.2811   8.61865
19.44   71.5382   8.45803
19.46   69.1708   8.3169
19.48   67.1468   8.19431
19.5   65.4397   8.08948
19.52   64.0285   8.00178
19.54   62.8968   7.93075
19.56   62.0322   7.87605
19.58   61.426   7.83747
19.6   61.0734   7.81495
19.62   60.9729   7.80852
19.64   61.1267   7.81836
19.66   61.5404   7.84477
19.68   62.2237   7.8882
19.7   63.1904   7.94924
19.72   64.4591   8.02864
19.74   66.0536   8.12734
19.76   68.0043   8.24647
19.78   70.3487   8.38741
19.8   73.1336   8.55182
19.82   76.4167   8.74166
19.84   80.2693   8.95931
19.86   84.7798   9.2076
19.88   90.0585   9.48992
19.9   96.2436   9.81038
19.92   103.51   10.174
19.94   112.079   10.5868
19.96   122.241   11.0563
19.98   134.369   11.5918
20   149.023   12.2075
20.02   166.75   12.9132
20.04   188.529   13.7306
20.06   215.64   14.6847
20.08   249.918   15.8088
20.1   294.065   17.1483
20.12   352.231   18.7678
20.14   431.268   20.767
20.16   543.694   23.3173
20.18   714.224   26.725
20.2   990.68   31.4751
20.22   1453.75   38.128
20.24   2208.84   46.9983
20.26   3321.91   57.636
20.28   4574.04   67.6316
20.3   5087.04   71.3235
20.32   4331.28   65.8124
20.34   3141.62   56.0502
20.36   2234.73   47.2729
20.38   1742.31   41.741
20.4   1620.78   40.2589
20.42   1816.63   42.622
20.44   2249.43   47.4282
20.46   2636.66   51.3484
20.48   2500.11   50.0011
20.5   1908.29   43.684
20.52   1314.19   36.2518
20.54   890.126   29.835
20.56   621.419   24.9283
20.58   457.037   21.3784
20.6   353.89   18.812
20.62   284.942   16.8802
20.64   235.743   15.3539
20.66   198.907   14.1034
20.68   170.421   13.0545
20.7   147.869   12.1601
20.72   129.675   11.3875
20.74   114.764   10.7128
20.76   102.374   10.118
20.78   91.9572   9.58943
20.8   83.108   9.11636
20.82   75.5217   8.69032
20.84   68.9655   8.30455
20.86   63.2587   7.95353
20.88   58.2596   7.6328
20.9   53.8553   7.33862
20.92   49.9554   7.06791
20.94   46.4864   6.8181
20.96   43.3885   6.587
20.98   40.6125   6.37279
21   38.1175   6.17394
21.02   35.87   5.98916
21.04   33.842   5.81738
21.06   32.0103   5.65776
21.08   30.3561   5.50964
21.1   28.8643   5.37255
21.12   27.5232   5.24626
21.14   26.3248   5.13077
21.16   25.2646   5.02639
21.18   24.3425   4.93381
21.2   23.5637   4.85425
21.22   22.9409   4.78967
21.24   22.4973   4.74313
21.26   22.2728   4.71941
21.28   22.3376   4.72627
21.3   22.8227   4.77732
21.32   23.9911   4.89807
21.34   26.3651   5.13469
21.36   30.8634   5.55549
21.38   38.7679   6.22639
21.4   51.1288   7.15044
21.42   66.3293   8.14428
21.44   74.9773   8.65894
21.46   67.2801   8.20244
21.48   51.2381   7.15808
21.5   37.3187   6.1089
21.52   27.8755   5.27973
21.54   22.0006   4.69048
21.56   18.384   4.4
21.58   16.0448   4.4
21.6   14.4094   4.4
21.62   13.1834   4.4
21.64   12.2173   4.4
21.66   11.4291   4.4
21.68   10.7687   4.4
21.7   10.2033   4.4
21.72   9.71067   4.4
21.74   9.27491   4.4
21.76   4.11993   4.4
21.78   3.89442   4.4
21.8   3.69469   4.4
21.82   3.51616   4.4
21.84   3.35527   4.4
21.86   3.20926   4.4
21.88   3.07591   4.4
21.9   2.95345   4.4
21.92   2.84044   4.4
21.94   2.73571   4.4
21.96   0.472417   4.4
21.98   0.438282   4.4
22   0.407708   4.4
22.02   0.380217   4.4
22.04   0.35541   4.4
22.06   0.332949   4.4
22.08   0.312548   4.4
22.1   0.293963   4.4
22.12   0.276984   4.4
22.14   0.261433   4.4
22.16   0.247153   4.4
22.18   0.234011   4.4
22.2   0.221888   4.4
22.22   0.210682   4.4
22.24   0.200303   4.4
22.26   0.190672   4.4
22.28   0.181718   4.4
22.3   0.17338   4.4
22.32   0.165602   4.4
22.34   0.158336   4.4
22.36   0.151537   4.4
22.38   0.145166   4.4
22.4   0.139188   4.4
22.42   0.133572   4.4
22.44   0.128289   4.4
22.46   0.123313   4.4
22.48   0.118621   4.4
22.5   0.114191   4.4
22.52   0.110005   4.4
22.54   0.106044   4.4
22.56   0.102294   4.4
22.58   0.0987388   4.4
22.6   0.0953658   4.4
22.62   0.0921626   4.4
22.64   0.089118   4.4
22.66   0.0862218   4.4
22.68   0.0834644   4.4
22.7   0.0808372   4.4
22.72   0.078332   4.4
22.74   0.0759414   4.4
22.76   0.0736586   4.4
22.78   0.0714771   4.4
22.8   0.0693911   4.4
22.82   0.067395   4.4
22.84   0.0654838   4.4
22.86   0.0636528   4.4
22.88   0.0618974   4.4
22.9   0   4.4
22.92   0   4.4
22.94   0   4.4
22.96   0   4.4
22.98   0   4.4
23   0   4.4
23.02   0   4.4
23.04   0   4.4
23.06   0   4.4
23.08   0   4.4
23.1   0   4.4
23.12   0   4.4
23.14   0   4.4
23.16   0   4.4
23.18   0   4.4
23.2   0   4.4
23.22   0   4.4
23.24   0   4.4
23.26   0   4.4
23.28   0   4.4
23.3   0   4.4
23.32   0   4.4
23.34   0   4.4
23.36   0   4.4
23.38   0   4.4
23.4   0   4.4
23.42   0   4.4
23.44   0   4.4
23.46   0   4.4
23.48   0   4.4
23.5   0   4.4
23.52   0   4.4
23.54   0   4.4
23.56   0   4.4
23.58   0   4.4
23.6   0   4.4
23.62   0   4.4
23.64   0   4.4
23.66   0   4.4
23.68   0   4.4
23.7   0   4.4
23.72   0   4.4
23.74   0   4.4
23.76   0   4.4
23.78   0   4.4
23.8   0   4.4
23.82   0   4.4
23.84   0   4.4
23.86   0   4.4
23.88   0   4.4
23.9   0   4.4
23.92   0   4.4
23.94   0   4.4
23.96   0   4.4
23.98   0   4.4
24   0   4.4
24.02   0   4.4
24.04   0   4.4
24.06   0   4.4
24.08   0   4.4
24.1   0   4.4
24.12   0   4.4
24.14   0   4.4
24.16   0   4.4
24.18   0   4.4
24.2   0   4.4
24.22   0   4.4
24.24   0   4.4
24.26   0   4.4
24.28   0   4.4
24.3   0   4.4
24.32   0   4.4
24.34   0   4.4
24.36   0   4.4
24.38   0   4.4
24.4   0   4.4
24.42   0   4.4
24.44   0   4.4
24.46   0   4.4
24.48   0   4.4
24.5   0   4.4
24.52   0   4.4
24.54   0   4.4
24.56   0   4.4
24.58   0   4.4
24.6   0   4.4
24.62   0   4.4
24.64   0   4.4
24.66   0   4.4
24.68   0   4.4
24.7   0   4.4
24.72   0   4.4
24.74   0   4.4
24.76   0   4.4
24.78   0   4.4
24.8   0   4.4
24.82   0   4.4
24.84   0   4.4
24.86   0   4.4
24.88   0   4.4
24.9   0   4.4
24.92   0   4.4
24.94   0   4.4
24.96   0   4.4
24.98   0   4.4
25   0   4.4
25.02   0   4.4
25.04   0   4.4
25.06   0   4.4
25.08   0   4.4
25.1   0   4.4
25.12   0   4.4
25.14   0   4.4
25.16   0   4.4
25.18   0   4.4
25.2   0   4.4
25.22   0   4.4
25.24   0   4.4
25.26   0   4.4
25.28   0   4.4
25.3   0   4.4
25.32   0   4.4
25.34   0   4.4
25.36   0   4.4
25.38   0   4.4
25.4   0   4.4
25.42   0   4.4
25.44   0   4.4
25.46   0   4.4
25.48   0   4.4
25.5   0   4.4
25.52   0   4.4
25.54   0   4.4
25.56   0   4.4
25.58   0   4.4
25.6   0.040684   4.4
25.62   0.0418231   4.4
25.64   0.0430108   4.4
25.66   0.0442497   4.4
25.68   0.045543   4.4
25.7   0.0468937   4.4
25.72   0.0483054   4.4
25.74   0.0497818   4.4
25.76   0.0513269   4.4
25.78   0.0529451   4.4
25.8   0.0546409   4.4
25.82   0.0564195   4.4
25.84   0.0582863   4.4
25.86   0.0602472   4.4
25.88   0.0623088   4.4
25.9   0.0644779   4.4
25.92   0.0667623   4.4
25.94   0.0691701   4.4
25.96   0.0717105   4.4
25.98   0.0743933   4.4
26   0.0772295   4.4
26.02   0.0802308   4.4
26.04   0.0834105   4.4
26.06   0.0867828   4.4
26.08   0.0903636   4.4
26.1   0.0941705   4.4
26.12   0.0982229   4.4
26.14   0.102542   4.4
26.16   0.107153   4.4
26.18   0.112081   4.4
26.2   0.117357   4.4
26.22   0.123014   4.4
26.24   0.129089   4.4
26.26   0.135625   4.4
26.28   0.14267   4.4
26.3   1.21325   4.4
26.32   1.25129   4.4
26.34   1.29129   4.4
26.36   1.33342   4.4
26.38   1.37783   4.4
26.4   2.54271   4.4
26.42   2.62331   4.4
26.44   2.70816   4.4
26.46   2.79759   4.4
26.48   2.89201   4.4
26.5   4.05124   4.4
26.52   4.18702   4.4
26.54   4.33058   4.4
26.56   4.48265   4.4
26.58   4.64408   4.4
26.6   4.81584   4.4
26.62   4.99906   4.4
26.64   5.19511   4.4
26.66   5.40558   4.4
26.68   5.63241   4.4
26.7   5.87799   4.4
26.72   6.14527   4.4
26.74   6.43798   4.4
26.76   6.76093   4.4
26.78   7.12038   4.4
26.8   7.52477   4.4
26.82   7.98563   4.4
26.84   8.51923   4.4
26.86   9.14924   4.4
26.88   9.9117   4.4
26.9   10.8659   4.4
26.92   12.1198   4.4
26.94   13.8865   4.4
26.96   16.577   4.4
26.98   20.8809   4.56956
27   27.6893   5.26207
27.02   37.5281   6.12601
27.04   48.4134   6.95797
27.06   52.8493   7.26975
27.08   46.4643   6.81647
27.1   36.5255   6.04363
27.12   28.8093   5.36743
27.14   24.1033   4.90952
27.16   21.6517   4.65314
27.18   20.6123   4.54008
27.2   20.4014   4.51679
27.22   20.6971   4.5494
27.24   21.345   4.62007
27.26   22.2758   4.71973
27.28   23.4613   4.84368
27.3   24.8957   4.98956
27.32   26.5887   5.15643
27.34   28.5629   5.34443
27.36   30.8528   5.55453
27.38   33.5063   5.78847
27.4   36.5874   6.04875
27.42   40.1794   6.33872
27.44   44.3917   6.66271
27.46   49.3685   7.02627
27.48   55.3019   7.43653
27.5   62.4524   7.90268
27.52   71.1789   8.43676
27.54   81.9883   9.05474
27.56   95.6162   9.77836
27.58   113.178   10.6385
27.6   136.493   11.683
27.62   168.834   12.9936
27.64   216.537   14.7152
27.66   291.55   17.0748
27.68   413.428   20.3329
27.7   606.786   24.633
27.72   884.549   29.7414
27.74   1186.75   34.4492
27.76   1316.09   36.278
27.78   1206.05   34.7282
27.8   1084.07   32.9253
27.82   1113.51   33.3694
27.84   1317.5   36.2973
27.86   1585.99   39.8245
27.88   1687.6   41.0804
27.9   1626.56   40.3306
27.92   1590.29   39.8784
27.94   1503.61   38.7764
27.96   1216.21   34.8742
27.98   862.223   29.3636
28   585.584   24.1988
28.02   403.008   20.0751
28.04   289.341   17.01
28.06   218.476   14.7809
28.08   172.207   13.1228
28.1   140.031   11.8335
28.12   116.432   10.7904
28.14   98.4707   9.92324
28.16   84.4396   9.1891
28.18   73.2562   8.55898
28.2   64.1916   8.01196
28.22   56.7375   7.53243
28.24   50.5303   7.10847
28.26   45.3038   6.73081
28.28   40.8599   6.39217
28.3   37.0481   6.08671
28.32   33.7529   5.80972
28.34   30.8841   5.55734
28.36   28.3704   5.32639
28.38   26.1552   5.11422
28.4   24.1925   4.91859
28.42   22.445   4.73762
28.44   20.8822   4.5697
28.46   19.4787   4.41346
28.48   18.2133   4.4
28.5   17.0685   4.4
28.52   15.9888   4.4
28.54   15.0435   4.4
28.56   14.1802   4.4
28.58   13.3897   4.4
28.6   12.6638   4.4
28.62   11.9958   4.4
28.64   11.3797   4.4
28.66   10.81   4.4
28.68   10.2824   4.4
28.7   9.79263   4.4
28.72   9.33723   4.4
28.74   8.91303   4.4
28.76   8.51724   4.4
28.78   8.14735   4.4
28.8   7.80115   4.4
28.82   7.47665   4.4
28.84   7.17207   4.4
28.86   6.8858   4.4
28.88   6.6164   4.4
28.9   6.36256   4.4
28.92   6.12311   4.4
28.94   5.89697   4.4
28.96   5.68317   4.4
28.98   5.48083   4.4
29   5.28914   4.4
29.02   5.10737   4.4
29.04   4.93483   4.4
29.06   4.77092   4.4
29.08   4.61506   4.4
29.1   4.46673   4.4
29.12   4.32547   4.4
29.14   4.19081   4.4
29.16   4.06237   4.4
29.18   3.93975   4.4
29.2   3.82262   4.4
29.22   2.6629   4.4
29.24   2.58378   4.4
29.26   2.50813   4.4
29.28   2.43576   4.4
29.3   2.36648   4.4
29.32   2.30011   4.4
29.34   2.2365   4.4
29.36   1.08768   4.4
29.38   1.05772   4.4
29.4   0   4.4
29.42   0   4.4
29.44   0   4.4
29.46   0   4.4
29.48   0   4.4
29.5   0   4.4
29.52   0   4.4
29.54   0   4.4
29.56   0   4.4
29.58   0   4.4
29.6   0   4.4
29.62   0   4.4
29.64   0   4.4
29.66   0   4.4
29.68   0   4.4
29.7   0   4.4
29.72   0   4.4
29.74   0   4.4
29.76   0   4.4
29.78   0   4.4
29.8   0   4.4
29.82   0   4.4
29.84   0   4.4
29.86   0   4.4
29.88   0   4.4
29.9   0   4.4
29.92   0   4.4
29.94   0   4.4
29.96   0   4.4
29.98   0   4.4
30   0   4.4
30.02   0   4.4
30.04   0   4.4
30.06   0   4.4
30.08   0   4.4
30.1   0   4.4
30.12   0   4.4
30.14   0   4.4
30.16   0   4.4
30.18   0   4.4
30.2   0   4.4
30.22   0   4.4
30.24   0   4.4
30.26   0   4.4
30.28   0   4.4
30.3   0   4.4
30.32   0   4.4
30.34   0   4.4
30.36   0   4.4
30.38   0   4.4
30.4   0   4.4
30.42   0   4.4
30.44   0   4.4
30.46   0   4.4
30.48   0   4.4
30.5   0   4.4
30.52   0   4.4
30.54   0   4.4
30.56   0   4.4
30.58   0   4.4
30.6   0   4.4
30.62   0   4.4
30.64   0   4.4
30.66   0   4.4
30.68   0   4.4
30.7   0   4.4
30.72   0   4.4
30.74   0   4.4
30.76   0   4.4
30.78   0   4.4
30.8   0   4.4
30.82   0   4.4
30.84   0   4.4
30.86   0   4.4
30.88   0   4.4
30.9   0   4.4
30.92   0   4.4
30.94   0   4.4
30.96   0   4.4
30.98   0   4.4
31   0   4.4
31.02   0   4.4
31.04   0   4.4
31.06   0   4.4
31.08   0   4.4
31.1   0   4.4
31.12   0   4.4
31.14   0   4.4
31.16   0   4.4
31.18   0   4.4
31.2   0   4.4
31.22   0   4.4
31.24   0   4.4
31.26   0   4.4
31.28   0   4.4
31.3   0   4.4
31.32   0   4.4
31.34   0   4.4
31.36   0   4.4
31.38   0   4.4
31.4   0   4.4
31.42   0   4.4
31.44   0   4.4
31.46   0   4.4
31.48   0   4.4
31.5   0   4.4
31.52   0   4.4
31.54   0   4.4
31.56   0   4.4
31.58   0   4.4
31.6   0   4.4
31.62   0   4.4
31.64   0   4.4
31.66   0.347171   4.4
31.68   0.356922   4.4
31.7   0.367088   4.4
31.72   0.377696   4.4
31.74   0.428481   4.4
31.76   0.44115   4.4
31.78   0.454389   4.4
31.8   0.468233   4.4
31.82   0.48272   4.4
31.84   0.497889   4.4
31.86   0.513785   4.4
31.88   0.530454   4.4
31.9   0.547948   4.4
31.92   0.566322   4.4
31.94   0.585635   4.4
31.96   0.605953   4.4
31.98   0.627348   4.4
32   0.649895   4.4
32.02   0.67368   4.4
32.04   0.698796   4.4
32.06   0.725341   4.4
32.08   0.753429   4.4
32.1   0.78318   4.4
32.12   0.814728   4.4
32.14   0.848221   4.4
32.16   0.883823   4.4
32.18   0.921713   4.4
32.2   0.962093   4.4
32.22   1.00518   4.4
32.24   1.05124   4.4
32.26   1.10053   4.4
32.28   1.15337   4.4
32.3   1.2101   4.4
32.32   1.27113   4.4
32.34   1.33689   4.4
32.36   1.40788   4.4
32.38   1.48469   4.4
32.4   1.56795   4.4
32.42   1.65841   4.4
32.44   1.75693   4.4
32.46   1.86448   4.4
32.48   1.98222   4.4
32.5   2.11147   4.4
32.52   2.25377   4.4
32.54   2.41094   4.4
32.56   2.58512   4.4
32.58   2.77887   4.4
32.6   2.99521   4.4
32.62   3.23779   4.4
32.64   3.51103   4.4
32.66   3.82032   4.4
32.68   4.17225   4.4
32.7   4.57503   4.4
32.72   5.03891   4.4
32.74   5.57685   4.4
32.76   6.20543   4.4
32.78   6.9461   4.4
32.8   7.82701   4.4
32.82   8.88568   4.4
32.84   10.1729   4.4
32.86   11.7588   4.4
32.88   13.7421   4.4
32.9   16.2656   4.4
32.92   19.5417   4.42059
32.94   23.9023   4.889
32.96   29.9099   5.469
32.98   38.6195   6.21446
33   52.1294   7.22007
33.02   74.4106   8.62616
33.04   111.84   10.5754
33.06   172.006   13.1151
33.08   257.137   16.0355
33.1   341.564   18.4814
33.12   356.327   18.8766
33.14   288.25   16.9779
33.16   207.47   14.4038
33.18   151.783   12.32
33.2   119.403   10.9272
33.22   94.9026   9.7418
33.24   71.0081   8.42663
33.26   51.4508   7.17292
33.28   37.6697   6.13756
33.3   28.451   5.33395
33.32   22.2926   4.72151
33.34   18.0452   4.4
33.36   14.974   4.4
33.38   12.6551   4.4
33.4   10.8477   4.4
33.42   9.40668   4.4
33.44   8.23764   4.4
33.46   7.27548   4.4
33.48   6.47372   4.4
33.5   5.79834   4.4
33.52   5.22394   4.4
33.54   4.73125   4.4
33.56   4.30538   4.4
33.58   3.93474   4.4
33.6   3.61012   4.4
33.62   3.3242   4.4
33.64   3.07102   4.4
33.66   2.84578   4.4
33.68   2.64448   4.4
33.7   2.46385   4.4
33.72   2.30114   4.4
33.74   2.15406   4.4
33.76   2.02066   4.4
33.78   1.8993   4.4
33.8   1.78856   4.4
33.82   1.68724   4.4
33.84   1.59431   4.4
33.86   1.50885   4.4
33.88   1.43009   4.4
33.9   1.35734   4.4
33.92   1.29001   4.4
33.94   1.22757   4.4
33.96   1.16956   4.4
33.98   1.12644   4.4
34   1.07641   4.4
34.02   1.02973   4.4
34.04   0.986102   4.4
34.06   0.945279   4.4
34.08   0.907027   4.4
34.1   0.87114   4.4
34.12   0.837433   4.4
34.14   0.805738   4.4
34.16   0.775904   4.4
34.18   0.747793   4.4
34.2   0.721281   4.4
34.22   0.696257   4.4
34.24   0.672617   4.4
34.26   0.650268   4.4
34.28   0.629126   4.4
34.3   0.623409   4.4
34.32   0.604859   4.4
34.34   0.58732   4.4
34.36   0.570734   4.4
34.38   0.555049   4.4
34.4   0.540217   4.4
34.42   0.526195   4.4
34.44   0.512942   4.4
34.46   0.500424   4.4
34.48   0.488608   4.4
34.5   0.477465   4.4
34.52   0.466971   4.4
34.54   0.457103   4.4
34.56   0.447841   4.4
34.58   0.43917   4.4
34.6   0.100102   4.4
34.62   0.101288   4.4
34.64   0.102694   4.4
34.66   0.104332   4.4
34.68   0.106219   4.4
34.7   0.0696532   4.4
34.72   0.0731114   4.4
34.74   0.0768409   4.4
34.76   0.0808717   4.4
34.78   0.0852377   4.4
34.8   0.0899783   4.4
34.82   0.0951387   4.4
34.84   0.100771   4.4
34.86   0.106937   4.4
34.88   0.113708   4.4
34.9   0.121168   4.4
34.92   0.129417   4.4
34.94   0.138573   4.4
34.96   0.148779   4.4
34.98   0.348408   4.4
35   0.366544   4.4
35.02   0.386595   4.4
35.04   0.408894   4.4
35.06   0.433857   4.4
35.08   0.462007   4.4
35.1   0.494014   4.4
35.12   0.530745   4.4
35.14   0.573342   4.4
35.16   0.623331   4.4
35.18   0.682799   4.4
35.2   0.754651   4.4
35.22   0.843036   4.4
35.24   0.954057   4.4
35.26   1.09709   4.4
35.28   1.28763   4.4
35.3   1.55405   4.4
35.32   1.95244   4.4
35.34   2.59138   4.4
35.36   3.65371   4.4
35.38   5.37733   4.4
35.4   7.90719   4.4
35.42   10.733   4.4
35.44   11.8713   4.4
35.46   10.1036   4.4
35.48   7.34496   4.4
35.5   5.17444   4.4
35.52   3.80629   4.4
35.54   3.05209   4.4
35.56   2.69403   4.4
35.58   2.5888   4.4
35.6   2.67596   4.4
35.62   2.96794   4.4
35.64   3.55611   4.4
35.66   4.63176   4.4
35.68   6.48012   4.4
35.7   9.36107   4.4
35.72   13.011   4.4
35.74   15.4552   4.4
35.76   14.1688   4.4
35.78   10.6263   4.4
35.8   7.42729   4.4
35.82   5.27048   4.4
35.84   3.97889   4.4
35.86   3.24632   4.4
35.88   2.83563   4.4
35.9   2.60605   4.4
35.92   2.4856   4.4
35.94   2.43908   4.4
35.96   2.44855   4.4
35.98   2.50462   4.4
36   2.60277   4.4
36.02   2.74184   4.4
36.04   2.92329   4.4
36.06   3.15104   4.4
36.08   3.43155   4.4
36.1   3.77424   4.4
36.12   4.19226   4.4
36.14   4.70377   4.4
36.16   5.33379   4.4
36.18   6.11722   4.4
36.2   7.10353   4.4
36.22   8.36426   4.4
36.24   10.0059   4.4
36.26   12.1941   4.4
36.28   15.2068   4.4
36.3   19.56   4.42267
36.32   26.2812   5.12652
36.34   37.3468   6.1112
36.36   56.0273   7.48514
36.38   86.4356   9.29707
36.4   130.595   11.4278
36.42   177.708   13.3307
36.44   191.76   13.8478
36.46   156.733   12.5193
36.48   108.076   10.3959
36.5   70.286   8.38367
36.52   45.9457   6.77833
36.54   31.3681   5.60072
36.56   22.6897   4.76337
36.58   17.2694   4.4
36.6   13.6412   4.4
36.62   11.0665   4.4
36.64   9.16593   4.4
36.66   7.72493   4.4
36.68   6.61072   4.4
36.7   5.73622   4.4
36.72   5.49736   4.4
36.74   4.95738   4.4
36.76   4.53127   4.4
36.78   4.20132   4.4
36.8   3.95811   4.4
36.82   3.80142   4.4
36.84   3.74525   4.4
36.86   3.82907   4.4
36.88   4.13367   4.4
36.9   4.7761   4.4
36.92   5.91598   4.4
36.94   7.5165   4.4
36.96   8.87016   4.4
36.98   8.61354   4.4
37   6.94829   4.4
37.02   5.23662   4.4
37.04   4.01123   4.4
37.06   3.2383   4.4
37.08   2.77073   4.4
37.1   2.48288   4.4
37.12   2.29587   4.4
37.14   2.16781   4.4
37.16   2.07759   4.4
37.18   2.01397   4.4
37.2   1.97033   4.4
37.22   1.92879   4.4
37.24   1.91425   4.4
37.26   1.91078   4.4
37.28   1.91712   4.4
37.3   1.93244   4.4
37.32   1.95622   4.4
37.34   1.98817   4.4
37.36   2.02821   4.4
37.38   2.07642   4.4
37.4   2.13304   4.4
37.42   2.19844   4.4
37.44   2.27312   4.4
37.46   2.35776   4.4
37.48   2.45316   4.4
37.5   2.56033   4.4
37.52   2.68045   4.4
37.54   2.81495   4.4
37.56   2.96552   4.4
37.58   3.13418   4.4
37.6   3.32333   4.4
37.62   3.53585   4.4
37.64   3.77517   4.4
37.66   4.04546   4.4
37.68   4.35175   4.4
37.7   4.70019   4.4
37.72   5.09833   4.4
37.74   5.55557   4.4
37.76   6.0836   4.4
37.78   6.69725   4.4
37.8   7.41542   4.4
37.82   8.26253   4.4
37.84   9.27056   4.4
37.86   10.482   4.4
37.88   11.9542   4.4
37.9   13.5802   4.4
37.92   15.8471   4.4
37.94   18.7227   4.4
37.96   22.4414   4.73724
37.98   27.3636   5.23103
38   34.0841   5.83816
38.02   43.6872   6.60963
38.04   58.3179   7.63662
38.06   82.1639   9.06443
38.08   122.399   11.0634
38.1   188.632   13.7343
38.12   287.59   16.9585
38.14   402.291   20.0572
38.16   456.285   21.3608
38.18   389.839   19.7443
38.2   274.314   16.5624
38.22   179.162   13.3851
38.24   116.524   10.7946
38.26   78.713   8.87204
38.28   56.276   7.50173
38.3   42.4129   6.51252
38.32   33.2381   5.76525
38.34   26.7766   5.17461
38.36   22.0243   4.69301
38.38   18.4236   4.4
38.4   15.6329   4.4
38.42   13.4289   4.4
38.44   11.6597   4.4
38.46   10.2128   4.4
38.48   9.02538   4.4
38.5   8.03554   4.4
38.52   7.20222   4.4
38.54   6.49449   4.4
38.56   5.88864   4.4
38.58   5.36633   4.4
38.6   4.91315   4.4
38.62   4.51768   4.4
38.64   4.1708   4.4
38.66   3.8651   4.4
38.68   3.59458   4.4
38.7   3.35431   4.4
38.72   3.14021   4.4
38.74   2.94889   4.4
38.76   2.77753   4.4
38.78   2.62376   4.4
38.8   2.48558   4.4
38.82   2.36131   4.4
38.84   2.24952   4.4
38.86   2.14901   4.4
38.88   2.36754   4.4
38.9   2.29535   4.4
38.92   2.23224   4.4
38.94   2.17763   4.4
38.96   2.13109   4.4
38.98   2.09229   4.4
39   2.06099   4.4
39.02   2.03706   4.4
39.04   2.02049   4.4
39.06   5.34567   4.4
39.08   5.43857   4.4
39.1   5.54353   4.4
39.12   5.66128   4.4
39.14   5.79276   4.4
39.16   5.93915   4.4
39.18   12.1877   4.4
39.2   12.5374   4.4
39.22   12.9147   4.4
39.24   13.323   4.4
39.26   13.7666   4.4
39.28   14.6603   4.4
39.3   15.2033   4.4
39.32   15.8032   4.4
39.34   16.4722   4.4
39.36   17.2271   4.4
39.38   18.0912   4.4
39.4   19.0987   4.4
39.42   20.3013   4.50569
39.44   21.783   4.66722
39.46   23.6951   4.86776
39.48   26.3346   5.13173
39.5   30.2811   5.50282
39.52   36.5323   6.04419
39.54   46.4398   6.81468
39.56   61.0013   7.81033
39.58   78.0479   8.83447
39.6   87.0925   9.33233
39.62   78.7464   8.87392
39.64   63.4882   7.96795
39.66   50.9819   7.14016
39.68   43.147   6.56864
39.7   38.945   6.2406
39.72   37.0437   6.08635
39.74   36.4769   6.03961
39.76   36.6941   6.05757
39.78   37.4213   6.1173
39.8   38.536   6.20774
39.82   39.9548   6.32098
39.84   41.6552   6.45409
39.86   43.6254   6.60495
39.88   45.867   6.77252
39.9   48.392   6.95644
39.92   51.2217   7.15693
39.94   54.3859   7.37468
39.96   57.9238   7.61077
39.98   61.8851   7.86671
40   66.3317   8.14443
40.02   71.3409   8.44635
40.04   77.0095   8.77551
40.06   83.4598   9.13563
40.08   90.8476   9.5314
40.1   99.3753   9.96872
40.12   109.31   10.4551
40.14   121.014   11.0006
40.16   134.997   11.6188
40.18   152.012   12.3293
40.2   173.292   13.164
40.22   201.023   14.1782
40.24   239.11   15.4632
40.26   293.871   17.1427
40.28   373.336   19.3219
40.3   482.985   21.9769
40.32   608.762   24.6731
40.34   696.74   26.3958
40.36   726.621   26.9559
40.38   771.129   27.7692
40.4   901.165   30.0194
40.42   1173.18   34.2517
40.44   1652.92   40.6561
40.46   2395.13   48.9401
40.48   3315.1   57.5769
40.5   3914.44   62.5655
40.52   3680.04   60.6633
40.54   3080.21   55.4996
40.56   2755.14   52.4894
40.58   2949.35   54.3079
40.6   3749.82   61.2358
40.62   5115.29   71.5212
40.64   6494.64   80.5893
40.66   6604.66   81.2691
40.68   5276.53   72.6398
40.7   3763.67   61.3487
40.72   2673.72   51.708
40.74   1940.65   44.0528
40.76   1405.3   37.4873
40.78   1024.58   32.009
40.8   767.58   27.7052
40.82   594.724   24.387
40.84   475.825   21.8134
40.86   391.089   19.776
40.88   328.254   18.1178
40.9   280.011   16.7335
40.92   241.976   15.5556
40.94   211.384   14.539
40.96   186.384   13.6522
40.98   165.679   12.8716
41   148.335   12.1793
41.02   133.66   11.5611
41.04   121.136   11.0062
41.06   110.308   10.5027
41.08   100.998   10.0498
41.1   92.9099   9.63898
41.12   85.8681   9.2665
41.14   79.7496   8.93026
41.16   74.4932   8.63094
41.18   70.1153   8.37349
41.2   66.7154   8.16795
41.22   64.4244   8.02648
41.24   63.1729   7.94814
41.26   61.9815   7.87283
41.28   58.8856   7.67369
41.3   54.0014   7.34857
41.32   49.2252   7.01606
41.34   45.3374   6.73331
41.36   42.2889   6.50299
41.38   39.8594   6.31343
41.4   37.8588   6.15295
41.42   36.1659   6.01381
41.44   34.7166   5.89208
41.46   33.4815   5.78632
41.48   32.4522   5.69668
41.5   31.6371   5.62469
41.52   31.0648   5.57358
41.54   30.7935   5.54919
41.56   30.9229   5.56084
41.58   31.6064   5.62195
41.6   33.0449   5.74847
41.62   35.3932   5.94922
41.64   38.8298   6.23136
41.66   44.2117   6.64919
41.68   52.3486   7.23523
41.7   61.2774   7.82799
41.72   64.6254   8.03899
41.74   60.9079   7.80435
41.76   57.5436   7.58575
41.78   60.1055   7.75277
41.8   71.3699   8.44807
41.82   94.7888   9.73595
41.84   130.959   11.4437
41.86   169.592   13.0228
41.88   179.19   13.3862
41.9   147.433   12.1422
41.92   105.153   10.2544
41.94   72.5426   8.5172
41.96   48.201   6.94269
41.98   35.5067   5.95875
42   27.8174   5.27422
42.02   22.8985   4.78524
42.04   19.5139   4.41745
42.06   17.0399   4.4
42.08   15.2173   4.4
42.1   13.7372   4.4
42.12   12.5464   4.4
42.14   5.62007   4.4
42.16   4.95943   4.4
42.18   4.41629   4.4
42.2   3.56136   4.4
42.22   3.29023   4.4
42.24   3.08364   4.4
42.26   2.82257   4.4
42.28   2.59917   4.4
42.3   2.40686   4.4
42.32   2.24048   4.4
42.34   2.09592   4.4
42.36   1.96988   4.4
42.38   1.85967   4.4
42.4   1.76312   4.4
42.42   1.67842   4.4
42.44   1.60411   4.4
42.46   1.53894   4.4
42.48   1.4819   4.4
42.5   1.43212   4.4
42.52   1.38889   4.4
42.54   1.35161   4.4
42.56   1.31978   4.4
42.58   1.29297   4.4
42.6   1.27086   4.4
42.62   1.25314   4.4
42.64   1.2396   4.4
42.66   1.23006   4.4
42.68   1.2244   4.4
42.7   1.22252   4.4
42.72   1.22437   4.4
42.74   1.22995   4.4
42.76   1.23026   4.4
42.78   1.24367   4.4
42.8   1.26101   4.4
42.82   1.28243   4.4
42.84   1.30814   4.4
42.86   1.33838   4.4
42.88   1.37347   4.4
42.9   1.41377   4.4
42.92   1.45973   4.4
42.94   1.51187   4.4
42.96   1.57083   4.4
42.98   1.63735   4.4
43   1.71232   4.4
43.02   1.79679   4.4
43.04   1.89202   4.4
43.06   1.99952   4.4
43.08   2.12113   4.4
43.1   2.25906   4.4
43.12   2.41387   4.4
43.14   2.5933   4.4
43.16   2.79929   4.4
43.18   3.03712   4.4
43.2   3.28157   4.4
43.22   3.60597   4.4
43.24   3.98888   4.4
43.26   4.44544   4.4
43.28   4.99626   4.4
43.3   5.66995   4.4
43.32   6.50745   4.4
43.34   7.41066   4.4
43.36   8.79817   4.4
43.38   10.6752   4.4
43.4   13.3628   4.4
43.42   17.474   4.4
43.44   24.0512   4.9042
43.46   34.5028   5.87391
43.48   49.8951   7.06365
43.5   68.1304   8.25412
43.52   78.9465   8.88519
43.54   74.2455   8.61658
43.56   64.7096   8.04423
43.58   62.0571   7.87763
43.6   71.2787   8.44267
43.62   95.5931   9.77717
43.64   136.601   11.6876
43.66   185.598   13.6234
43.68   208.711   14.4468
43.7   179.575   13.4006
43.72   127.634   11.2975
43.74   84.124   9.17191
43.76   55.2149   7.43067
43.78   37.6327   6.13455
43.8   27.1268   5.20834
43.82   20.5971   4.5384
43.84   16.2534   4.4
43.86   13.1787   4.4
43.88   10.9052   4.4
43.9   9.17283   4.4
43.92   7.82252   4.4
43.94   6.75   4.4
43.96   5.88419   4.4
43.98   5.17529   4.4
44   4.58758   4.4
44.02   4.09494   4.4
44.04   3.68109   4.4
44.06   3.32501   4.4
44.08   3.01848   4.4
44.1   2.75272   4.4
44.12   2.52078   4.4
44.14   2.31715   4.4
44.16   2.13741   4.4
44.18   1.97794   4.4
44.2   1.97293   4.4
44.22   1.84959   4.4
44.24   1.7393   4.4
44.26   1.6404   4.4
44.28   1.55147   4.4
44.3   1.47133   4.4
44.32   1.39897   4.4
44.34   1.47588   4.4
44.36   1.42061   4.4
44.38   1.37106   4.4
44.4   1.3267   4.4
44.42   1.28706   4.4
44.44   1.25175   4.4
44.46   1.22043   4.4
44.48   1.1928   4.4
44.5   1.16862   4.4
44.52   1.14767   4.4
44.54   1.12977   4.4
44.56   1.11476   4.4
44.58   1.24043   4.4
44.6   1.2347   4.4
44.62   1.23172   4.4
44.64   1.23144   4.4
44.66   1.23384   4.4
44.68   1.2389   4.4
44.7   1.24665   4.4
44.72   1.25711   4.4
44.74   1.27035   4.4
44.76   1.28642   4.4
44.78   1.30543   4.4
44.8   1.32751   4.4
44.82   1.35279   4.4
44.84   1.38146   4.4
44.86   1.41371   4.4
44.88   1.4498   4.4
44.9   1.49   4.4
44.92   1.53464   4.4
44.94   1.5841   4.4
44.96   1.63881   4.4
44.98   1.63776   4.4
45   1.70623   4.4
45.02   1.78167   4.4
45.04   1.86488   4.4
45.06   1.95679   4.4
45.08   2.05851   4.4
45.1   2.17133   4.4
45.12   2.29681   4.4
45.14   2.33971   4.4
45.16   2.40026   4.4
45.18   2.58149   4.4
45.2   2.78525   4.4
45.22   3.01567   4.4
45.24   3.27788   4.4
45.26   3.57844   4.4
45.28   3.9258   4.4
45.3   4.33113   4.4
45.32   4.80967   4.4
45.34   5.38339   4.4
45.36   6.0862   4.4
45.38   6.97277   4.4
45.4   8.12839   4.4
45.42   9.67082   4.4
45.44   11.7236   4.4
45.46   14.2916   4.4
45.48   17.0313   4.4
45.5   19.7936   4.449
45.52   23.6418   4.86228
45.54   30.2458   5.49962
45.56   41.7449   6.46103
45.58   60.9794   7.80893
45.6   90.4275   9.50934
45.62   127.212   11.2788
45.64   151.731   12.3179
45.66   141.2   11.8828
45.68   112.296   10.597
45.7   90.8681   9.53248
45.72   85.549   9.24927
45.74   97.5864   9.87858
45.76   124.962   11.1786
45.78   154.953   12.448
45.8   157.831   12.5631
45.82   126.919   11.2658
45.84   90.289   9.50205
45.86   63.5447   7.97149
45.88   47.3043   6.87781
45.9   38.8983   6.23685
45.92   35.9468   5.99557
45.94   37.5205   6.1254
45.96   44.3659   6.66077
45.98   58.6964   7.66136
46   83.1952   9.12114
46.02   117.384   10.8344
46.04   146.915   12.1209
46.06   143.294   11.9706
46.08   109.719   10.4747
46.1   74.6129   8.63787
46.12   49.4574   7.0326
46.14   33.6677   5.80238
46.16   24.1919   4.91853
46.18   18.3992   4.4
46.2   14.6307   4.4
46.22   12.004   4.4
46.24   10.0751   4.4
46.26   8.60766   4.4
46.28   7.53663   4.4
46.3   6.62703   4.4
46.32   5.89083   4.4
46.34   5.28629   4.4
46.36   4.78371   4.4
46.38   4.36142   4.4
46.4   4.00336   4.4
46.42   3.69742   4.4
46.44   3.4343   4.4
46.46   3.2068   4.4
46.48   3.00926   4.4
46.5   2.83719   4.4
46.52   2.687   4.4
46.54   2.55581   4.4
46.56   2.44128   4.4
46.58   2.3415   4.4
46.6   2.25495   4.4
46.62   2.18038   4.4
46.64   2.1168   4.4
46.66   2.06343   4.4
46.68   2.01967   4.4
46.7   1.9851   4.4
46.72   1.95944   4.4
46.74   1.94258   4.4
46.76   1.93453   4.4
46.78   1.93549   4.4
46.8   1.9458   4.4
46.82   1.96599   4.4
46.84   1.99682   4.4
46.86   2.03926   4.4
46.88   2.09464   4.4
46.9   2.16462   4.4
46.92   2.25135   4.4
46.94   2.35447   4.4
46.96   2.48383   4.4
46.98   2.64082   4.4
47   2.83146   4.4
47.02   3.06368   4.4
47.04   3.34813   4.4
47.06   3.69934   4.4
47.08   4.13745   4.4
47.1   4.69102   4.4
47.12   5.27085   4.4
47.14   6.20417   4.4
47.16   7.45555   4.4
47.18   9.19614   4.4
47.2   11.7535   4.4
47.22   15.7802   4.4
47.24   22.4825   4.74157
47.26   33.7094   5.80598
47.28   51.3139   7.16337
47.3   75.3121   8.67825
47.32   95.861   9.79086
47.34   93.887   9.68953
47.36   71.9087   8.4799
47.38   49.0807   7.00576
47.4   33.0843   5.75189
47.42   23.5894   4.85689
47.44   18.5952   4.4
47.46   16.1217   4.4
47.48   14.3476   4.4
47.5   12.4417   4.4
47.52   10.8725   4.4
47.54   9.86939   4.4
47.56   9.73868   4.4
47.58   10.3613   4.4
47.6   11.9176   4.4
47.62   14.9147   4.4
47.64   20.3518   4.5113
47.66   29.7116   5.45084
47.68   44.3636   6.6606
47.7   63.0482   7.94029
47.72   75.7509   8.7035
47.74   69.2116   8.31935
47.76   50.6725   7.11846
47.78   33.7235   5.80719
47.8   22.1291   4.70415
47.82   15.0056   4.4
47.84   10.7627   4.4
47.86   8.1588   4.4
47.88   6.45046   4.4
47.9   5.25265   4.4
47.92   4.37129   4.4
47.94   3.70117   4.4
47.96   3.17905   4.4
47.98   2.76401   4.4
48   2.42839   4.4
48.02   2.15289   4.4
48.04   1.92376   4.4
48.06   1.73097   4.4
48.08   1.56708   4.4
48.1   1.42647   4.4
48.12   1.30483   4.4
48.14   1.25523   4.4
48.16   1.1638   4.4
48.18   1.08334   4.4
48.2   1.01218   4.4
48.22   0.951975   4.4
48.24   0.895639   4.4
48.26   0.845203   4.4
48.28   0.799905   4.4
48.3   0.759108   4.4
48.32   0.722275   4.4
48.34   0.688953   4.4
48.36   0.658759   4.4
48.38   0.631362   4.4
48.4   0.606483   4.4
48.42   0.587992   4.4
48.44   0.567571   4.4
48.46   0.549043   4.4
48.48   0.532255   4.4
48.5   0.517072   4.4
48.52   0.50338   4.4
48.54   0.49108   4.4
48.56   0.480088   4.4
48.58   0.470334   4.4
48.6   0.461756   4.4
48.62   0.454306   4.4
48.64   0.447944   4.4
48.66   0.442641   4.4
48.68   0.438376   4.4
48.7   0.435135   4.4
48.72   0.432916   4.4
48.74   0.431722   4.4
48.76   0.431568   4.4
48.78   0.432475   4.4
48.8   0.434477   4.4
48.82   0.347717   4.4
48.84   0.35441   4.4
48.86   0.362272   4.4
48.88   0.371389   4.4
48.9   0.381865   4.4
48.92   0.393821   4.4
48.94   0.40369   4.4
48.96   0.419164   4.4
48.98   0.436629   4.4
49   0.45632   4.4
49.02   0.478518   4.4
49.04   0.503554   4.4
49.06   0.531824   4.4
49.08   0.563805   4.4
49.1   0.600069   4.4
49.12   0.641311   4.4
49.14   0.688379   4.4
49.16   0.742318   4.4
49.18   0.804423   4.4
49.2   0.805587   4.4
49.22   0.891199   4.4
49.24   0.991204   4.4
49.26   1.109   4.4
49.28   1.24906   4.4
49.3   1.41733   4.4
49.32   1.62185   4.4
49.34   1.87372   4.4
49.36   2.18858   4.4
49.38   2.589   4.4
49.4   3.10851   4.4
49.42   3.7994   4.4
49.44   4.74978   4.4
49.46   6.12417   4.4
49.48   8.24983   4.4
49.5   11.7504   4.4
49.52   17.6411   4.4
49.54   27.1627   5.21178
49.56   40.801   6.38756
49.58   54.8147   7.4037
49.6   58.1488   7.62553
49.62   47.4932   6.89153
49.64   33.8502   5.8181
49.66   23.458   4.84335
49.68   16.2455   4.4
49.7   11.3532   4.4
49.72   8.21693   4.4
49.74   6.2471   4.4
49.76   5.00712   4.4
49.78   4.25011   4.4
49.8   3.86765   4.4
49.82   3.8471   4.4
49.84   4.22393   4.4
49.86   4.97088   4.4
49.88   5.68799   4.4
49.9   5.50629   4.4
49.92   4.40128   4.4
49.94   3.21933   4.4
49.96   2.34474   4.4
49.98   1.77083   4.4
50   1.40472   4.4
50.02   1.16358   4.4
50.04   0.993895   4.4
50.06   0.866507   4.4
50.08   0.766343   4.4
50.1   0.685145   4.4
50.12   0.617884   4.4
50.14   0.561227   4.4
50.16   0.512844   4.4
50.18   0.471053   4.4
50.2   0.434798   4.4
50.22   0.402752   4.4
50.24   0.374368   4.4
50.26   0.349071   4.4
50.28   0.3264   4.4
50.3   0.305983   4.4
50.32   0.287513   4.4
50.34   0.270739   4.4
50.36   0.26123   4.4
50.38   0.247411   4.4
50.4   0.234756   4.4
50.42   0.223136   4.4
50.44   0.212441   4.4
50.46   0.202577   4.4
50.48   0.19346   4.4
50.5   0.18502   4.4
50.52   0.177192   4.4
50.54   0.169922   4.4
50.56   0.163162   4.4
50.58   0.156867   4.4
50.6   0.151001   4.4
50.62   0.145528   4.4
50.64   0.14042   4.4
50.66   0.135648   4.4
50.68   0.13119   4.4
50.7   0.127023   4.4
50.72   0.12313   4.4
50.74   0.119491   4.4
50.76   0.116093   4.4
50.78   0.112922   4.4
50.8   0.109966   4.4
50.82   0.107215   4.4
50.84   0.104659   4.4
50.86   0.10229   4.4
50.88   0.100101   4.4
50.9   0.0980878   4.4
50.92   0.0962449   4.4
50.94   0.0945691   4.4
50.96   0.0930581   4.4
50.98   0.0917108   4.4
51   0.0905271   4.4
51.02   0.0895084   4.4
51.04   0.0886572   4.4
51.06   0.0879776   4.4
51.08   0.0335257   4.4
51.1   0.0346294   4.4
51.12   0.0358718   4.4
51.14   0.0343594   4.4
51.16   0.0360026   4.4
51.18   0.0378332   4.4
51.2   0.0398753   4.4
51.22   0.0421571   4.4
51.24   0.0447122   4.4
51.26   0.0475806   4.4
51.28   0.0508105   4.4
51.3   0.0544602   4.4
51.32   0.0586004   4.4
51.34   0.0633182   4.4
51.36   0.0687214   4.4
51.38   0.0709398   4.4
51.4   0.0782599   4.4
51.42   0.0867862   4.4
51.44   0.0968035   4.4
51.46   0.108689   4.4
51.48   0.420002   4.4
51.5   0.445764   4.4
51.52   0.476004   4.4
51.54   0.512356   4.4
51.56   0.557503   4.4
51.58   0.615839   4.4
51.6   0.693939   4.4
51.62   0.799983   4.4
51.64   0.939696   4.4
51.66   1.10362   4.4
51.68   1.27456   4.4
51.7   1.50384   4.4
51.72   2.91054   4.4
51.74   5.67473   4.4
51.76   6.89804   4.4
51.78   8.46331   4.4
51.8   9.62529   4.4
51.82   9.3089   4.4
51.84   7.99865   4.4
51.86   6.78449   4.4
51.88   5.99321   4.4
51.9   6.41175   4.4
51.92   6.24376   4.4
51.94   6.21572   4.4
51.96   6.26831   4.4
51.98   6.37099   4.4
52   6.50875   4.4
52.02   6.67387   4.4
52.04   6.86211   4.4
52.06   7.07107   4.4
52.08   7.2995   4.4
52.1   7.54693   4.4
52.12   7.81339   4.4
52.14   8.09937   4.4
52.16   8.40566   4.4
52.18   8.73335   4.4
52.2   9.08381   4.4
52.22   9.45867   4.4
52.24   9.85984   4.4
52.26   10.2895   4.4
52.28   10.7502   4.4
52.3   11.2448   4.4
52.32   11.7766   4.4
52.34   12.3493   4.4
52.36   12.9673   4.4
52.38   13.6355   4.4
52.4   14.3595   4.4
52.42   15.146   4.4
52.44   16.0026   4.4
52.46   16.9383   4.4
52.48   17.9637   4.4
52.5   19.0912   4.4
52.52   20.3359   4.50954
52.54   21.7158   4.66002
52.56   23.2529   4.82212
52.58   24.9743   4.99743
52.6   27.0919   5.20498
52.62   29.2973   5.41269
52.64   31.8187   5.64081
52.66   34.7283   5.89307
52.68   38.1224   6.17434
52.7   42.133   6.49099
52.72   46.9463   6.85174
52.74   52.8364   7.26886
52.76   60.2337   7.76104
52.78   69.8872   8.35985
52.8   83.2245   9.12275
52.82   102.987   10.1482
52.84   133.952   11.5738
52.86   182.377   13.5047
52.88   253.309   15.9157
52.9   337.636   18.3749
52.92   388.021   19.6983
52.94   361.801   19.0211
52.96   302.601   17.3954
52.98   259.417   16.1064
53   243.358   15.5999
53.02   252.101   15.8777
53.04   283.334   16.8325
53.06   339.557   18.4271
53.08   431.855   20.7811
53.1   585.232   24.1916
53.12   844.027   29.0521
53.14   1268.96   35.6225
53.16   1903.06   43.624
53.18   2649.49   51.4732
53.2   3118.64   55.8447
53.22   2912.92   53.9714
53.24   2236.48   47.2915
53.26   1605.85   40.0731
53.28   1227.11   35.0302
53.3   1093.53   33.0685
53.32   1129.26   33.6045
53.34   1171.25   34.2235
53.36   1032.6   32.1341
53.38   773.125   27.8051
53.4   542.495   23.2915
53.42   381.924   19.5429
53.44   279.195   16.7091
53.46   214.325   14.6398
53.48   171.756   13.1056
53.5   142.022   11.9173
53.52   120.058   10.9571
53.54   103.19   10.1582
53.56   89.8927   9.48118
53.58   79.2091   8.89995
53.6   70.4956   8.39617
53.62   63.3031   7.95632
53.64   57.3096   7.57031
53.66   52.2802   7.23051
53.68   48.0414   6.93119
53.7   44.4639   6.66813
53.72   41.4526   6.43837
53.74   38.9387   6.24009
53.76   36.8762   6.07258
53.78   35.2395   5.93629
53.8   34.0245   5.83306
53.82   33.2517   5.76643
53.84   32.9736   5.74227
53.86   33.2899   5.76974
53.88   34.3792   5.86337
53.9   36.5747   6.0477
53.92   40.5412   6.3672
53.94   47.6144   6.90032
53.96   60.2692   7.76333
53.98   81.9896   9.05481
54   116.308   10.7846
54.02   161.12   12.6933
54.04   194.249   13.9373
54.06   182.107   13.4947
54.08   138.269   11.7588
54.1   96.7698   9.83717
54.12   68.2784   8.26308
54.14   51.118   7.14969
54.16   41.5814   6.44837
54.18   36.8397   6.06957
54.2   35.5316   5.96084
54.22   37.6424   6.13534
54.24   44.1911   6.64764
54.26   56.619   7.52456
54.28   74.9022   8.6546
54.3   91.8188   9.58221
54.32   91.1758   9.5486
54.34   72.4315   8.51067
54.36   51.7903   7.19655
54.38   36.3741   6.0311
54.4   26.7181   5.16896
54.42   20.8137   4.5622
54.44   17.1248   4.4
54.46   14.6636   4.4
54.48   12.8986   4.4
54.5   11.5611   4.4
54.52   10.5088   4.4
54.54   9.65802   4.4
54.56   9.0375   4.4
54.58   8.44849   4.4
54.6   7.94589   4.4
54.62   7.51154   4.4
54.64   7.13215   4.4
54.66   6.79777   4.4
54.68   5.53092   4.4
54.7   3.32462   4.4
54.72   3.16258   4.4
54.74   3.02106   4.4
54.76   2.89733   4.4
54.78   2.78923   4.4
54.8   2.69506   4.4
54.82   1.80106   4.4
54.84   1.75251   4.4
54.86   1.71382   4.4
54.88   1.68444   4.4
54.9   1.66403   4.4
54.92   1.65243   4.4
54.94   1.64967   4.4
54.96   1.65596   4.4
54.98   1.67173   4.4
55   1.69766   4.4
55.02   1.73468   4.4
55.04   1.78634   4.4
55.06   1.84995   4.4
55.08   1.92999   4.4
55.1   2.02951   4.4
55.12   2.15257   4.4
55.14   2.30465   4.4
55.16   2.49321   4.4
55.18   2.72861   4.4
55.2   3.02549   4.4
55.22   3.40507   4.4
55.24   3.89911   4.4
55.26   4.55756   4.4
55.28   5.46609   4.4
55.3   6.78721   4.4
55.32   8.84472   4.4
55.34   12.2439   4.4
55.36   17.9321   4.4
55.38   26.977   5.19394
55.4   39.4544   6.28127
55.42   50.8847   7.13335
55.44   51.1541   7.15221
55.46   40.107   6.33301
55.48   27.8651   5.27874
55.5   19.0519   4.4
55.52   13.476   4.4
55.54   10.4354   4.4
55.56   8.82117   4.4
55.58   8.04988   4.4
55.6   7.83459   4.4
55.62   8.07426   4.4
55.64   8.7898   4.4
55.66   10.1327   4.4
55.68   12.4707   4.4
55.7   16.5269   4.4
55.72   23.4505   4.84257
55.74   34.5452   5.87751
55.76   49.9131   7.06492
55.78   64.1097   8.00686
55.8   64.746   8.04649
55.82   51.8234   7.19884
55.84   37.6977   6.13984
55.86   28.3711   5.32645
55.88   23.7133   4.86963
55.9   23.2457   4.82138
55.92   26.926   5.18903
55.94   35.6632   5.97187
55.96   50.6787   7.1189
55.98   70.8508   8.41729
56   85.9302   9.26985
56.02   80.2189   8.9565
56.04   59.6994   7.72654
56.06   40.1505   6.33644
56.08   26.5707   5.15467
56.1   18.1614   4.4
56.12   13.1363   4.4
56.14   10.2699   4.4
56.16   8.26198   4.4
56.18   6.86231   4.4
56.2   5.83959   4.4
56.22   5.06923   4.4
56.24   4.47695   4.4
56.26   4.01511   4.4
56.28   3.65198   4.4
56.3   3.62591   4.4
56.32   3.41042   4.4
56.34   3.24976   4.4
56.36   3.14133   4.4
56.38   3.09067   4.4
56.4   3.11614   4.4
56.42   3.25261   4.4
56.44   3.54615   4.4
56.46   4.01972   4.4
56.48   4.54745   4.4
56.5   4.70232   4.4
56.52   4.28048   4.4
56.54   3.69885   4.4
56.56   3.25476   4.4
56.58   2.98135   4.4
56.6   2.83487   4.4
56.62   2.76906   4.4
56.64   2.75228   4.4
56.66   2.76709   4.4
56.68   2.805   4.4
56.7   2.86199   4.4
56.72   2.93622   4.4
56.74   3.027   4.4
56.76   3.13443   4.4
56.78   3.25917   4.4
56.8   3.40241   4.4
56.82   3.56583   4.4
56.84   3.75164   4.4
56.86   3.96264   4.4
56.88   4.20235   4.4
56.9   4.47514   4.4
56.92   4.73901   4.4
56.94   5.09694   4.4
56.96   5.5088   4.4
56.98   5.98558   4.4
57   6.54142   4.4
57.02   7.1948   4.4
57.04   7.97021   4.4
57.06   8.90064   4.4
57.08   10.0314   4.4
57.1   11.4263   4.4
57.12   13.1769   4.4
57.14   15.4196   4.4
57.16   18.3683   4.4
57.18   22.3878   4.73158
57.2   28.1677   5.30733
57.22   37.2917   6.10669
57.24   51.8962   7.2039
57.26   76.1894   8.72865
57.28   114.631   10.7066
57.3   167.658   12.9483
57.32   216.376   14.7097
57.34   218.246   14.7732
57.36   172.7   13.1415
57.38   122.435   11.065
57.4   87.0383   9.32943
57.42   66.6349   8.16302
57.44   57.1998   7.56305
57.46   55.5786   7.45511
57.48   60.7955   7.79715
57.5   74.6385   8.63936
57.52   100.749   10.0374
57.54   143.073   11.9613
57.56   198.946   14.1048
57.58   241.591   15.5432
57.6   231.309   15.2089
57.62   186.156   13.6439
57.64   149.208   12.2151
57.66   137.051   11.7069
57.68   152.976   12.3683
57.7   196.294   14.0105
57.72   254.317   15.9473
57.74   281.253   16.7706
57.76   240.824   15.5185
57.78   172.159   13.121
57.8   115.371   10.7411
57.82   77.655   8.8122
57.84   54.5767   7.3876
57.86   40.6304   6.3742
57.88   31.8336   5.64213
57.9   26.14   5.11273
57.92   21.8895   4.67862
57.94   18.7173   4.4
57.96   16.2824   4.4
57.98   14.3795   4.4
58   12.8678   4.4
58.02   11.6527   4.4
58.04   10.6672   4.4
58.06   9.86361   4.4
58.08   9.20684   4.4
58.1   8.67111   4.4
58.12   8.45321   4.4
58.14   8.1129   4.4
58.16   7.84996   4.4
58.18   7.65691   4.4
58.2   7.53583   4.4
58.22   7.46998   4.4
58.24   7.46543   4.4
58.26   7.52339   4.4
58.28   7.64723   4.4
58.3   7.84275   4.4
58.32   8.16301   4.4
58.34   8.53327   4.4
58.36   9.01419   4.4
58.38   9.63019   4.4
58.4   10.4154   4.4
58.42   11.4179   4.4
58.44   12.7068   4.4
58.46   14.3838   4.4
58.48   16.6036   4.4
58.5   19.6159   4.42898
58.52   23.8641   4.88509
58.54   30.2116   5.4965
58.56   40.3654   6.35338
58.58   57.3746   7.5746
58.6   85.6416   9.25428
58.62   129.229   11.3679
58.64   184.577   13.5859
58.66   222.81   14.9268
58.68   205.997   14.3526
58.7   155.223   12.4589
58.72   108.378   10.4105
58.74   74.7048   8.64319
58.76   52.5955   7.25227
58.78   39.0349   6.24779
58.8   30.8636   5.5555
58.82   25.6474   5.06433
58.84   22.518   4.74532
58.86   20.5954   4.53821
58.88   19.5268   4.41892
58.9   19.1342   4.4
58.92   19.3418   4.4
58.94   20.1417   4.48796
58.96   21.5695   4.6443
58.98   23.6915   4.86739
59   26.7156   5.16871
59.02   31.1549   5.58166
59.04   37.9563   6.16087
59.06   48.7149   6.9796
59.08   67.064   8.18926
59.1   97.4707   9.87273
59.12   144.339   12.0141
59.14   204.285   14.2928
59.16   247.328   15.7267
59.18   232.031   15.2326
59.2   179.362   13.3926
59.22   133.067   11.5355
59.24   106.555   10.3225
59.26   99.9596   9.99798
59.28   112.783   10.6199
59.3   146.534   12.1051
59.32   200.975   14.1766
59.34   258.395   16.0747
59.36   269.836   16.4267
59.38   220.33   14.8435
59.4   157.967   12.5685
59.42   111.801   10.5736
59.44   84.2142   9.17683
59.46   70.8501   8.41725
59.48   68.0996   8.25225
59.5   75.2122   8.6725
59.52   94.4779   9.71997
59.54   129.811   11.3934
59.56   181.878   13.4862
59.58   233.018   15.2649
59.6   238.605   15.4468
59.62   192.162   13.8622
59.64   137.846   11.7408
59.66   97.4619   9.87228
59.68   71.6854   8.46673
59.7   57.9983   7.61566
59.72   53.867   7.33941
59.74   56.9807   7.54856
59.76   63.0834   7.94251
59.78   62.7615   7.92222
59.8   51.8136   7.19817
59.82   38.3145   6.18987
59.84   27.8133   5.27383
59.86   20.7864   4.55921
59.88   16.2862   4.4
59.9   13.3506   4.4
59.92   11.3203   4.4
59.94   9.82261   4.4
59.96   8.66259   4.4
59.98   7.73449   4.4
60   6.97498   4.4
60.02   6.34259   4.4
60.04   5.80863   4.4
60.06   5.35253   4.4
60.08   4.95918   4.4
60.1   4.61722   4.4
60.12   4.31798   4.4
60.14   3.85061   4.4
60.16   3.62348   4.4
60.18   3.42265   4.4
60.2   3.23648   4.4
60.22   3.07915   4.4
60.24   2.94001   4.4
60.26   2.81739   4.4
60.28   2.71001   4.4
60.3   2.61694   4.4
60.32   2.53755   4.4
60.34   2.47155   4.4
60.36   2.41897   4.4
60.38   2.38019   4.4
60.4   2.35603   4.4
60.42   2.34779   4.4
60.44   2.35714   4.4
60.46   2.38758   4.4
60.48   2.44282   4.4
60.5   2.52856   4.4
60.52   2.65296   4.4
60.54   2.82782   4.4
60.56   3.07054   4.4
60.58   3.40773   4.4
60.6   3.88236   4.4
60.62   4.57067   4.4
60.64   5.44389   4.4
60.66   7.1583   4.4
60.68   10.06   4.4
60.7   14.9231   4.4
60.72   22.4814   4.74145
60.74   32.196   5.67416
60.76   39.1183   6.25447
60.78   36.1991   6.01657
60.8   26.7431   5.17137
60.82   18.0123   4.4
60.84   11.7207   4.4
60.86   8.01551   4.4
60.88   5.82296   4.4
60.9   4.47346   4.4
60.92   3.57735   4.4
60.94   2.94824   4.4
60.96   2.49017   4.4
60.98   2.14726   4.4
61   1.88456   4.4
61.02   1.67917   4.4
61.04   1.51573   4.4
61.06   1.38379   4.4
61.08   1.06479   4.4
61.1   1.00528   4.4
61.12   0.930554   4.4
61.14   0.874983   4.4
61.16   0.829258   4.4
61.18   0.791721   4.4
61.2   0.761093   4.4
61.22   0.736375   4.4
61.24   0.703779   4.4
61.26   0.690732   4.4
61.28   0.681716   4.4
61.3   0.676367   4.4
61.32   0.674407   4.4
61.34   0.67563   4.4
61.36   0.699546   4.4
61.38   0.707327   4.4
61.4   0.767452   4.4
61.42   0.816542   4.4
61.44   0.835618   4.4
61.46   0.857918   4.4
61.48   0.883601   4.4
61.5   0.912879   4.4
61.52   0.946018   4.4
61.54   0.983352   4.4
61.56   1.02529   4.4
61.58   1.07232   4.4
61.6   1.12505   4.4
61.62   1.18419   4.4
61.64   1.25064   4.4
61.66   1.32545   4.4
61.68   1.40995   4.4
61.7   1.50575   4.4
61.72   1.61486   4.4
61.74   1.73983   4.4
61.76   1.88388   4.4
61.78   2.05115   4.4
61.8   2.24707   4.4
61.82   2.47885   4.4
61.84   2.75624   4.4
61.86   3.09272   4.4
61.88   3.50738   4.4
61.9   4.02813   4.4
61.92   4.69773   4.4
61.94   5.58708   4.4
61.96   6.82651   4.4
61.98   8.67144   4.4
62   11.6017   4.4
62.02   16.3872   4.4
62.04   23.9505   4.89393
62.06   34.5961   5.88184
62.08   45.349   6.73417
62.1   48.0221   6.9298
62.12   40.9066   6.39583
62.14   32.4865   5.6997
62.16   27.8281   5.27524
62.18   28.102   5.30113
62.2   33.9918   5.83025
62.22   46.5974   6.82623
62.24   66.2402   8.13881
62.26   87.4834   9.35325
62.28   93.2187   9.65498
62.3   76.3778   8.73944
62.32   53.63   7.32325
62.34   36.1491   6.01241
62.36   25.0321   5.00321
62.38   19.6043   4.42768
62.4   16.0338   4.4
62.42   14.1825   4.4
62.44   13.504   4.4
62.46   13.9087   4.4
62.48   15.6395   4.4
62.5   19.1332   4.4
62.52   24.6321   4.96307
62.54   30.8646   5.55559
62.56   33.3869   5.77814
62.58   30.0184   5.4789
62.6   25.3491   5.03479
62.62   23.0052   4.79637
62.64   24.0068   4.89967
62.66   28.643   5.35192
62.68   36.6162   6.05113
62.7   45.0511   6.71201
62.72   47.826   6.91564
62.74   45.3209   6.73208
62.76   44.5875   6.67739
62.78   48.5758   6.96963
62.8   55.2417   7.43248
62.82   63.2669   7.95405
62.84   75.8187   8.70739
62.86   90.1041   9.49232
62.88   93.4553   9.66723
62.9   80.2604   8.95882
62.92   59.2777   7.6992
62.94   41.0479   6.40686
62.96   29.2352   5.40696
62.98   21.6186   4.64958
63   17.0466   4.4
63.02   14.2336   4.4
63.04   12.4137   4.4
63.06   11.1826   4.4
63.08   10.3314   4.4
63.1   9.74489   4.4
63.12   9.35342   4.4
63.14   9.11242   4.4
63.16   8.99242   4.4
63.18   8.97387   4.4
63.2   9.04399   4.4
63.22   9.19489   4.4
63.24   9.42238   4.4
63.26   9.72526   4.4
63.28   10.1049   4.4
63.3   10.5652   4.4
63.32   11.1123   4.4
63.34   11.7551   4.4
63.36   12.5053   4.4
63.38   13.3784   4.4
63.4   14.3938   4.4
63.42   15.5767   4.4
63.44   16.9589   4.4
63.46   18.5817   4.4
63.48   20.4983   4.52751
63.5   22.7785   4.77268
63.52   25.5149   5.05123
63.54   28.8323   5.36957
63.56   32.9017   5.736
63.58   37.9224   6.15811
63.6   44.3154   6.65698
63.62   52.5403   7.24847
63.64   63.3588   7.95982
63.66   78.0049   8.83204
63.68   98.6804   9.9338
63.7   129.694   11.3883
63.72   179.552   13.3997
63.74   263.291   16.2262
63.76   402.662   20.0664
63.78   616.719   24.8338
63.8   884.728   29.7444
63.82   1058.85   32.5399
63.84   957.45   30.9427
63.86   694.834   26.3597
63.88   459.246   21.43
63.9   299.524   17.3068
63.92   202.134   14.2174
63.94   144.629   12.0262
63.96   109.732   10.4753
63.98   87.1946   9.3378
64   71.7354   8.46968
64.02   60.6805   7.78977
64.04   52.6482   7.25591
64.06   46.7679   6.8387
64.08   42.5078   6.5198
64.1   39.5294   6.28724
64.12   37.6241   6.13385
64.14   36.6789   6.05631
64.16   36.6613   6.05486
64.18   37.6162   6.1332
64.2   39.6477   6.29664
64.22   43.0694   6.56273
64.24   48.2862   6.94883
64.26   56.0416   7.4861
64.28   67.8283   8.23579
64.3   86.4806   9.29949
64.32   117.641   10.8462
64.34   170.832   13.0703
64.36   258.448   16.0763
64.38   388.271   19.7046
64.4   534.121   23.1111
64.42   592.384   24.3389
64.44   497.225   22.2985
64.46   348.101   18.6575
64.48   228.37   15.1119
64.5   150.209   12.256
64.52   103.099   10.1538
64.54   75.0237   8.66162
64.56   57.5232   7.5844
64.58   45.8232   6.76928
64.6   37.5065   6.12425
64.62   31.3376   5.598
64.64   26.6249   5.15993
64.66   22.9415   4.78973
64.68   20.0073   4.47296
64.7   17.6311   4.4
64.72   15.679   4.4
64.74   14.0547   4.4
64.76   12.6883   4.4
64.78   11.5273   4.4
64.8   10.5324   4.4
64.82   9.67337   4.4
64.84   8.92675   4.4
64.86   8.27429   4.4
64.88   7.70164   4.4
64.9   7.19755   4.4
64.92   6.75329   4.4
64.94   6.36231   4.4
64.96   6.02013   4.4
64.98   5.72452   4.4
65   5.47633   4.4
65.02   5.28183   4.4
65.04   5.15788   4.4
65.06   5.14015   4.4
65.08   5.28922   4.4
65.1   5.68051   4.4
65.12   6.34458   4.4
65.14   7.05364   4.4
65.16   7.1128   4.4
65.18   6.27822   4.4
65.2   5.23657   4.4
65.22   4.41976   4.4
65.24   3.8633   4.4
65.26   3.49545   4.4
65.28   3.24399   4.4
65.3   2.05948   4.4
65.32   1.94328   4.4
65.34   1.85366   4.4
65.36   1.78398   4.4
65.38   1.7308   4.4
65.4   1.69245   4.4
65.42   1.66847   4.4
65.44   1.65943   4.4
65.46   1.66696   4.4
65.48   1.69397   4.4
65.5   1.75198   4.4
65.52   1.83458   4.4
65.54   1.95973   4.4
65.56   2.14595   4.4
65.58   2.42643   4.4
65.6   2.86624   4.4
65.62   3.59444   4.4
65.64   4.84142   4.4
65.66   7.17319   4.4
65.68   10.4282   4.4
65.7   14.5466   4.4
65.72   17.3087   4.4
65.74   15.845   4.4
65.76   11.8018   4.4
65.78   8.13415   4.4
65.8   5.64762   4.4
65.82   4.33915   4.4
65.84   3.50305   4.4
65.86   3.06003   4.4
65.88   2.29988   4.4
65.9   2.13777   4.4
65.92   1.90552   4.4
65.94   1.65512   4.4
65.96   1.45772   4.4
65.98   1.32165   4.4
66   1.23281   4.4
66.02   1.17615   4.4
66.04   1.14077   4.4
66.06   1.11995   4.4
66.08   1.10986   4.4
66.1   1.1082   4.4
66.12   1.11355   4.4
66.14   1.12495   4.4
66.16   1.14173   4.4
66.18   1.16347   4.4
66.2   1.18988   4.4
66.22   1.22083   4.4
66.24   1.25624   4.4
66.26   1.29616   4.4
66.28   1.3407   4.4
66.3   1.64587   4.4
66.32   1.70737   4.4
66.34   1.77455   4.4
66.36   1.8478   4.4
66.38   1.92764   4.4
66.4   2.02819   4.4
66.42   2.12341   4.4
66.44   2.2273   4.4
66.46   2.34077   4.4
66.48   2.46494   4.4
66.5   2.60109   4.4
66.52   2.75073   4.4
66.54   2.91563   4.4
66.56   3.09793   4.4
66.58   3.30014   4.4
66.6   3.5253   4.4
66.62   3.77361   4.4
66.64   4.05665   4.4
66.66   4.3764   4.4
66.68   4.73979   4.4
66.7   5.15563   4.4
66.72   5.63521   4.4
66.74   6.1933   4.4
66.76   6.84975   4.4
66.78   7.63223   4.4
66.8   8.58186   4.4
66.82   9.76442   4.4
66.84   11.2889   4.4
66.86   13.3269   4.4
66.88   16.111   4.4
66.9   19.8637   4.45687
66.92   24.492   4.94894
66.94   29.1149   5.39582
66.96   33.4627   5.78469
66.98   39.7485   6.30464
67   51.1208   7.14988
67.02   71.41   8.45044
67.04   105.486   10.2706
67.06   156.973   12.5289
67.08   218.15   14.7699
67.1   251.031   15.844
67.12   222.476   14.9156
67.14   167.634   12.9474
67.16   124.967   11.1789
67.18   103.769   10.1867
67.2   103.656   10.1812
67.22   124.084   11.1393
67.24   163.737   12.796
67.26   209.763   14.4832
67.28   225.454   15.0151
67.3   195.814   13.9934
67.32   152.232   12.3382
67.34   111.621   10.5651
67.36   78.6594   8.86901
67.38   55.9786   7.48189
67.4   41.7119   6.45848
67.42   32.9117   5.73687
67.44   27.4117   5.23562
67.46   23.912   4.88999
67.48   21.7026   4.65861
67.5   20.4184   4.51867
67.52   19.8839   4.45913
67.54   20.0376   4.47634
67.56   20.9046   4.57216
67.58   22.6006   4.75401
67.6   25.3684   5.0367
67.62   29.6808   5.44801
67.64   36.4911   6.04079
67.66   47.7391   6.90935
67.68   66.9138   8.18008
67.7   99.2885   9.96436
67.72   150.159   12.2539
67.74   217.213   14.7381
67.76   269.507   16.4167
67.78   256.609   16.019
67.8   195.36   13.9771
67.82   136.61   11.688
67.84   95.5828   9.77664
67.86   67.5909   8.22137
67.88   48.2629   6.94715
67.9   35.4678   5.95549
67.92   27.0671   5.2026
67.94   21.4141   4.62754
67.96   17.4708   4.4
67.98   14.6094   4.4
68   12.4563   4.4
68.02   10.9278   4.4
68.04   9.6121   4.4
68.06   8.55478   4.4
68.08   7.6945   4.4
68.1   6.988   4.4
68.12   6.40421   4.4
68.14   5.9206   4.4
68.16   5.52085   4.4
68.18   5.1934   4.4
68.2   4.93058   4.4
68.22   4.72824   4.4
68.24   4.58582   4.4
68.26   4.53225   4.4
68.28   4.58745   4.4
68.3   4.68467   4.4
68.32   4.92939   4.4
68.34   5.41089   4.4
68.36   6.26513   4.4
68.38   7.67661   4.4
68.4   9.57278   4.4
68.42   11.4007   4.4
68.44   12.1518   4.4
68.46   12.4925   4.4
68.48   14.0999   4.4
68.5   17.8028   4.4
68.52   23.03   4.79896
68.54   26.2645   5.12489
68.56   23.3097   4.82801
68.58   17.313   4.4
68.6   12.0559   4.4
68.62   8.50537   4.4
68.64   6.33314   4.4
68.66   5.04028   4.4
68.68   4.24859   4.4
68.7   3.7351   4.4
68.72   3.38506   4.4
68.74   2.95611   4.4
68.76   2.79097   4.4
68.78   2.68163   4.4
68.8   2.58446   4.4
68.82   2.55848   4.4
68.84   2.56698   4.4
68.86   2.60918   4.4
68.88   3.06379   4.4
68.9   3.19222   4.4
68.92   3.36959   4.4
68.94   3.61014   4.4
68.96   3.93872   4.4
68.98   4.40224   4.4
69   5.09403   4.4
69.02   6.19117   4.4
69.04   7.97973   4.4
69.06   10.8047   4.4
69.08   14.7855   4.4
69.1   18.823   4.4
69.12   19.803   4.45006
69.14   16.9216   4.4
69.16   13.2982   4.4
69.18   10.7399   4.4
69.2   9.37862   4.4
69.22   8.92214   4.4
69.24   8.84583   4.4
69.26   9.51529   4.4
69.28   10.6486   4.4
69.3   12.3364   4.4
69.32   14.7963   4.4
69.34   18.5356   4.4
69.36   24.4938   4.94912
69.38   34.3607   5.8618
69.4   50.5918   7.11279
69.42   75.4744   8.6876
69.44   106.982   10.3432
69.46   131.273   11.4575
69.48   132.687   11.519
69.5   111.75   10.5712
69.52   81.7551   9.04185
69.54   57.0227   7.55134
69.56   41.1426   6.41425
69.58   32.3525   5.68793
69.6   28.4622   5.335
69.62   28.2517   5.31523
69.64   31.7136   5.63148
69.66   39.8752   6.31468
69.68   54.1034   7.3555
69.7   73.8219   8.59197
69.72   91.3055   9.55539
69.74   92.7589   9.63114
69.76   77.6337   8.811
69.78   61.0968   7.81645
69.8   52.1821   7.22371
69.82   51.3362   7.16493
69.84   53.6585   7.3252
69.86   50.3176   7.09349
69.88   40.2153   6.34155
69.9   30.0364   5.48055
69.92   22.8003   4.77497
69.94   18.3312   4.4
69.96   15.7936   4.4
69.98   14.4694   4.4
70   13.8872   4.4
