1.54056
5   0   4.4
5.02   0   4.4
5.04   0   4.4
5.06   0   4.4
5.08   0   4.4
5.1   0   4.4
5.12   0   4.4
5.14   0   4.4
5.16   0   4.4
5.18   0   4.4
5.2   0   4.4
5.22   0   4.4
5.24   0   4.4
5.26   0   4.4
5.28   0   4.4
5.3   0   4.4
5.32   0   4.4
5.34   0   4.4
5.36   0   4.4
5.38   0   4.4
5.4   0   4.4
5.42   0   4.4
5.44   0   4.4
5.46   0   4.4
5.48   0   4.4
5.5   0   4.4
5.52   0   4.4
5.54   0   4.4
5.56   0   4.4
5.58   0   4.4
5.6   0   4.4
5.62   0   4.4
5.64   0   4.4
5.66   0   4.4
5.68   0   4.4
5.7   0   4.4
5.72   0   4.4
5.74   0   4.4
5.76   0   4.4
5.78   0   4.4
5.8   0   4.4
5.82   0   4.4
5.84   0   4.4
5.86   0   4.4
5.88   0   4.4
5.9   0   4.4
5.92   0   4.4
5.94   0   4.4
5.96   0   4.4
5.98   0   4.4
6   0   4.4
6.02   0   4.4
6.04   0   4.4
6.06   0   4.4
6.08   0   4.4
6.1   0   4.4
6.12   0   4.4
6.14   0   4.4
6.16   0   4.4
6.18   0   4.4
6.2   0   4.4
6.22   0   4.4
6.24   0   4.4
6.26   0   4.4
6.28   0   4.4
6.3   0   4.4
6.32   0   4.4
6.34   0   4.4
6.36   0   4.4
6.38   0   4.4
6.4   0   4.4
6.42   0   4.4
6.44   0   4.4
6.46   0   4.4
6.48   0   4.4
6.5   0   4.4
6.52   0   4.4
6.54   0   4.4
6.56   0   4.4
6.58   0   4.4
6.6   0   4.4
6.62   0   4.4
6.64   0   4.4
6.66   0   4.4
6.68   0   4.4
6.7   0   4.4
6.72   0   4.4
6.74   0   4.4
6.76   0   4.4
6.78   0   4.4
6.8   0   4.4
6.82   0   4.4
6.84   0   4.4
6.86   0   4.4
6.88   0   4.4
6.9   0   4.4
6.92   0   4.4
6.94   0   4.4
6.96   0   4.4
6.98   0   4.4
7   0   4.4
7.02   0   4.4
7.04   0   4.4
7.06   0   4.4
7.08   0   4.4
7.1   0   4.4
7.12   0   4.4
7.14   0   4.4
7.16   0   4.4
7.18   0   4.4
7.2   0   4.4
7.22   0   4.4
7.24   0   4.4
7.26   0   4.4
7.28   0   4.4
7.3   0   4.4
7.32   0   4.4
7.34   0   4.4
7.36   0   4.4
7.38   0   4.4
7.4   0   4.4
7.42   0   4.4
7.44   0   4.4
7.46   0   4.4
7.48   0   4.4
7.5   0   4.4
7.52   0   4.4
7.54   0   4.4
7.56   0   4.4
7.58   0   4.4
7.6   0   4.4
7.62   0   4.4
7.64   0   4.4
7.66   0   4.4
7.68   0   4.4
7.7   0   4.4
7.72   0   4.4
7.74   0   4.4
7.76   0   4.4
7.78   0   4.4
7.8   0   4.4
7.82   0   4.4
7.84   0   4.4
7.86   0   4.4
7.88   0   4.4
7.9   0   4.4
7.92   0   4.4
7.94   0   4.4
7.96   0   4.4
7.98   0   4.4
8   0   4.4
8.02   0   4.4
8.04   0   4.4
8.06   0   4.4
8.08   0   4.4
8.1   0   4.4
8.12   0   4.4
8.14   0   4.4
8.16   0   4.4
8.18   0   4.4
8.2   0   4.4
8.22   0   4.4
8.24   0   4.4
8.26   0   4.4
8.28   0   4.4
8.3   0   4.4
8.32   0   4.4
8.34   0   4.4
8.36   0   4.4
8.38   0   4.4
8.4   0   4.4
8.42   0   4.4
8.44   0   4.4
8.46   0   4.4
8.48   0   4.4
8.5   0   4.4
8.52   0   4.4
8.54   0   4.4
8.56   0   4.4
8.58   0   4.4
8.6   0   4.4
8.62   0   4.4
8.64   0   4.4
8.66   0   4.4
8.68   0   4.4
8.7   0   4.4
8.72   0   4.4
8.74   0   4.4
8.76   0   4.4
8.78   0   4.4
8.8   0   4.4
8.82   0   4.4
8.84   0   4.4
8.86   0   4.4
8.88   0   4.4
8.9   0   4.4
8.92   0   4.4
8.94   0   4.4
8.96   0   4.4
8.98   0   4.4
9   0   4.4
9.02   0   4.4
9.04   0   4.4
9.06   0   4.4
9.08   0   4.4
9.1   0   4.4
9.12   0   4.4
9.14   0   4.4
9.16   0   4.4
9.18   0   4.4
9.2   0   4.4
9.22   0   4.4
9.24   0   4.4
9.26   0   4.4
9.28   0   4.4
9.3   0   4.4
9.32   0   4.4
9.34   0   4.4
9.36   0   4.4
9.38   0   4.4
9.4   0   4.4
9.42   0   4.4
9.44   0   4.4
9.46   0   4.4
9.48   0   4.4
9.5   0   4.4
9.52   0   4.4
9.54   0   4.4
9.56   0   4.4
9.58   0   4.4
9.6   0   4.4
9.62   0   4.4
9.64   0   4.4
9.66   0   4.4
9.68   0   4.4
9.7   0   4.4
9.72   0   4.4
9.74   0   4.4
9.76   0   4.4
9.78   0   4.4
9.8   0   4.4
9.82   0   4.4
9.84   0   4.4
9.86   0   4.4
9.88   0   4.4
9.9   0   4.4
9.92   0   4.4
9.94   0   4.4
9.96   0   4.4
9.98   0   4.4
10   0   4.4
10.02   0   4.4
10.04   0   4.4
10.06   0   4.4
10.08   0   4.4
10.1   0   4.4
10.12   0   4.4
10.14   0   4.4
10.16   0   4.4
10.18   0   4.4
10.2   0   4.4
10.22   0   4.4
10.24   0   4.4
10.26   0   4.4
10.28   0   4.4
10.3   0   4.4
10.32   0   4.4
10.34   0   4.4
10.36   0   4.4
10.38   0   4.4
10.4   0   4.4
10.42   0   4.4
10.44   0   4.4
10.46   0   4.4
10.48   0   4.4
10.5   0   4.4
10.52   0   4.4
10.54   0   4.4
10.56   0   4.4
10.58   0   4.4
10.6   0   4.4
10.62   0   4.4
10.64   0   4.4
10.66   0   4.4
10.68   0   4.4
10.7   0   4.4
10.72   0   4.4
10.74   0   4.4
10.76   0   4.4
10.78   0   4.4
10.8   0   4.4
10.82   0   4.4
10.84   0   4.4
10.86   0   4.4
10.88   0   4.4
10.9   0   4.4
10.92   0   4.4
10.94   0   4.4
10.96   0   4.4
10.98   0   4.4
11   0   4.4
11.02   0   4.4
11.04   0   4.4
11.06   0   4.4
11.08   0   4.4
11.1   0   4.4
11.12   0   4.4
11.14   0   4.4
11.16   0   4.4
11.18   0   4.4
11.2   0   4.4
11.22   0   4.4
11.24   0   4.4
11.26   0   4.4
11.28   0   4.4
11.3   0   4.4
11.32   0   4.4
11.34   0   4.4
11.36   0   4.4
11.38   0   4.4
11.4   0   4.4
11.42   0   4.4
11.44   0   4.4
11.46   0   4.4
11.48   0   4.4
11.5   0   4.4
11.52   0   4.4
11.54   0   4.4
11.56   0   4.4
11.58   0   4.4
11.6   0   4.4
11.62   0   4.4
11.64   0   4.4
11.66   0   4.4
11.68   0   4.4
11.7   0   4.4
11.72   0   4.4
11.74   0   4.4
11.76   0   4.4
11.78   0   4.4
11.8   0   4.4
11.82   0   4.4
11.84   0   4.4
11.86   0   4.4
11.88   0   4.4
11.9   0   4.4
11.92   0   4.4
11.94   0   4.4
11.96   0   4.4
11.98   0   4.4
12   0   4.4
12.02   0   4.4
12.04   0   4.4
12.06   0   4.4
12.08   0   4.4
12.1   0   4.4
12.12   0   4.4
12.14   0   4.4
12.16   0   4.4
12.18   0   4.4
12.2   0   4.4
12.22   0   4.4
12.24   0   4.4
12.26   0   4.4
12.28   0   4.4
12.3   0   4.4
12.32   0   4.4
12.34   0   4.4
12.36   0   4.4
12.38   0   4.4
12.4   0   4.4
12.42   0   4.4
12.44   0   4.4
12.46   0   4.4
12.48   0   4.4
12.5   0   4.4
12.52   0   4.4
12.54   0   4.4
12.56   0   4.4
12.58   0   4.4
12.6   0   4.4
12.62   0   4.4
12.64   0   4.4
12.66   0   4.4
12.68   0   4.4
12.7   0   4.4
12.72   0   4.4
12.74   0   4.4
12.76   0   4.4
12.78   0   4.4
12.8   0   4.4
12.82   0   4.4
12.84   0   4.4
12.86   0   4.4
12.88   0   4.4
12.9   0   4.4
12.92   0   4.4
12.94   0   4.4
12.96   0   4.4
12.98   0   4.4
13   9.87918   4.4
13.02   10.1532   4.4
13.04   10.4388   4.4
13.06   10.7366   4.4
13.08   11.0473   4.4
13.1   11.3717   4.4
13.12   11.7106   4.4
13.14   12.0648   4.4
13.16   12.4354   4.4
13.18   12.8233   4.4
13.2   13.2297   4.4
13.22   13.6556   4.4
13.24   14.1024   4.4
13.26   14.5716   4.4
13.28   15.0645   4.4
13.3   15.5828   4.4
13.32   16.1284   4.4
13.34   16.7031   4.4
13.36   17.309   4.4
13.38   17.9485   4.4
13.4   18.624   4.4
13.42   19.3384   4.4
13.44   20.0947   4.48272
13.46   20.8962   4.57124
13.48   21.7466   4.66333
13.5   22.6499   4.75919
13.52   23.6107   4.85908
13.54   24.6338   4.96324
13.56   25.7248   5.07196
13.58   26.8899   5.18555
13.6   28.1359   5.30432
13.62   29.4704   5.42866
13.64   30.902   5.55896
13.66   32.4404   5.69565
13.68   34.0964   5.83922
13.7   35.8824   5.99019
13.72   37.8123   6.14917
13.74   39.9019   6.31679
13.76   42.1692   6.49379
13.78   44.6352   6.68096
13.8   47.3235   6.87921
13.82   50.2617   7.08955
13.84   53.4817   7.31312
13.86   57.0206   7.5512
13.88   60.9218   7.80524
13.9   65.2364   8.07691
13.92   70.0248   8.36808
13.94   75.3587   8.68094
13.96   81.3241   9.01799
13.98   88.0242   9.38212
14   95.5843   9.77672
14.02   104.158   10.2058
14.04   113.933   10.6739
14.06   125.144   11.1868
14.08   138.085   11.751
14.1   153.129   12.3745
14.12   170.754   13.0673
14.14   191.58   13.8413
14.16   216.426   14.7114
14.18   246.384   15.6966
14.2   282.941   16.8209
14.22   328.158   18.1151
14.24   384.949   19.6201
14.26   457.55   21.3904
14.28   552.303   23.5011
14.3   679.22   26.0618
14.32   855.49   29.2488
14.34   1113.8   33.3736
14.36   1519.36   38.979
14.38   2194.31   46.8434
14.4   3330.14   57.7074
14.42   5143.27   71.7166
14.44   7651.43   87.4724
14.46   9954.23   99.7709
14.48   10000   100
14.5   7735.69   87.9527
14.52   5212.59   72.1983
14.54   3375.71   58.1009
14.56   2221.76   47.1356
14.58   1535.61   39.1869
14.6   1123.81   33.5233
14.62   862.111   29.3617
14.64   683.88   26.1511
14.66   555.728   23.5739
14.68   460.144   21.451
14.7   386.959   19.6713
14.72   329.745   18.1589
14.74   284.215   16.8587
14.76   247.421   15.7296
14.78   217.281   14.7405
14.8   192.294   13.867
14.82   171.355   13.0902
14.84   153.64   12.3951
14.86   138.523   11.7696
14.88   125.522   11.2036
14.9   114.261   10.6893
14.92   104.445   10.2198
14.94   95.8369   9.78963
14.96   88.2475   9.39401
14.98   81.5224   9.02898
15   75.5357   8.69113
15.02   70.1834   8.37755
15.04   65.379   8.08573
15.06   61.0505   7.81348
15.08   57.1372   7.55891
15.1   53.5876   7.32036
15.12   50.3582   7.09635
15.14   47.4117   6.88562
15.16   44.716   6.687
15.18   42.2434   6.4995
15.2   39.9702   6.3222
15.22   37.8753   6.15429
15.24   35.9407   5.99505
15.26   34.1504   5.84383
15.28   32.4905   5.70004
15.3   30.9486   5.56314
15.32   29.5137   5.43265
15.34   28.1763   5.30814
15.36   26.9277   5.18919
15.38   25.7602   5.07545
15.4   24.6669   4.96658
15.42   23.6418   4.86228
15.44   22.6792   4.76226
15.46   21.7741   4.66627
15.48   20.9221   4.57407
15.5   20.1192   4.48544
15.52   19.3615   4.40017
15.54   18.6458   4.4
15.56   17.9691   4.4
15.58   17.3285   4.4
15.6   16.7216   4.4
15.62   16.1459   4.4
15.64   15.5995   4.4
15.66   15.0803   4.4
15.68   14.5867   4.4
15.7   14.1168   4.4
15.72   13.6693   4.4
15.74   13.2427   4.4
15.76   12.8358   4.4
15.78   12.4473   4.4
15.8   12.0762   4.4
15.82   11.7215   4.4
15.84   11.3821   4.4
15.86   11.0573   4.4
15.88   10.7461   4.4
15.9   10.4479   4.4
15.92   10.162   4.4
15.94   9.8876   4.4
15.96   0   4.4
15.98   0   4.4
16   0   4.4
16.02   0   4.4
16.04   0   4.4
16.06   0   4.4
16.08   0   4.4
16.1   0   4.4
16.12   0   4.4
16.14   0   4.4
16.16   0   4.4
16.18   0   4.4
16.2   0   4.4
16.22   0   4.4
16.24   0   4.4
16.26   0   4.4
16.28   0   4.4
16.3   0   4.4
16.32   0   4.4
16.34   0   4.4
16.36   0   4.4
16.38   0   4.4
16.4   0   4.4
16.42   0   4.4
16.44   0   4.4
16.46   0   4.4
16.48   0   4.4
16.5   0   4.4
16.52   0   4.4
16.54   0   4.4
16.56   0   4.4
16.58   0   4.4
16.6   0   4.4
16.62   0   4.4
16.64   0   4.4
16.66   0   4.4
16.68   0   4.4
16.7   0   4.4
16.72   0   4.4
16.74   0   4.4
16.76   0   4.4
16.78   0   4.4
16.8   0   4.4
16.82   0   4.4
16.84   0   4.4
16.86   0   4.4
16.88   0   4.4
16.9   0   4.4
16.92   0   4.4
16.94   0   4.4
16.96   0   4.4
16.98   0   4.4
17   0   4.4
17.02   0   4.4
17.04   0   4.4
17.06   0   4.4
17.08   0   4.4
17.1   0   4.4
17.12   0   4.4
17.14   0   4.4
17.16   0   4.4
17.18   0   4.4
17.2   0   4.4
17.22   0   4.4
17.24   0   4.4
17.26   0   4.4
17.28   0   4.4
17.3   0   4.4
17.32   0   4.4
17.34   0   4.4
17.36   0   4.4
17.38   0   4.4
17.4   0   4.4
17.42   0   4.4
17.44   0   4.4
17.46   0   4.4
17.48   0   4.4
17.5   0   4.4
17.52   0   4.4
17.54   0   4.4
17.56   0   4.4
17.58   0   4.4
17.6   0   4.4
17.62   0   4.4
17.64   0   4.4
17.66   0   4.4
17.68   0   4.4
17.7   0   4.4
17.72   0   4.4
17.74   0   4.4
17.76   0   4.4
17.78   0   4.4
17.8   0   4.4
17.82   0   4.4
17.84   0   4.4
17.86   0   4.4
17.88   0   4.4
17.9   0   4.4
17.92   0   4.4
17.94   0   4.4
17.96   0   4.4
17.98   0   4.4
18   0   4.4
18.02   0   4.4
18.04   0   4.4
18.06   0   4.4
18.08   0   4.4
18.1   0   4.4
18.12   0   4.4
18.14   0   4.4
18.16   0   4.4
18.18   0   4.4
18.2   0   4.4
18.22   0   4.4
18.24   0   4.4
18.26   0   4.4
18.28   0   4.4
18.3   0   4.4
18.32   0   4.4
18.34   0   4.4
18.36   0   4.4
18.38   0   4.4
18.4   0   4.4
18.42   0   4.4
18.44   0   4.4
18.46   0   4.4
18.48   0   4.4
18.5   0   4.4
18.52   0   4.4
18.54   0   4.4
18.56   0   4.4
18.58   0   4.4
18.6   0   4.4
18.62   0   4.4
18.64   0   4.4
18.66   0   4.4
18.68   0   4.4
18.7   0   4.4
18.72   0   4.4
18.74   0   4.4
18.76   0   4.4
18.78   0   4.4
18.8   0   4.4
18.82   0   4.4
18.84   0   4.4
18.86   0   4.4
18.88   0   4.4
18.9   0   4.4
18.92   0   4.4
18.94   0   4.4
18.96   0   4.4
18.98   0   4.4
19   0   4.4
19.02   0   4.4
19.04   0   4.4
19.06   0   4.4
19.08   0   4.4
19.1   0   4.4
19.12   0   4.4
19.14   0   4.4
19.16   0   4.4
19.18   0   4.4
19.2   0   4.4
19.22   0   4.4
19.24   0   4.4
19.26   0   4.4
19.28   0   4.4
19.3   0   4.4
19.32   0   4.4
19.34   0   4.4
19.36   0   4.4
19.38   0   4.4
19.4   0   4.4
19.42   0   4.4
19.44   0   4.4
19.46   0   4.4
19.48   0   4.4
19.5   0   4.4
19.52   0   4.4
19.54   0   4.4
19.56   0   4.4
19.58   0   4.4
19.6   0   4.4
19.62   0   4.4
19.64   0   4.4
19.66   0   4.4
19.68   0   4.4
19.7   0   4.4
19.72   0   4.4
19.74   0   4.4
19.76   0   4.4
19.78   0   4.4
19.8   0   4.4
19.82   0   4.4
19.84   0   4.4
19.86   0   4.4
19.88   0   4.4
19.9   0   4.4
19.92   0   4.4
19.94   0   4.4
19.96   0   4.4
19.98   0   4.4
20   0   4.4
20.02   0   4.4
20.04   0   4.4
20.06   0   4.4
20.08   0   4.4
20.1   0   4.4
20.12   0   4.4
20.14   0   4.4
20.16   0   4.4
20.18   0   4.4
20.2   0   4.4
20.22   0   4.4
20.24   0   4.4
20.26   0   4.4
20.28   0   4.4
20.3   0   4.4
20.32   0   4.4
20.34   0   4.4
20.36   0   4.4
20.38   0   4.4
20.4   0   4.4
20.42   0   4.4
20.44   0   4.4
20.46   0   4.4
20.48   0   4.4
20.5   0   4.4
20.52   0   4.4
20.54   0   4.4
20.56   0   4.4
20.58   0   4.4
20.6   0   4.4
20.62   0   4.4
20.64   0   4.4
20.66   0   4.4
20.68   0   4.4
20.7   0   4.4
20.72   0   4.4
20.74   0   4.4
20.76   0   4.4
20.78   0   4.4
20.8   0   4.4
20.82   0   4.4
20.84   0   4.4
20.86   0   4.4
20.88   0   4.4
20.9   0   4.4
20.92   0   4.4
20.94   0   4.4
20.96   0   4.4
20.98   0   4.4
21   0   4.4
21.02   0   4.4
21.04   0   4.4
21.06   0   4.4
21.08   0   4.4
21.1   0   4.4
21.12   0   4.4
21.14   0   4.4
21.16   0   4.4
21.18   0   4.4
21.2   0   4.4
21.22   0   4.4
21.24   0   4.4
21.26   0   4.4
21.28   0   4.4
21.3   0   4.4
21.32   0   4.4
21.34   0   4.4
21.36   0   4.4
21.38   0   4.4
21.4   0   4.4
21.42   0   4.4
21.44   0   4.4
21.46   0   4.4
21.48   0   4.4
21.5   0   4.4
21.52   0   4.4
21.54   0   4.4
21.56   0   4.4
21.58   0   4.4
21.6   0   4.4
21.62   0   4.4
21.64   0   4.4
21.66   0   4.4
21.68   0   4.4
21.7   0   4.4
21.72   0   4.4
21.74   0   4.4
21.76   0   4.4
21.78   0   4.4
21.8   0   4.4
21.82   0   4.4
21.84   0   4.4
21.86   0   4.4
21.88   0   4.4
21.9   0   4.4
21.92   0   4.4
21.94   0   4.4
21.96   0   4.4
21.98   0   4.4
22   0   4.4
22.02   0   4.4
22.04   0   4.4
22.06   0   4.4
22.08   0   4.4
22.1   0   4.4
22.12   0   4.4
22.14   0   4.4
22.16   0   4.4
22.18   0   4.4
22.2   0   4.4
22.22   0   4.4
22.24   0   4.4
22.26   0   4.4
22.28   0   4.4
22.3   0   4.4
22.32   0   4.4
22.34   0   4.4
22.36   0   4.4
22.38   0   4.4
22.4   0   4.4
22.42   0   4.4
22.44   0   4.4
22.46   0   4.4
22.48   0   4.4
22.5   0   4.4
22.52   0   4.4
22.54   0   4.4
22.56   0   4.4
22.58   0   4.4
22.6   0   4.4
22.62   0   4.4
22.64   0   4.4
22.66   0   4.4
22.68   0   4.4
22.7   0   4.4
22.72   0   4.4
22.74   0   4.4
22.76   0   4.4
22.78   0   4.4
22.8   0   4.4
22.82   0   4.4
22.84   0   4.4
22.86   0   4.4
22.88   0   4.4
22.9   0   4.4
22.92   0   4.4
22.94   0   4.4
22.96   0   4.4
22.98   0   4.4
23   0   4.4
23.02   0   4.4
23.04   0   4.4
23.06   0   4.4
23.08   0   4.4
23.1   0   4.4
23.12   0   4.4
23.14   0   4.4
23.16   0   4.4
23.18   0   4.4
23.2   0   4.4
23.22   0   4.4
23.24   0   4.4
23.26   0   4.4
23.28   0   4.4
23.3   0   4.4
23.32   0   4.4
23.34   0   4.4
23.36   0   4.4
23.38   0   4.4
23.4   0   4.4
23.42   0   4.4
23.44   0   4.4
23.46   0   4.4
23.48   0   4.4
23.5   0   4.4
23.52   0   4.4
23.54   0   4.4
23.56   0   4.4
23.58   0   4.4
23.6   0   4.4
23.62   0   4.4
23.64   0   4.4
23.66   0   4.4
23.68   0   4.4
23.7   0   4.4
23.72   0   4.4
23.74   0   4.4
23.76   0   4.4
23.78   0   4.4
23.8   0   4.4
23.82   0   4.4
23.84   0   4.4
23.86   0   4.4
23.88   0   4.4
23.9   0   4.4
23.92   0   4.4
23.94   0   4.4
23.96   0   4.4
23.98   0   4.4
24   0   4.4
24.02   0   4.4
24.04   0   4.4
24.06   0   4.4
24.08   0   4.4
24.1   0   4.4
24.12   0   4.4
24.14   0   4.4
24.16   0   4.4
24.18   0   4.4
24.2   0   4.4
24.22   0   4.4
24.24   0   4.4
24.26   0   4.4
24.28   0   4.4
24.3   0   4.4
24.32   0   4.4
24.34   0   4.4
24.36   0   4.4
24.38   0   4.4
24.4   0   4.4
24.42   0   4.4
24.44   0   4.4
24.46   0   4.4
24.48   0   4.4
24.5   0   4.4
24.52   0   4.4
24.54   0   4.4
24.56   0   4.4
24.58   0   4.4
24.6   0   4.4
24.62   0   4.4
24.64   0   4.4
24.66   0   4.4
24.68   0   4.4
24.7   0   4.4
24.72   0   4.4
24.74   0   4.4
24.76   0   4.4
24.78   0   4.4
24.8   0   4.4
24.82   0   4.4
24.84   0   4.4
24.86   0   4.4
24.88   0   4.4
24.9   0   4.4
24.92   0   4.4
24.94   0   4.4
24.96   0   4.4
24.98   0   4.4
25   0   4.4
25.02   0   4.4
25.04   0   4.4
25.06   0   4.4
25.08   0   4.4
25.1   0   4.4
25.12   0   4.4
25.14   0   4.4
25.16   0   4.4
25.18   0   4.4
25.2   0   4.4
25.22   0   4.4
25.24   0   4.4
25.26   0   4.4
25.28   0   4.4
25.3   0   4.4
25.32   0   4.4
25.34   0   4.4
25.36   0   4.4
25.38   0   4.4
25.4   0   4.4
25.42   0   4.4
25.44   0   4.4
25.46   0   4.4
25.48   0   4.4
25.5   0   4.4
25.52   0   4.4
25.54   0   4.4
25.56   0   4.4
25.58   0   4.4
25.6   0   4.4
25.62   0   4.4
25.64   0   4.4
25.66   0   4.4
25.68   0   4.4
25.7   0   4.4
25.72   0   4.4
25.74   0   4.4
25.76   0   4.4
25.78   0   4.4
25.8   0   4.4
25.82   0   4.4
25.84   0   4.4
25.86   0   4.4
25.88   0   4.4
25.9   0   4.4
25.92   0   4.4
25.94   0   4.4
25.96   0   4.4
25.98   0   4.4
26   0   4.4
26.02   0   4.4
26.04   0   4.4
26.06   0   4.4
26.08   0   4.4
26.1   0   4.4
26.12   0   4.4
26.14   0   4.4
26.16   0   4.4
26.18   0   4.4
26.2   0   4.4
26.22   0   4.4
26.24   0   4.4
26.26   0   4.4
26.28   0   4.4
26.3   0   4.4
26.32   0   4.4
26.34   0   4.4
26.36   0   4.4
26.38   0   4.4
26.4   0   4.4
26.42   0   4.4
26.44   0   4.4
26.46   0   4.4
26.48   0   4.4
26.5   0   4.4
26.52   0   4.4
26.54   0   4.4
26.56   0   4.4
26.58   0   4.4
26.6   0   4.4
26.62   0   4.4
26.64   0   4.4
26.66   0   4.4
26.68   0   4.4
26.7   0   4.4
26.72   0   4.4
26.74   4.91084   4.4
26.76   5.04865   4.4
26.78   5.19235   4.4
26.8   5.34227   4.4
26.82   5.49877   4.4
26.84   5.66225   4.4
26.86   5.83313   4.4
26.88   6.01185   4.4
26.9   6.19891   4.4
26.92   6.39484   4.4
26.94   6.6002   4.4
26.96   6.81561   4.4
26.98   7.04173   4.4
27   7.27929   4.4
27.02   7.52906   4.4
27.04   7.79191   4.4
27.06   8.06876   4.4
27.08   8.36062   4.4
27.1   8.66859   4.4
27.12   8.99389   4.4
27.14   9.33783   4.4
27.16   9.70188   4.4
27.18   10.0876   4.4
27.2   10.4968   4.4
27.22   10.9314   4.4
27.24   11.3935   4.4
27.26   11.8855   4.4
27.28   12.41   4.4
27.3   12.97   4.4
27.32   13.5688   4.4
27.34   14.2099   4.4
27.36   14.8975   4.4
27.38   15.6362   4.4
27.4   16.4312   4.4
27.42   17.2883   4.4
27.44   18.2141   4.4
27.46   19.2162   4.4
27.48   20.3032   4.50591
27.5   21.485   4.63519
27.52   22.7728   4.77209
27.54   24.1797   4.91729
27.56   25.7209   5.07158
27.58   27.4139   5.23583
27.6   29.2793   5.41104
27.62   31.3413   5.59833
27.64   33.6284   5.799
27.66   36.1745   6.01452
27.68   39.0201   6.2466
27.7   42.2139   6.49722
27.72   45.8149   6.76867
27.74   50.0343   7.07349
27.76   54.6862   7.39501
27.78   60.0159   7.74699
27.8   66.161   8.13394
27.82   73.2957   8.56129
27.84   81.643   9.03565
27.86   91.4918   9.56513
27.88   103.222   10.1598
27.9   117.339   10.8323
27.92   134.53   11.5987
27.94   155.744   12.4797
27.96   182.318   13.5025
27.98   216.185   14.7032
28   260.226   16.1315
28.02   318.938   17.8588
28.04   399.924   19.9981
28.06   517.42   22.7469
28.08   699.816   26.454
28.1   1001.24   31.6424
28.12   1509.68   38.8546
28.14   2332.06   48.2914
28.16   3507.78   59.2265
28.18   4704.44   68.5889
28.2   4952.74   70.3757
28.22   3967.04   62.9844
28.24   2711.01   52.0674
28.26   1759.12   41.9419
28.28   1151.69   33.9366
28.3   788.947   28.0882
28.32   572.432   23.9256
28.34   436.354   20.8891
28.36   344.653   18.5648
28.38   279.212   16.7096
28.4   230.652   15.1872
28.42   193.619   13.9147
28.44   164.764   12.8361
28.46   141.872   11.911
28.48   123.424   11.1096
28.5   108.352   10.4092
28.52   95.8885   9.79227
28.54   85.4715   9.24508
28.56   76.682   8.75682
28.58   69.2028   8.31882
28.6   62.7908   7.92406
28.62   57.2567   7.56682
28.64   52.4523   7.24239
28.66   48.2596   6.94692
28.68   44.5847   6.67718
28.7   41.3516   6.43052
28.72   38.499   6.20476
28.74   35.9773   5.99811
28.76   33.7461   5.80914
28.78   31.773   5.63675
28.8   30.0322   5.48016
28.82   28.504   5.33891
28.84   27.1741   5.21288
28.86   26.0339   5.10234
28.88   25.0805   5.00804
28.9   24.318   4.93133
28.92   23.7588   4.8743
28.94   23.4269   4.84013
28.96   23.3625   4.83347
28.98   23.6303   4.8611
29   24.3357   4.93312
29.02   25.6581   5.06538
29.04   27.9319   5.28507
29.06   31.8256   5.64142
29.08   38.6455   6.21655
29.1   50.6171   7.11457
29.12   70.6842   8.40739
29.14   100.789   10.0394
29.16   135.216   11.6283
29.18   149.944   12.2452
29.2   128.067   11.3166
29.22   92.3525   9.61002
29.24   63.2845   7.95515
29.26   44.1364   6.64352
29.28   32.4786   5.699
29.3   25.4395   5.04376
29.32   20.9768   4.58004
29.34   17.9304   4.4
29.36   15.7117   4.4
29.38   14.0204   4.4
29.4   12.6885   4.4
29.42   11.6127   4.4
29.44   10.7249   4.4
29.46   9.97881   4.4
29.48   9.34173   4.4
29.5   8.79018   4.4
29.52   8.30691   4.4
29.54   7.87903   4.4
29.56   7.49668   4.4
29.58   7.15228   4.4
29.6   6.83985   4.4
29.62   6.55466   4.4
29.64   6.2929   4.4
29.66   6.05145   4.4
29.68   1.13192   4.4
29.7   1.04761   4.4
29.72   0.97236   4.4
29.74   0.904913   4.4
29.76   0.844231   4.4
29.78   0.789442   4.4
29.8   0.739807   4.4
29.82   0.694702   4.4
29.84   0.653592   4.4
29.86   0.61602   4.4
29.88   0.581591   4.4
29.9   0.549966   4.4
29.92   0.520848   4.4
29.94   0.49398   4.4
29.96   0.469136   4.4
29.98   0.446118   4.4
30   0.424751   4.4
30.02   0.404881   4.4
30.04   0.386373   4.4
30.06   0.369103   4.4
30.08   0.352965   4.4
30.1   0.337862   4.4
30.12   0.323707   4.4
30.14   0.310422   4.4
30.16   0.297939   4.4
30.18   0.286192   4.4
30.2   0.275127   4.4
30.22   0.26469   4.4
30.24   0.254836   4.4
30.26   0.245521   4.4
30.28   0.236708   4.4
30.3   0.228361   4.4
30.32   0.220447   4.4
30.34   0.212938   4.4
30.36   0.205805   4.4
30.38   0.199025   4.4
30.4   0.192574   4.4
30.42   0.186432   4.4
30.44   0.180578   4.4
30.46   0.174996   4.4
30.48   0.169669   4.4
30.5   0.164581   4.4
30.52   0.159719   4.4
30.54   0.155069   4.4
30.56   0.150619   4.4
30.58   0.158473   4.4
30.6   0.154733   4.4
30.62   0.151176   4.4
30.64   0.0131895   4.4
30.66   0.0135791   4.4
30.68   0.0139862   4.4
30.7   0.0144119   4.4
30.72   0.0148573   4.4
30.74   0.0153236   4.4
30.76   0.0158123   4.4
30.78   0.0163247   4.4
30.8   0.0168624   4.4
30.82   0.0174271   4.4
30.84   0.0180206   4.4
30.86   0.018645   4.4
30.88   0.0193024   4.4
30.9   0.0199951   4.4
30.92   0.0207257   4.4
30.94   0.0214972   4.4
30.96   0.0223124   4.4
30.98   0.023175   4.4
31   0.0240884   4.4
31.02   0.025057   4.4
31.04   0.026085   4.4
31.06   0.0271776   4.4
31.08   0.0283403   4.4
31.1   0.0295791   4.4
31.12   0.0309009   4.4
31.14   0.0323132   4.4
31.16   0.0338244   4.4
31.18   0.0354441   4.4
31.2   0.0371828   4.4
31.22   0.0390525   4.4
31.24   0.0410666   4.4
31.26   0.0432405   4.4
31.28   0.0455913   4.4
31.3   0.0481389   4.4
31.32   0.0509057   4.4
31.34   0.0539177   4.4
31.36   0.0572046   4.4
31.38   0.0608008   4.4
31.4   0.0647464   4.4
31.42   0.0690879   4.4
31.44   0.07388   4.4
31.46   0.0791872   4.4
31.48   0.0850857   4.4
31.5   0.0916666   4.4
31.52   0.0990388   4.4
31.54   0.107334   4.4
31.56   0.116712   4.4
31.58   0.12737   4.4
31.6   0.13955   4.4
31.62   0.153554   4.4
31.64   0.169764   4.4
31.66   0.188665   4.4
31.68   0.210883   4.4
31.7   0.237234   4.4
31.72   0.2688   4.4
31.74   0.307039   4.4
31.76   0.353944   4.4
31.78   0.412304   4.4
31.8   0.486103   4.4
31.82   0.581191   4.4
31.84   0.706488   4.4
31.86   0.876495   4.4
31.88   1.11717   4.4
31.9   1.47941   4.4
31.92   2.06366   4.4
31.94   3.04732   4.4
31.96   4.68111   4.4
31.98   7.18058   4.4
32   10.2747   4.4
32.02   12.1974   4.4
32.04   10.9189   4.4
32.06   7.86815   4.4
32.08   5.17289   4.4
32.1   3.35391   4.4
32.12   2.2453   4.4
32.14   1.58846   4.4
32.16   1.1867   4.4
32.18   0.924017   4.4
32.2   0.740744   4.4
32.22   0.60678   4.4
32.24   0.505716   4.4
32.26   0.42765   4.4
32.28   0.366163   4.4
32.3   0.316919   4.4
32.32   0.276897   4.4
32.34   0.243949   4.4
32.36   0.216512   4.4
32.38   0.193429   4.4
32.4   0.17383   4.4
32.42   0.157052   4.4
32.44   0.14258   4.4
32.46   0.130012   4.4
32.48   0.11903   4.4
32.5   0.109377   4.4
32.52   0.10085   4.4
32.54   0.0932789   4.4
32.56   0.0865274   4.4
32.58   0.0804814   4.4
32.6   0.0750461   4.4
32.62   0.0701422   4.4
32.64   0.0657028   4.4
32.66   0.061671   4.4
32.68   0.0579986   4.4
32.7   0.0546442   4.4
32.72   0.0515721   4.4
32.74   0.0487516   4.4
32.76   0.046156   4.4
32.78   0.043762   4.4
32.8   0.0415492   4.4
32.82   0.0395   4.4
32.84   0.0375985   4.4
32.86   0.0358309   4.4
32.88   0.034185   4.4
32.9   0.0326498   4.4
32.92   0.0312157   4.4
32.94   0.0298739   4.4
32.96   0.0286167   4.4
32.98   0.0274372   4.4
33   0.0263291   4.4
33.02   0.0252867   4.4
33.04   0.024305   4.4
33.06   0.0233793   4.4
33.08   0.0225055   4.4
33.1   0.0216797   4.4
33.12   0.0208985   4.4
33.14   0.0201588   4.4
33.16   0.0194576   4.4
33.18   0.0187924   4.4
33.2   0.0181607   4.4
33.22   0.0175603   4.4
33.24   0.0169891   4.4
33.26   0.0164454   4.4
33.28   0.0159274   4.4
33.3   0.0154334   4.4
33.32   0.0149621   4.4
33.34   0.014512   4.4
33.36   0.0140819   4.4
33.38   0.0136706   4.4
33.4   0.0132771   4.4
33.42   0.0129003   4.4
33.44   0.0125394   4.4
33.46   0.0121934   4.4
33.48   0   4.4
33.5   0   4.4
33.52   0   4.4
33.54   0   4.4
33.56   0   4.4
33.58   0   4.4
33.6   0   4.4
33.62   0   4.4
33.64   0   4.4
33.66   0   4.4
33.68   0   4.4
33.7   0   4.4
33.72   0   4.4
33.74   0   4.4
33.76   0   4.4
33.78   0   4.4
33.8   0   4.4
33.82   0   4.4
33.84   0   4.4
33.86   0   4.4
33.88   0   4.4
33.9   0   4.4
33.92   0   4.4
33.94   0   4.4
33.96   0   4.4
33.98   0   4.4
34   0   4.4
34.02   0   4.4
34.04   0   4.4
34.06   0   4.4
34.08   0   4.4
34.1   0   4.4
34.12   0   4.4
34.14   0   4.4
34.16   0   4.4
34.18   0   4.4
34.2   0   4.4
34.22   0   4.4
34.24   0   4.4
34.26   0   4.4
34.28   0   4.4
34.3   0   4.4
34.32   0   4.4
34.34   0   4.4
34.36   0   4.4
34.38   0   4.4
34.4   0   4.4
34.42   0   4.4
34.44   0   4.4
34.46   0   4.4
34.48   0   4.4
34.5   0   4.4
34.52   0   4.4
34.54   0   4.4
34.56   0   4.4
34.58   0   4.4
34.6   0   4.4
34.62   0   4.4
34.64   0   4.4
34.66   0   4.4
34.68   0   4.4
34.7   0   4.4
34.72   0   4.4
34.74   0   4.4
34.76   0   4.4
34.78   0   4.4
34.8   0   4.4
34.82   0   4.4
34.84   0   4.4
34.86   0   4.4
34.88   0   4.4
34.9   0   4.4
34.92   0   4.4
34.94   0   4.4
34.96   0   4.4
34.98   0   4.4
35   0   4.4
35.02   0   4.4
35.04   0   4.4
35.06   0   4.4
35.08   0   4.4
35.1   0   4.4
35.12   0   4.4
35.14   0   4.4
35.16   0   4.4
35.18   0   4.4
35.2   0   4.4
35.22   0   4.4
35.24   0   4.4
35.26   0   4.4
35.28   0   4.4
35.3   0   4.4
35.32   0   4.4
35.34   0   4.4
35.36   0   4.4
35.38   0   4.4
35.4   0   4.4
35.42   0   4.4
35.44   0   4.4
35.46   0   4.4
35.48   0   4.4
35.5   0   4.4
35.52   0   4.4
35.54   0   4.4
35.56   0   4.4
35.58   0   4.4
35.6   0   4.4
35.62   0   4.4
35.64   0   4.4
35.66   0   4.4
35.68   0   4.4
35.7   0   4.4
35.72   0   4.4
35.74   0   4.4
35.76   0   4.4
35.78   0   4.4
35.8   0   4.4
35.82   0   4.4
35.84   0   4.4
35.86   0   4.4
35.88   0   4.4
35.9   0   4.4
35.92   0   4.4
35.94   0   4.4
35.96   0   4.4
35.98   0   4.4
36   0   4.4
36.02   0   4.4
36.04   0   4.4
36.06   0   4.4
36.08   0   4.4
36.1   0   4.4
36.12   0   4.4
36.14   0   4.4
36.16   0   4.4
36.18   0   4.4
36.2   0   4.4
36.22   0   4.4
36.24   0   4.4
36.26   0   4.4
36.28   0   4.4
36.3   0   4.4
36.32   0   4.4
36.34   0   4.4
36.36   0   4.4
36.38   0   4.4
36.4   0   4.4
36.42   0   4.4
36.44   0   4.4
36.46   0   4.4
36.48   0   4.4
36.5   0   4.4
36.52   0   4.4
36.54   0   4.4
36.56   0   4.4
36.58   0   4.4
36.6   0   4.4
36.62   0   4.4
36.64   0   4.4
36.66   0   4.4
36.68   0   4.4
36.7   0.0149962   4.4
36.72   0.0154124   4.4
36.74   0.0158463   4.4
36.76   0.0162987   4.4
36.78   0.0167707   4.4
36.8   0.0172635   4.4
36.82   0.0177784   4.4
36.84   0.0183167   4.4
36.86   0.0188797   4.4
36.88   4.23507   4.4
36.9   4.35386   4.4
36.92   4.47772   4.4
36.94   4.60694   4.4
36.96   4.74183   4.4
36.98   4.88273   4.4
37   5.03001   4.4
37.02   5.18404   4.4
37.04   5.34526   4.4
37.06   5.51412   4.4
37.08   5.6911   4.4
37.1   5.87674   4.4
37.12   6.0716   4.4
37.14   6.27632   4.4
37.16   6.49156   4.4
37.18   6.71806   4.4
37.2   6.95662   4.4
37.22   7.20811   4.4
37.24   7.47349   4.4
37.26   7.75378   4.4
37.28   8.05013   4.4
37.3   8.36379   4.4
37.32   8.69613   4.4
37.34   9.04867   4.4
37.36   9.42308   4.4
37.38   9.8212   4.4
37.4   10.2451   4.4
37.42   10.697   4.4
37.44   11.1794   4.4
37.46   11.6952   4.4
37.48   12.2475   4.4
37.5   12.8399   4.4
37.52   13.4762   4.4
37.54   14.161   4.4
37.56   14.8993   4.4
37.58   15.6968   4.4
37.6   16.5601   4.4
37.62   17.4964   4.4
37.64   18.5144   4.4
37.66   19.6238   4.42988
37.68   20.8358   4.56463
37.7   22.1636   4.70782
37.72   23.6222   4.86026
37.74   25.2294   5.02289
37.76   27.0062   5.19675
37.78   28.9772   5.38305
37.8   31.1718   5.58317
37.82   33.6249   5.7987
37.84   36.379   6.0315
37.86   39.4851   6.28372
37.88   43.006   6.55789
37.9   47.0187   6.85702
37.92   51.6195   7.18467
37.94   56.929   7.54513
37.96   63.1008   7.9436
37.98   70.3328   8.38646
38   78.8839   8.88166
38.02   89.1004   9.4393
38.04   101.459   10.0727
38.06   116.639   10.7999
38.08   135.624   11.6458
38.1   159.83   12.6424
38.12   191.195   13.8273
38.14   232.105   15.235
38.16   284.808   16.8763
38.18   352.449   18.7736
38.2   446.833   21.1384
38.22   594.187   24.3759
38.24   840.273   28.9875
38.26   1258.49   35.4753
38.28   1940.64   44.0527
38.3   2930.89   54.1377
38.32   3983.87   63.1179
38.34   4290.42   65.5013
38.36   3500.46   59.1647
38.38   2411.19   49.1039
38.4   1566.91   39.5842
38.42   1023.48   31.9919
38.44   698.035   26.4204
38.46   504.185   22.4541
38.48   382.976   19.5698
38.5   301.715   17.3699
38.52   243.934   15.6184
38.54   201.159   14.183
38.56   168.59   12.9842
38.58   143.245   11.9685
38.6   123.156   11.0976
38.62   106.978   10.343
38.64   93.7649   9.68323
38.66   82.8401   9.10166
38.68   73.7075   8.5853
38.7   65.9975   8.12389
38.72   59.4309   7.70915
38.74   53.7934   7.3344
38.76   48.9183   6.99416
38.78   44.6746   6.68391
38.8   40.9582   6.39986
38.82   37.6855   6.13885
38.84   34.7888   5.8982
38.86   32.2128   5.67563
38.88   29.9119   5.46918
38.9   27.8485   5.27716
38.92   25.9909   5.09813
38.94   24.3129   4.93081
38.96   22.7919   4.77409
38.98   21.4091   4.62699
39   20.1531   4.48922
39.02   19.0003   4.4
39.04   17.9436   4.4
39.06   16.9726   4.4
39.08   16.0783   4.4
39.1   15.2528   4.4
39.12   14.4892   4.4
39.14   13.7816   4.4
39.16   13.1246   4.4
39.18   12.5134   4.4
39.2   11.944   4.4
39.22   11.4126   4.4
39.24   10.9159   4.4
39.26   10.451   4.4
39.28   10.0152   4.4
39.3   9.60617   4.4
39.32   9.22172   4.4
39.34   8.85994   4.4
39.36   8.51909   4.4
39.38   8.19759   4.4
39.4   7.89402   4.4
39.42   7.60706   4.4
39.44   7.33554   4.4
39.46   7.07838   4.4
39.48   6.83458   4.4
39.5   6.60325   4.4
39.52   6.38356   4.4
39.54   6.17474   4.4
39.56   5.9761   4.4
39.58   5.787   4.4
39.6   5.60685   4.4
39.62   5.4351   4.4
39.64   5.27126   4.4
39.66   5.10028   4.4
39.68   4.95126   4.4
39.7   4.80884   4.4
39.72   4.67265   4.4
39.74   4.54235   4.4
39.76   4.41763   4.4
39.78   4.2982   4.4
39.8   0.0241664   4.4
39.82   0.0257044   4.4
39.84   0.0273936   4.4
39.86   0.0292546   4.4
39.88   0.0313114   4.4
39.9   0.0335923   4.4
39.92   0.036131   4.4
39.94   0.0389678   4.4
39.96   0.0421511   4.4
39.98   0.0457395   4.4
40   0.0498043   4.4
40.02   0.0544335   4.4
40.04   0.059736   4.4
40.06   0.0658483   4.4
40.08   0.0729428   4.4
40.1   0.0812404   4.4
40.12   0.091027   4.4
40.14   0.102678   4.4
40.16   0.116694   4.4
40.18   0.133752   4.4
40.2   0.154788   4.4
40.22   0.18112   4.4
40.24   0.21465   4.4
40.26   0.258208   4.4
40.28   0.316199   4.4
40.3   0.396035   4.4
40.32   0.511529   4.4
40.34   0.690204   4.4
40.36   0.984793   4.4
40.38   1.4819   4.4
40.4   2.28885   4.4
40.42   3.45288   4.4
40.44   4.67024   4.4
40.46   4.98594   4.4
40.48   4.03851   4.4
40.5   2.77291   4.4
40.52   1.80071   4.4
40.54   1.17708   4.4
40.56   0.804047   4.4
40.58   0.581689   4.4
40.6   0.442382   4.4
40.62   0.348803   4.4
40.64   0.282169   4.4
40.66   0.232794   4.4
40.68   0.195175   4.4
40.7   0.165884   4.4
40.72   0.142657   4.4
40.74   0.123944   4.4
40.76   0.108657   4.4
40.78   0.0960127   4.4
40.8   0.0854401   4.4
40.82   0.0765125   4.4
40.84   0.0689073   4.4
40.86   0.062377   4.4
40.88   0.0567289   4.4
40.9   0.0518117   4.4
40.92   0.0475049   4.4
40.94   0.0437118   4.4
40.96   0.0403542   4.4
40.98   0.037368   4.4
41   0.0347006   4.4
41.02   0.0323082   4.4
41.04   0.0301543   4.4
41.06   0.0282085   4.4
41.08   0.0264447   4.4
41.1   0.024841   4.4
41.12   0.0233786   4.4
41.14   0.0220414   4.4
41.16   0.0208156   4.4
41.18   0.0196891   4.4
41.2   0.0186515   4.4
41.22   0.0176938   4.4
41.24   0.0168078   4.4
41.26   0.0159867   4.4
41.28   0.0152242   4.4
41.3   0.014515   4.4
41.32   0.0138541   4.4
41.34   0.0132373   4.4
41.36   0.0126608   4.4
41.38   0.0121211   4.4
41.4   0.0116151   4.4
41.42   0.0111402   4.4
41.44   0.0106937   4.4
41.46   0.0102736   4.4
41.48   0.00987772   4.4
41.5   0.00950428   4.4
41.52   0.0091516   4.4
41.54   0.00881819   4.4
41.56   0.00850265   4.4
41.58   0.00820374   4.4
41.6   0.00792032   4.4
41.62   0.00765132   4.4
41.64   0.00739579   4.4
41.66   0.00715284   4.4
41.68   0.00692166   4.4
41.7   0.00670151   4.4
41.72   0.00649169   4.4
41.74   0.00629156   4.4
41.76   0.00610055   4.4
41.78   0.0059181   4.4
41.8   0.00574371   4.4
41.82   0.00557692   4.4
41.84   0.00541728   4.4
41.86   0.00526439   4.4
41.88   0.00511789   4.4
41.9   0.00497741   4.4
41.92   0   4.4
41.94   0   4.4
41.96   0   4.4
41.98   0   4.4
42   0   4.4
42.02   0   4.4
42.04   0   4.4
42.06   0   4.4
42.08   0   4.4
42.1   0   4.4
42.12   0   4.4
42.14   0   4.4
42.16   0   4.4
42.18   0   4.4
42.2   0   4.4
42.22   0   4.4
42.24   0   4.4
42.26   0   4.4
42.28   0   4.4
42.3   0   4.4
42.32   0   4.4
42.34   0   4.4
42.36   0   4.4
42.38   0   4.4
42.4   0   4.4
42.42   0   4.4
42.44   0   4.4
42.46   0   4.4
42.48   0   4.4
42.5   0   4.4
42.52   0   4.4
42.54   0   4.4
42.56   0   4.4
42.58   0   4.4
42.6   0   4.4
42.62   0   4.4
42.64   0   4.4
42.66   0   4.4
42.68   0   4.4
42.7   0   4.4
42.72   0   4.4
42.74   0   4.4
42.76   0   4.4
42.78   0   4.4
42.8   0   4.4
42.82   0   4.4
42.84   0   4.4
42.86   0   4.4
42.88   0   4.4
42.9   0   4.4
42.92   0   4.4
42.94   0   4.4
42.96   0.0983529   4.4
42.98   0.101143   4.4
43   0.104054   4.4
43.02   0.107092   4.4
43.04   0.110265   4.4
43.06   0.113581   4.4
43.08   0.117048   4.4
43.1   0.120677   4.4
43.12   0.124478   4.4
43.14   0.12846   4.4
43.16   0.132637   4.4
43.18   0.137021   4.4
43.2   0.141625   4.4
43.22   0.146466   4.4
43.24   0.151559   4.4
43.26   0.156921   4.4
43.28   0.162574   4.4
43.3   0.168537   4.4
43.32   0.174834   4.4
43.34   0.181491   4.4
43.36   0.188535   4.4
43.38   0.195996   4.4
43.4   0.20391   4.4
43.42   0.212311   4.4
43.44   0.221243   4.4
43.46   0.230749   4.4
43.48   0.240882   4.4
43.5   0.251695   4.4
43.52   0.263253   4.4
43.54   0.275625   4.4
43.56   0.288888   4.4
43.58   0.303131   4.4
43.6   0.318453   4.4
43.62   0.334965   4.4
43.64   0.352793   4.4
43.66   0.372081   4.4
43.68   0.392992   4.4
43.7   0.415714   4.4
43.72   0.440461   4.4
43.74   0.467481   4.4
43.76   0.49706   4.4
43.78   0.529532   4.4
43.8   0.565285   4.4
43.82   0.604775   4.4
43.84   0.648541   4.4
43.86   0.697221   4.4
43.88   0.751577   4.4
43.9   0.812522   4.4
43.92   0.881164   4.4
43.94   0.958849   4.4
43.96   1.04723   4.4
43.98   1.14835   4.4
44   1.26478   4.4
44.02   1.39974   4.4
44.04   1.55736   4.4
44.06   1.74297   4.4
44.08   1.96354   4.4
44.1   2.22835   4.4
44.12   2.54992   4.4
44.14   2.94548   4.4
44.16   3.4392   4.4
44.18   4.0658   4.4
44.2   4.87661   4.4
44.22   5.95071   4.4
44.24   7.41895   4.4
44.26   9.52069   4.4
44.28   12.7301   4.4
44.3   17.9707   4.4
44.32   27.2552   5.22066
44.34   41.7984   6.46516
44.36   63.4162   7.96343
44.38   88.1261   9.38755
44.4   99.0088   9.95032
44.42   83.9691   9.16346
44.44   59.0089   7.68172
44.46   38.6922   6.22031
44.48   25.3806   5.03792
44.5   17.3651   4.4
44.52   12.6141   4.4
44.54   9.68041   4.4
44.56   7.7417   4.4
44.58   6.38083   4.4
44.6   5.38533   4.4
44.62   4.63685   4.4
44.64   4.06272   4.4
44.66   3.61542   4.4
44.68   3.2626   4.4
44.7   2.98171   4.4
44.72   2.75664   4.4
44.74   2.57569   4.4
44.76   2.43021   4.4
44.78   2.31372   4.4
44.8   2.22131   4.4
44.82   2.14925   4.4
44.84   2.09464   4.4
44.86   2.05526   4.4
44.88   2.02942   4.4
44.9   2.01581   4.4
44.92   2.01346   4.4
44.94   2.02166   4.4
44.96   2.03994   4.4
44.98   2.06803   4.4
45   2.10582   4.4
45.02   2.15339   4.4
45.04   2.21096   4.4
45.06   2.27893   4.4
45.08   2.35783   4.4
45.1   2.44841   4.4
45.12   2.55157   4.4
45.14   2.66846   4.4
45.16   2.80044   4.4
45.18   2.94919   4.4
45.2   3.11671   4.4
45.22   3.30541   4.4
45.24   3.51818   4.4
45.26   3.75851   4.4
45.28   4.03063   4.4
45.3   4.33968   4.4
45.32   4.69195   4.4
45.34   5.09522   4.4
45.36   5.55912   4.4
45.38   6.09574   4.4
45.4   6.72039   4.4
45.42   7.45267   4.4
45.44   8.31795   4.4
45.46   9.34956   4.4
45.48   10.5919   4.4
45.5   12.1051   4.4
45.52   13.9721   4.4
45.54   16.3097   4.4
45.56   19.2863   4.4
45.58   23.1523   4.81168
45.6   28.2965   5.31944
45.62   35.3712   5.94737
45.64   45.5885   6.75193
45.66   61.3609   7.83332
45.68   87.3262   9.34485
45.7   131.152   11.4522
45.72   202.462   14.2289
45.74   305.926   17.4907
45.76   416.022   20.3966
45.78   448.295   21.173
45.8   365.932   19.1293
45.82   252.127   15.8785
45.84   163.87   12.8012
45.86   106.955   10.3419
45.88   72.9292   8.53986
45.9   52.6641   7.257
45.92   39.9954   6.32419
45.94   31.504   5.61284
45.96   25.4672   5.0465
45.98   20.9987   4.58244
46   17.5969   4.4
46.02   14.9499   4.4
46.04   12.852   4.4
46.06   11.1627   4.4
46.08   9.78315   4.4
46.1   8.64261   4.4
46.12   7.68924   4.4
46.14   6.88445   4.4
46.16   6.19906   4.4
46.18   5.61068   4.4
46.2   5.10191   4.4
46.22   4.65906   4.4
46.24   4.27126   4.4
46.26   3.92978   4.4
46.28   3.62755   4.4
46.3   3.35879   4.4
46.32   3.11876   4.4
46.34   2.9035   4.4
46.36   2.70973   4.4
46.38   2.53468   4.4
46.4   2.37604   4.4
46.42   2.2318   4.4
46.44   2.10029   4.4
46.46   1.98005   4.4
46.48   1.86983   4.4
46.5   1.76856   4.4
46.52   1.67528   4.4
46.54   1.58918   4.4
46.56   1.50954   4.4
46.58   1.43573   4.4
46.6   1.3672   4.4
46.62   1.30346   4.4
46.64   1.24407   4.4
46.66   1.18865   4.4
46.68   1.13684   4.4
46.7   1.08834   4.4
46.72   1.04288   4.4
46.74   1.00021   4.4
46.76   0.960103   4.4
46.78   0.922358   4.4
46.8   0.886794   4.4
46.82   0.853246   4.4
46.84   0.821566   4.4
46.86   0.791616   4.4
46.88   0.763274   4.4
46.9   0.736426   4.4
46.92   0.710969   4.4
46.94   0.686809   4.4
46.96   0.663859   4.4
46.98   0.64204   4.4
47   0.621279   4.4
47.02   0.601508   4.4
47.04   0.582665   4.4
47.06   0.564694   4.4
47.08   0.547541   4.4
47.1   0.531158   4.4
47.12   0.515499   4.4
47.14   0.500522   4.4
47.16   0.486188   4.4
47.18   0.472461   4.4
47.2   0.459306   4.4
47.22   0.446694   4.4
47.24   0   4.4
47.26   0   4.4
47.28   0   4.4
47.3   0   4.4
47.32   0   4.4
47.34   0   4.4
47.36   0   4.4
47.38   0   4.4
47.4   0   4.4
47.42   3.29496   4.4
47.44   3.38637   4.4
47.46   3.48163   4.4
47.48   3.58097   4.4
47.5   3.68462   4.4
47.52   3.79283   4.4
47.54   3.90588   4.4
47.56   4.02406   4.4
47.58   4.14768   4.4
47.6   4.27708   4.4
47.62   4.41263   4.4
47.64   4.55472   4.4
47.66   4.70379   4.4
47.68   4.86029   4.4
47.7   5.02473   4.4
47.72   5.19765   4.4
47.74   5.37965   4.4
47.76   5.57137   4.4
47.78   5.77352   4.4
47.8   5.98686   4.4
47.82   6.21225   4.4
47.84   8.68276   4.4
47.86   8.99817   4.4
47.88   9.33138   4.4
47.9   9.68378   4.4
47.92   10.0569   4.4
47.94   10.4524   4.4
47.96   10.8721   4.4
47.98   11.3181   4.4
48   11.7926   4.4
48.02   12.2983   4.4
48.04   12.8379   4.4
48.06   13.4145   4.4
48.08   14.0318   4.4
48.1   14.6936   4.4
48.12   15.4045   4.4
48.14   16.1694   4.4
48.16   16.9941   4.4
48.18   17.8852   4.4
48.2   18.8501   4.4
48.22   19.8972   4.46063
48.24   21.0365   4.58656
48.26   22.2792   4.72008
48.28   23.6384   4.86194
48.3   25.1296   5.01295
48.32   26.7707   5.17404
48.34   28.5828   5.34629
48.36   30.5911   5.53092
48.38   32.8255   5.72935
48.4   35.3219   5.94322
48.42   38.1237   6.17444
48.44   41.2838   6.42524
48.46   44.8671   6.69829
48.48   48.9542   6.99673
48.5   53.6459   7.32433
48.52   59.0694   7.68566
48.54   65.3878   8.08627
48.56   72.8122   8.53301
48.58   81.6203   9.03439
48.6   92.1822   9.60116
48.62   105.001   10.247
48.64   120.772   10.9896
48.66   140.478   11.8523
48.68   165.546   12.8665
48.7   198.109   14.0751
48.72   241.535   15.5414
48.74   301.604   17.3668
48.76   389.306   19.7308
48.78   526.562   22.9469
48.8   754.346   27.4654
48.82   1136.76   33.7158
48.84   1745.85   41.7834
48.86   2586.04   50.8532
48.88   3352.33   57.8993
48.9   3360.58   57.9705
48.92   2604.76   51.0368
48.94   1769.14   42.0611
48.96   1164.07   34.1184
48.98   787.049   28.0544
49   566.471   23.8007
49.02   438.403   20.9381
49.04   362.152   19.0303
49.06   316.375   17.7869
49.08   291.074   17.0609
49.1   282.051   16.7944
49.12   288.533   16.9863
49.14   313.012   17.6922
49.16   363.106   19.0553
49.18   455.722   21.3477
49.2   622.053   24.941
49.22   907.362   30.1225
49.24   1352.62   36.778
49.26   1916.79   43.7812
49.28   2291.42   47.8687
49.3   2082.57   45.6352
49.32   1520.94   38.9993
49.34   1012.22   31.8154
49.36   665.264   25.7927
49.38   452.3   21.2673
49.4   325.393   18.0386
49.42   247.373   15.7281
49.44   196.075   14.0027
49.46   160.035   12.6505
49.48   133.472   11.553
49.5   113.244   10.6416
49.52   97.4608   9.87222
49.54   84.8965   9.21393
49.56   74.7216   8.64417
49.58   66.3577   8.14602
49.6   59.3917   7.7066
49.62   53.5225   7.31591
49.64   48.5262   6.96607
49.66   44.2398   6.6513
49.68   40.522   6.36569
49.7   37.2777   6.10555
49.72   34.4277   5.86751
49.74   31.9088   5.64878
49.76   29.67   5.44702
49.78   27.6703   5.26025
49.8   25.8756   5.08681
49.82   24.2582   4.92526
49.84   22.7946   4.77437
49.86   21.4655   4.63309
49.88   20.2543   4.50048
49.9   19.1472   4.4
49.92   18.1321   4.4
49.94   17.199   4.4
49.96   16.3388   4.4
49.98   15.5441   4.4
50   14.8082   4.4
50.02   14.1252   4.4
50.04   13.4901   4.4
50.06   12.8984   4.4
50.08   12.3461   4.4
50.1   11.8298   4.4
50.12   11.3463   4.4
50.14   10.8928   4.4
50.16   10.4668   4.4
50.18   10.0662   4.4
50.2   10.2807   4.4
50.22   9.94166   4.4
50.24   9.62322   4.4
50.26   9.32396   4.4
50.28   9.04259   4.4
50.3   8.77794   4.4
50.32   8.52897   4.4
50.34   8.29471   4.4
50.36   8.07433   4.4
50.38   4.65889   4.4
50.4   4.54833   4.4
50.42   4.44626   4.4
50.44   4.35229   4.4
50.46   4.26607   4.4
50.48   4.18731   4.4
50.5   4.11576   4.4
50.52   4.05122   4.4
50.54   3.9935   4.4
50.56   3.9425   4.4
50.58   3.89811   4.4
50.6   3.86031   4.4
50.62   3.8291   4.4
50.64   3.80451   4.4
50.66   3.78666   4.4
50.68   3.77568   4.4
50.7   3.77179   4.4
50.72   3.77528   4.4
50.74   3.7865   4.4
50.76   1.67299   4.4
50.78   1.75774   4.4
50.8   1.84976   4.4
50.82   1.95007   4.4
50.84   2.05993   4.4
50.86   2.18092   4.4
50.88   2.31504   4.4
50.9   2.46494   4.4
50.92   2.63421   4.4
50.94   2.82787   4.4
50.96   3.05341   4.4
50.98   3.32309   4.4
51   3.65924   4.4
51.02   4.10501   4.4
51.04   4.73892   4.4
51.06   5.68077   4.4
51.08   7.06021   4.4
51.1   8.86677   4.4
51.12   10.4949   4.4
51.14   10.7352   4.4
51.16   9.73652   4.4
51.18   8.72275   4.4
51.2   8.19402   4.4
51.22   8.13773   4.4
51.24   8.4391   4.4
51.26   9.00519   4.4
51.28   9.78975   4.4
51.3   10.7866   4.4
51.32   12.0179   4.4
51.34   13.528   4.4
51.36   15.3841   4.4
51.38   17.6827   4.4
51.4   20.5619   4.53452
51.42   24.2211   4.92149
51.44   28.9551   5.381
51.46   35.2172   5.93441
51.48   43.7503   6.6144
51.5   55.8988   7.47655
51.52   74.3132   8.62051
51.54   104.196   10.2076
51.56   154.586   12.4332
51.58   237.891   15.4237
51.6   363.741   19.072
51.62   514.209   22.6762
51.64   595.395   24.4007
51.66   519.21   22.7862
51.68   369.062   19.211
51.7   241.682   15.5461
51.72   156.931   12.5272
51.74   105.564   10.2744
51.76   75.1084   8.66651
51.78   56.377   7.50846
51.8   44.0458   6.6367
51.82   35.3961   5.94946
51.84   29.0507   5.38987
51.86   24.2513   4.92456
51.88   20.5363   4.53169
51.9   17.6051   4.4
51.92   15.2539   4.4
51.94   13.3404   4.4
51.96   11.7632   4.4
51.98   10.4483   4.4
52   9.341   4.4
52.02   8.40001   4.4
52.04   7.59376   4.4
52.06   6.89781   4.4
52.08   6.293   4.4
52.1   5.76414   4.4
52.12   5.29906   4.4
52.14   4.88794   4.4
52.16   4.52276   4.4
52.18   4.19694   4.4
52.2   3.90503   4.4
52.22   3.6425   4.4
52.24   3.40554   4.4
52.26   3.19093   4.4
52.28   2.99596   4.4
52.3   2.81831   4.4
52.32   2.65599   4.4
52.34   2.50728   4.4
52.36   2.3707   4.4
52.38   2.24498   4.4
52.4   2.12899   4.4
52.42   2.02176   4.4
52.44   1.92243   4.4
52.46   1.83023   4.4
52.48   1.74451   4.4
52.5   1.66467   4.4
52.52   1.59018   4.4
52.54   1.52058   4.4
52.56   1.45545   4.4
52.58   1.39442   4.4
52.6   1.33714   4.4
52.62   1.27761   4.4
52.64   1.22712   4.4
52.66   1.17957   4.4
52.68   1.13472   4.4
52.7   1.09239   4.4
52.72   1.05238   4.4
52.74   1.01452   4.4
52.76   0.978673   4.4
52.78   0.944689   4.4
52.8   0.912445   4.4
52.82   0.881822   4.4
52.84   0.852715   4.4
52.86   0.825024   4.4
52.88   0.79866   4.4
52.9   0.77354   4.4
52.92   0.749585   4.4
52.94   0.726726   4.4
52.96   0.704896   4.4
52.98   0.684035   4.4
53   0.664086   4.4
53.02   0.644997   4.4
53.04   0.626718   4.4
53.06   0.609206   4.4
53.08   0.592417   4.4
53.1   0   4.4
53.12   0   4.4
53.14   0   4.4
53.16   0   4.4
53.18   0   4.4
53.2   0   4.4
53.22   0   4.4
53.24   0   4.4
53.26   0   4.4
53.28   0   4.4
53.3   0   4.4
53.32   0   4.4
53.34   0   4.4
53.36   0   4.4
53.38   0   4.4
53.4   0   4.4
53.42   0   4.4
53.44   0   4.4
53.46   0   4.4
53.48   0   4.4
53.5   0   4.4
53.52   0   4.4
53.54   0   4.4
53.56   0   4.4
53.58   0   4.4
53.6   0   4.4
53.62   0   4.4
53.64   0   4.4
53.66   0   4.4
53.68   0   4.4
53.7   0   4.4
53.72   0   4.4
53.74   1.27702   4.4
53.76   1.31247   4.4
53.78   1.34942   4.4
53.8   1.38795   4.4
53.82   1.42816   4.4
53.84   1.47014   4.4
53.86   1.51399   4.4
53.88   1.55984   4.4
53.9   1.6078   4.4
53.92   1.658   4.4
53.94   1.7106   4.4
53.96   1.76573   4.4
53.98   1.82357   4.4
54   1.8843   4.4
54.02   1.94812   4.4
54.04   2.01522   4.4
54.06   2.08586   4.4
54.08   2.16027   4.4
54.1   2.23873   4.4
54.12   2.32154   4.4
54.14   2.40903   4.4
54.16   2.50156   4.4
54.18   2.59952   4.4
54.2   2.70334   4.4
54.22   2.81351   4.4
54.24   2.93054   4.4
54.26   3.05502   4.4
54.28   3.18759   4.4
54.3   3.32898   4.4
54.32   3.47997   4.4
54.34   3.64147   4.4
54.36   3.81446   4.4
54.38   4.00006   4.4
54.4   4.19953   4.4
54.42   4.41427   4.4
54.44   4.6459   4.4
54.46   4.89622   4.4
54.48   5.16729   4.4
54.5   5.46147   4.4
54.52   5.78147   4.4
54.54   6.13037   4.4
54.56   6.51178   4.4
54.58   6.92984   4.4
54.6   7.3894   4.4
54.62   7.89611   4.4
54.64   8.45665   4.4
54.66   9.07889   4.4
54.68   9.77219   4.4
54.7   10.5478   4.4
54.72   11.4192   4.4
54.74   12.4027   4.4
54.76   13.5185   4.4
54.78   14.7911   4.4
54.8   16.2513   4.4
54.82   17.9376   4.4
54.84   19.8988   4.46081
54.86   22.1978   4.71145
54.88   24.9161   4.9916
54.9   28.1611   5.3067
54.92   32.0768   5.66364
54.94   36.8591   6.07117
54.96   42.7798   6.54063
54.98   50.2245   7.08693
55   59.7536   7.73005
55.02   72.2096   8.49762
55.04   88.9274   9.43013
55.06   112.215   10.5932
55.08   146.488   12.1032
55.1   200.549   14.1615
55.12   290.748   17.0513
55.14   442.317   21.0313
55.16   682.802   26.1305
55.18   1010.4   31.7868
55.2   1296.58   36.008
55.22   1277.33   35.7397
55.24   974.955   31.2243
55.26   653.634   25.5663
55.28   423.141   20.5704
55.3   279.193   16.7091
55.32   193.711   13.918
55.34   142.272   11.9278
55.36   109.429   10.4608
55.38   86.9664   9.32558
55.4   70.768   8.41237
55.42   58.6619   7.65911
55.44   49.3787   7.027
55.46   42.112   6.48937
55.48   36.323   6.02686
55.5   31.6404   5.62498
55.52   27.8012   5.27268
55.54   24.6159   4.96144
55.56   21.945   4.68455
55.58   19.6839   4.43666
55.6   17.7534   4.4
55.62   16.0923   4.4
55.64   14.6529   4.4
55.66   13.3976   4.4
55.68   12.2964   4.4
55.7   11.3252   4.4
55.72   10.4643   4.4
55.74   9.69772   4.4
55.76   9.01216   4.4
55.78   8.39663   4.4
55.8   7.84194   4.4
55.82   7.34034   4.4
55.84   6.88527   4.4
55.86   6.47117   4.4
55.88   6.09326   4.4
55.9   5.74747   4.4
55.92   5.43025   4.4
55.94   5.13855   4.4
55.96   4.8697   4.4
55.98   4.62138   4.4
56   4.39157   4.4
56.02   4.17845   4.4
56.04   3.98047   4.4
56.06   3.79621   4.4
56.08   3.62444   4.4
56.1   3.46407   4.4
56.12   3.31409   4.4
56.14   3.17364   4.4
56.16   3.04192   4.4
56.18   2.91824   4.4
56.2   2.80193   4.4
56.22   2.69244   4.4
56.24   2.58924   4.4
56.26   2.49186   4.4
56.28   2.39986   4.4
56.3   2.31286   4.4
56.32   2.23051   4.4
56.34   2.15248   4.4
56.36   2.07846   4.4
56.38   2.0082   4.4
56.4   1.94144   4.4
56.42   1.87795   4.4
56.44   1.81753   4.4
56.46   1.75997   4.4
56.48   1.7051   4.4
56.5   1.65276   4.4
56.52   1.60279   4.4
56.54   1.55505   4.4
56.56   1.50942   4.4
56.58   1.46576   4.4
56.6   1.42397   4.4
56.62   1.38394   4.4
56.64   1.34557   4.4
56.66   1.30878   4.4
56.68   1.27347   4.4
56.7   0   4.4
56.72   0   4.4
56.74   0   4.4
56.76   0   4.4
56.78   0   4.4
56.8   0   4.4
56.82   0   4.4
56.84   0   4.4
56.86   0.0342384   4.4
56.88   0.0352064   4.4
56.9   0.036216   4.4
56.92   0.0372696   4.4
56.94   0.0383699   4.4
56.96   0.0395197   4.4
56.98   0.0407219   4.4
57   0.0419797   4.4
57.02   0.0432967   4.4
57.04   0.0446767   4.4
57.06   0.0461236   4.4
57.08   0.0476419   4.4
57.1   0.0492365   4.4
57.12   0.0509124   4.4
57.14   0.0526752   4.4
57.16   0.0545312   4.4
57.18   0.056487   4.4
57.2   0.0585499   4.4
57.22   0.0607277   4.4
57.24   0.0630293   4.4
57.26   0.0654641   4.4
57.28   0.0680427   4.4
57.3   0.0707765   4.4
57.32   0.0736784   4.4
57.34   0.0767622   4.4
57.36   0.0800437   4.4
57.38   0.0835399   4.4
57.4   0.08727   4.4
57.42   0.0912554   4.4
57.44   0.0955198   4.4
57.46   0.10009   4.4
57.48   0.104996   4.4
57.5   0.110271   4.4
57.52   0.115953   4.4
57.54   0.122085   4.4
57.56   0.128716   4.4
57.58   0.135901   4.4
57.6   0.143705   4.4
57.62   0.152198   4.4
57.64   0.161467   4.4
57.66   0.171606   4.4
57.68   0.18273   4.4
57.7   0.194968   4.4
57.72   0.208475   4.4
57.74   0.223433   4.4
57.76   0.240054   4.4
57.78   0.258596   4.4
57.8   0.279364   4.4
57.82   0.302729   4.4
57.84   0.32914   4.4
57.86   0.359148   4.4
57.88   0.393435   4.4
57.9   0.432849   4.4
57.92   0.478459   4.4
57.94   0.531627   4.4
57.96   0.594106   4.4
57.98   0.668184   4.4
58   0.756892   4.4
58.02   0.864304   4.4
58.04   0.996   4.4
58.06   1.15977   4.4
58.08   1.36674   4.4
58.1   1.63322   4.4
58.12   1.98406   4.4
58.14   2.45951   4.4
58.16   3.1314   4.4
58.18   4.14018   4.4
58.2   5.76361   4.4
58.22   8.4951   4.4
58.24   13.039   4.4
58.26   20.0209   4.47447
58.28   28.7663   5.36342
58.3   34.4531   5.86968
58.32   31.1445   5.58072
58.34   22.5623   4.74998
58.36   14.8577   4.4
58.38   9.62922   4.4
58.4   6.43561   4.4
58.42   4.54361   4.4
58.44   3.38859   4.4
58.46   2.63529   4.4
58.48   2.11076   4.4
58.5   1.72787   4.4
58.52   1.45914   4.4
58.54   1.23694   4.4
58.56   1.06218   4.4
58.58   0.922433   4.4
58.6   0.809052   4.4
58.62   0.715888   4.4
58.64   0.638474   4.4
58.66   0.573508   4.4
58.68   0.518506   4.4
58.7   0.471575   4.4
58.72   0.431249   4.4
58.74   0.396384   4.4
58.76   0.366074   4.4
58.78   0.339594   4.4
58.8   0.316362   4.4
58.82   0.295902   4.4
58.84   0.277828   4.4
58.86   0.261817   4.4
58.88   0.247607   4.4
58.9   0.234974   4.4
58.92   0.223733   4.4
58.94   0.213729   4.4
58.96   0.204831   4.4
58.98   0.196927   4.4
59   0.189923   4.4
59.02   0.183741   4.4
59.04   0.178312   4.4
59.06   0.756771   4.4
59.08   0.769225   4.4
59.1   0.783006   4.4
59.12   0.798123   4.4
59.14   0.814598   4.4
59.16   0.832461   4.4
59.18   0.851752   4.4
59.2   0.872521   4.4
59.22   0.894829   4.4
59.24   0.918746   4.4
59.26   0.944354   4.4
59.28   0.971749   4.4
59.3   1.00104   4.4
59.32   1.03234   4.4
59.34   1.06581   4.4
59.36   1.10158   4.4
59.38   1.13985   4.4
59.4   1.18082   4.4
59.42   1.22472   4.4
59.44   1.27181   4.4
59.46   1.32239   4.4
59.48   1.37682   4.4
59.5   1.43549   4.4
59.52   1.49888   4.4
59.54   1.56752   4.4
59.56   1.64207   4.4
59.58   1.7233   4.4
59.6   1.81212   4.4
59.62   1.90967   4.4
59.64   2.01731   4.4
59.66   2.13678   4.4
59.68   2.27024   4.4
59.7   2.4205   4.4
59.72   2.59126   4.4
59.74   2.78744   4.4
59.76   3.01586   4.4
59.78   3.25343   4.4
59.8   3.5805   4.4
59.82   3.9853   4.4
59.84   4.50476   4.4
59.86   5.20828   4.4
59.88   6.23294   4.4
59.9   7.83251   4.4
59.92   10.3999   4.4
59.94   14.3691   4.4
59.96   19.7368   4.44261
59.98   24.5685   4.95666
60   24.7529   4.97523
60.02   20.4998   4.52767
60.04   15.935   4.4
60.06   12.8366   4.4
60.08   11.168   4.4
60.1   10.5089   4.4
60.12   10.4951   4.4
60.14   10.9077   4.4
60.16   11.6481   4.4
60.18   12.6922   4.4
60.2   14.0599   4.4
60.22   15.8045   4.4
60.24   18.0139   4.4
60.26   20.8206   4.56296
60.28   24.421   4.94177
60.3   29.1095   5.39532
60.32   35.3416   5.94488
60.34   43.8704   6.62348
60.36   56.0687   7.4879
60.38   74.6515   8.64011
60.4   104.928   10.2434
60.42   156.028   12.4911
60.44   240.251   15.5
60.46   366.452   19.1429
60.48   513.891   22.6692
60.5   585.762   24.2025
60.52   502.95   22.4266
60.54   354.769   18.8353
60.56   231.859   15.2269
60.58   150.74   12.2776
60.6   101.722   10.0857
60.62   72.6392   8.52286
60.64   54.6875   7.3951
60.66   42.8198   6.54368
60.68   34.4697   5.87109
60.7   28.3294   5.32254
60.72   23.6775   4.86595
60.74   20.0718   4.48016
60.76   17.2236   4.4
60.78   14.9366   4.4
60.8   13.0736   4.4
60.82   11.5366   4.4
60.84   10.2544   4.4
60.86   9.17375   4.4
60.88   8.25481   4.4
60.9   7.46698   4.4
60.92   6.78654   4.4
60.94   6.1949   4.4
60.96   5.67729   4.4
60.98   5.2219   4.4
61   4.81916   4.4
61.02   4.46128   4.4
61.04   4.14185   4.4
61.06   3.85557   4.4
61.08   3.59801   4.4
61.1   3.36546   4.4
61.12   3.1548   4.4
61.14   2.96336   4.4
61.16   2.78889   4.4
61.18   2.62943   4.4
61.2   2.48333   4.4
61.22   2.34913   4.4
61.24   2.22559   4.4
61.26   2.1116   4.4
61.28   2.00622   4.4
61.3   1.9086   4.4
61.32   1.818   4.4
61.34   1.73378   4.4
61.36   1.65536   4.4
61.38   1.58222   4.4
61.4   1.5139   4.4
61.42   1.45001   4.4
61.44   1.39017   4.4
61.46   1.33406   4.4
61.48   1.26209   4.4
61.5   1.2131   4.4
61.52   1.16704   4.4
61.54   1.12368   4.4
61.56   1.08284   4.4
61.58   1.04435   4.4
61.6   1.00805   4.4
61.62   0.973815   4.4
61.64   0.941515   4.4
61.66   0.911045   4.4
61.68   0.882314   4.4
61.7   0.855243   4.4
61.72   0.829769   4.4
61.74   0.805844   4.4
61.76   0.783437   4.4
61.78   0.762538   4.4
61.8   0.74316   4.4
61.82   0.725347   4.4
61.84   0.709181   4.4
61.86   0.694798   4.4
61.88   0.682406   4.4
61.9   0.672317   4.4
61.92   0.664995   4.4
61.94   0.661141   4.4
61.96   0.0957493   4.4
61.98   0.117873   4.4
62   0.148668   4.4
62.02   0.193936   4.4
62.04   0.265256   4.4
62.06   0.384171   4.4
62.08   0.584079   4.4
62.1   0.901778   4.4
62.12   1.33636   4.4
62.14   1.72116   4.4
62.16   1.70435   4.4
62.18   1.3054   4.4
62.2   0.876308   4.4
62.22   0.567336   4.4
62.24   0.374082   4.4
62.26   0.259285   4.4
62.28   0.190255   4.4
62.3   0.146235   4.4
62.32   0.116161   4.4
62.34   0.0944906   4.4
62.36   0.0783032   4.4
62.38   0.0658954   4.4
62.4   0.0561861   4.4
62.42   0.0484535   4.4
62.44   0.0422001   4.4
62.46   0.0370743   4.4
62.48   0.0328224   4.4
62.5   0.0292577   4.4
62.52   0.0262405   4.4
62.54   0.0236648   4.4
62.56   0.0214488   4.4
62.58   0.0195288   4.4
62.6   0.0178545   4.4
62.62   0.016386   4.4
62.64   0.0150909   4.4
62.66   1.60699   4.4
62.68   1.65093   4.4
62.7   1.6969   4.4
62.72   1.74501   4.4
62.74   1.79536   4.4
62.76   1.84807   4.4
62.78   1.90328   4.4
62.8   1.96112   4.4
62.82   2.02175   4.4
62.84   2.08533   4.4
62.86   2.15206   4.4
62.88   2.22213   4.4
62.9   2.29576   4.4
62.92   2.37318   4.4
62.94   2.45465   4.4
62.96   2.54046   4.4
62.98   2.6309   4.4
63   2.72632   4.4
63.02   2.82707   4.4
63.04   2.93356   4.4
63.06   3.04623   4.4
63.08   3.16556   4.4
63.1   3.29207   4.4
63.12   3.42637   4.4
63.14   3.56908   4.4
63.16   3.72093   4.4
63.18   3.88271   4.4
63.2   4.0553   4.4
63.22   4.23969   4.4
63.24   4.43696   4.4
63.26   4.64834   4.4
63.28   4.87521   4.4
63.3   5.11911   4.4
63.32   5.38179   4.4
63.34   5.66523   4.4
63.36   5.97165   4.4
63.38   6.30361   4.4
63.4   6.66402   4.4
63.42   7.05622   4.4
63.44   7.48405   4.4
63.46   7.95196   4.4
63.48   8.46508   4.4
63.5   9.83078   4.4
63.52   10.4756   4.4
63.54   11.1879   4.4
63.56   11.9776   4.4
63.58   12.8563   4.4
63.6   13.8381   4.4
63.62   14.9399   4.4
63.64   16.1807   4.4
63.66   17.5888   4.4
63.68   19.1937   4.4
63.7   21.0338   4.58626
63.72   23.1578   4.81226
63.74   25.6274   5.06235
63.76   28.5218   5.34058
63.78   31.9444   5.65194
63.8   36.0317   6.00264
63.82   40.9668   6.40053
63.84   46.9999   6.85565
63.86   54.4794   7.38102
63.88   63.901   7.99381
63.9   75.989   8.71716
63.92   91.8397   9.5833
63.94   113.212   10.6401
63.96   143.203   11.9667
63.98   187.813   13.7045
64   258.971   16.0926
64.02   378.294   19.4498
64.04   577.743   24.0363
64.06   888.718   29.8114
64.08   1293.8   35.9695
64.1   1597.84   39.973
64.12   1497.98   38.7038
64.14   1108.72   33.2975
64.16   736.024   27.1298
64.18   477.591   21.8538
64.2   318.421   17.8443
64.22   224.164   14.9721
64.24   167.078   12.9259
64.26   130.258   11.4131
64.28   104.883   10.2412
64.3   86.5255   9.30191
64.32   72.8127   8.53304
64.34   62.3351   7.89526
64.36   54.1891   7.36133
64.38   47.769   6.91151
64.4   42.6566   6.5312
64.42   38.557   6.20943
64.44   35.2591   5.93794
64.46   32.6096   5.71048
64.48   30.4965   5.52236
64.5   28.8386   5.37015
64.52   27.5775   5.25142
64.54   26.6732   5.16461
64.56   26.1013   5.10894
64.58   25.8505   5.08434
64.6   25.9232   5.09148
64.62   26.3904   5.13716
64.64   27.175   5.21297
64.66   28.3817   5.32745
64.68   30.0864   5.48511
64.7   32.3993   5.69204
64.72   35.4787   5.9564
64.74   39.5543   6.28922
64.76   44.9637   6.7055
64.78   52.2178   7.22619
64.8   62.1267   7.88205
64.82   76.087   8.72279
64.84   96.7603   9.83668
64.86   129.462   11.3781
64.88   184.138   13.5697
64.9   276.357   16.624
64.92   423.641   20.5825
64.94   627.13   25.0426
64.96   812.873   28.5109
64.98   814.464   28.5388
65   629.823   25.0963
65.02   425.341   20.6238
65.04   276.712   16.6346
65.06   183.359   13.541
65.08   127.808   11.3052
65.1   94.4102   9.71649
65.12   73.1331   8.55179
65.14   58.6027   7.65524
65.16   48.1255   6.93725
65.18   40.2877   6.34726
65.2   34.2676   5.85385
65.22   29.5451   5.43554
65.24   25.7737   5.07678
65.26   22.7145   4.76598
65.28   20.1989   4.49431
65.3   18.105   4.4
65.32   16.3436   4.4
65.34   14.8477   4.4
65.36   13.5665   4.4
65.38   12.4608   4.4
65.4   11.5003   4.4
65.42   10.6609   4.4
65.44   9.9235   4.4
65.46   9.27277   4.4
65.48   8.69634   4.4
65.5   8.18411   4.4
65.52   7.9786   4.4
65.54   7.5787   4.4
65.56   7.22284   4.4
65.58   5.37528   4.4
65.6   5.13566   4.4
65.62   4.92761   4.4
65.64   4.74912   4.4
65.66   4.5988   4.4
65.68   4.47596   4.4
65.7   4.38056   4.4
65.72   4.31339   4.4
65.74   4.27613   4.4
65.76   4.27164   4.4
65.78   4.3043   4.4
65.8   4.38055   4.4
65.82   4.50973   4.4
65.84   4.70543   4.4
65.86   4.98761   4.4
65.88   5.38627   4.4
65.9   5.94821   4.4
65.92   6.75176   4.4
65.94   7.94188   4.4
65.96   9.80697   4.4
65.98   12.9053   4.4
66   18.1735   4.4
66.02   26.8183   5.17864
66.04   39.5347   6.28766
66.06   53.5623   7.31863
66.08   58.6595   7.65895
66.1   49.0459   7.00328
66.12   34.666   5.88779
66.14   23.2694   4.82383
66.16   15.8739   4.4
66.18   12.2693   4.4
66.2   9.65973   4.4
66.22   8.05377   4.4
66.24   7.00159   4.4
66.26   6.27614   4.4
66.28   5.76147   4.4
66.3   5.39275   4.4
66.32   5.13025   4.4
66.34   4.94821   4.4
66.36   4.82948   4.4
66.38   4.76252   4.4
66.4   4.73962   4.4
66.42   4.75577   4.4
66.44   4.80799   4.4
66.46   4.1146   4.4
66.48   4.25672   4.4
66.5   4.43399   4.4
66.52   4.64895   4.4
66.54   4.9055   4.4
66.56   5.20909   4.4
66.58   5.56709   4.4
66.6   5.98925   4.4
66.62   6.48846   4.4
66.64   7.0818   4.4
66.66   7.79213   4.4
66.68   8.65038   4.4
66.7   9.6991   4.4
66.72   10.9979   4.4
66.74   12.6323   4.4
66.76   14.7281   4.4
66.78   17.4778   4.4
66.8   21.197   4.60402
66.82   26.4559   5.14353
66.84   34.3776   5.86324
66.86   47.1662   6.86776
66.88   68.6511   8.2856
66.9   104.09   10.2025
66.92   157.567   12.5526
66.94   221.504   14.883
66.96   256.144   16.0045
66.98   224.129   14.9709
67   160.761   12.6792
67.02   107.047   10.3463
67.04   71.5035   8.45597
67.06   50.0586   7.07521
67.08   37.5124   6.12473
67.1   29.9754   5.47498
67.12   25.1974   5.0197
67.14   22.033   4.69393
67.16   19.9072   4.46175
67.18   18.509   4.4
67.2   17.6558   4.4
67.22   17.236   4.4
67.24   17.1827   4.4
67.26   17.4603   4.4
67.28   18.0571   4.4
67.3   18.9818   4.4
67.32   20.2631   4.50146
67.34   21.9521   4.6853
67.36   24.1266   4.91188
67.38   26.9006   5.18658
67.4   30.4382   5.51708
67.42   34.9762   5.91407
67.44   40.8626   6.39238
67.46   48.6217   6.97292
67.48   59.0822   7.68649
67.5   73.6658   8.58288
67.52   95.071   9.75044
67.54   128.631   11.3416
67.56   184.585   13.5862
67.58   278.876   16.6996
67.6   429.856   20.733
67.62   640.169   25.3016
67.64   837.487   28.9394
67.66   848.938   29.1365
67.68   661.196   25.7137
67.7   447.026   21.143
67.72   289.968   17.0284
67.74   191.013   13.8207
67.76   132.124   11.4945
67.78   96.817   9.83956
67.8   74.4245   8.62696
67.82   59.2038   7.6944
67.84   48.2762   6.94811
67.86   40.1359   6.33529
67.88   33.9117   5.82338
67.9   29.0539   5.39017
67.92   25.1967   5.01963
67.94   22.0887   4.69986
67.96   19.5529   4.42187
67.98   17.462   4.4
68   15.7228   4.4
68.02   14.266   4.4
68.04   13.0397   4.4
68.06   12.0044   4.4
68.08   11.1302   4.4
68.1   10.3945   4.4
68.12   9.78058   4.4
68.14   9.27647   4.4
68.16   8.8747   4.4
68.18   8.572   4.4
68.2   8.36957   4.4
68.22   8.27383   4.4
68.24   8.29796   4.4
68.26   8.46443   4.4
68.28   8.80957   4.4
68.3   9.39196   4.4
68.32   10.3103   4.4
68.34   11.7459   4.4
68.36   14.0583   4.4
68.38   17.9573   4.4
68.4   24.6819   4.96809
68.42   35.7006   5.975
68.44   52.8691   7.27111
68.46   73.5967   8.57885
68.48   85.0967   9.22478
68.5   74.8172   8.64969
68.52   53.9327   7.34389
68.54   36.0596   6.00497
68.56   24.105   4.90968
68.58   16.8187   4.4
68.6   12.4677   4.4
68.62   9.76681   4.4
68.64   7.96837   4.4
68.66   6.68989   4.4
68.68   5.73766   4.4
68.7   5.0051   4.4
68.72   4.4274   4.4
68.74   3.96228   4.4
68.76   3.58104   4.4
68.78   3.26364   4.4
68.8   2.99572   4.4
68.82   2.76678   4.4
68.84   2.56905   4.4
68.86   2.3966   4.4
68.88   2.24492   4.4
68.9   2.11046   4.4
68.92   1.99045   4.4
68.94   1.88265   4.4
68.96   1.78528   4.4
68.98   1.69688   4.4
69   1.61624   4.4
69.02   1.54237   4.4
69.04   1.47444   4.4
69.06   1.41174   4.4
69.08   1.35369   4.4
69.1   1.29978   4.4
69.12   1.24957   4.4
69.14   0.389721   4.4
69.16   0.367229   4.4
69.18   0.346628   4.4
69.2   0.327709   4.4
69.22   0.310296   4.4
69.24   0.294233   4.4
69.26   0.279384   4.4
69.28   0.26563   4.4
69.3   0.252866   4.4
69.32   0.241   4.4
69.34   0.229948   4.4
69.36   0.219639   4.4
69.38   0.210008   4.4
69.4   0.200995   4.4
69.42   0.19255   4.4
69.44   0.184626   4.4
69.46   0.177181   4.4
69.48   0.170177   4.4
69.5   0.163579   4.4
69.52   0.157358   4.4
69.54   0.151485   4.4
69.56   0.145934   4.4
69.58   0.140683   4.4
69.6   0.13571   4.4
69.62   0.130996   4.4
69.64   0.126523   4.4
69.66   0.122276   4.4
69.68   0.118238   4.4
69.7   0.114397   4.4
69.72   0.11074   4.4
69.74   0.107256   4.4
69.76   0.103934   4.4
69.78   0.100763   4.4
69.8   0.0977354   4.4
69.82   0.0948421   4.4
69.84   0.0920753   4.4
69.86   0.0894278   4.4
69.88   0.0868928   4.4
69.9   0.0844641   4.4
69.92   0.0821357   4.4
69.94   0   4.4
69.96   0   4.4
69.98   0   4.4
70   0   4.4
