1.54056
5   0   4.4
5.02   0   4.4
5.04   0   4.4
5.06   0   4.4
5.08   0   4.4
5.1   0   4.4
5.12   0   4.4
5.14   0   4.4
5.16   0   4.4
5.18   0   4.4
5.2   0   4.4
5.22   0   4.4
5.24   0   4.4
5.26   0   4.4
5.28   0   4.4
5.3   0   4.4
5.32   0   4.4
5.34   0   4.4
5.36   0   4.4
5.38   0   4.4
5.4   0   4.4
5.42   0   4.4
5.44   0   4.4
5.46   0   4.4
5.48   0   4.4
5.5   0   4.4
5.52   0   4.4
5.54   0   4.4
5.56   0   4.4
5.58   0   4.4
5.6   0   4.4
5.62   0   4.4
5.64   0   4.4
5.66   0   4.4
5.68   0   4.4
5.7   0   4.4
5.72   0   4.4
5.74   0   4.4
5.76   0   4.4
5.78   0   4.4
5.8   0   4.4
5.82   0   4.4
5.84   0   4.4
5.86   0   4.4
5.88   0   4.4
5.9   0   4.4
5.92   0   4.4
5.94   0   4.4
5.96   0   4.4
5.98   0   4.4
6   0   4.4
6.02   0   4.4
6.04   0   4.4
6.06   0   4.4
6.08   0   4.4
6.1   0   4.4
6.12   0   4.4
6.14   0   4.4
6.16   0   4.4
6.18   0   4.4
6.2   0   4.4
6.22   0   4.4
6.24   0   4.4
6.26   0   4.4
6.28   0   4.4
6.3   0   4.4
6.32   0   4.4
6.34   0   4.4
6.36   0   4.4
6.38   0   4.4
6.4   0   4.4
6.42   0   4.4
6.44   0   4.4
6.46   0   4.4
6.48   0   4.4
6.5   0   4.4
6.52   0   4.4
6.54   0   4.4
6.56   0   4.4
6.58   0   4.4
6.6   0   4.4
6.62   0   4.4
6.64   0   4.4
6.66   0   4.4
6.68   0   4.4
6.7   0   4.4
6.72   0   4.4
6.74   0   4.4
6.76   0   4.4
6.78   0   4.4
6.8   0   4.4
6.82   0   4.4
6.84   0   4.4
6.86   0   4.4
6.88   0   4.4
6.9   0   4.4
6.92   0   4.4
6.94   0   4.4
6.96   0   4.4
6.98   0   4.4
7   0   4.4
7.02   0   4.4
7.04   0   4.4
7.06   0   4.4
7.08   0   4.4
7.1   0   4.4
7.12   0   4.4
7.14   0   4.4
7.16   0   4.4
7.18   0   4.4
7.2   0   4.4
7.22   0   4.4
7.24   0   4.4
7.26   0   4.4
7.28   0   4.4
7.3   0   4.4
7.32   0   4.4
7.34   0   4.4
7.36   0   4.4
7.38   0   4.4
7.4   0   4.4
7.42   0   4.4
7.44   0   4.4
7.46   0   4.4
7.48   0   4.4
7.5   0   4.4
7.52   0   4.4
7.54   0   4.4
7.56   0   4.4
7.58   0   4.4
7.6   0   4.4
7.62   0   4.4
7.64   0   4.4
7.66   0   4.4
7.68   0   4.4
7.7   0   4.4
7.72   0   4.4
7.74   0   4.4
7.76   0   4.4
7.78   0   4.4
7.8   0   4.4
7.82   0   4.4
7.84   0   4.4
7.86   0   4.4
7.88   0   4.4
7.9   0   4.4
7.92   0   4.4
7.94   0   4.4
7.96   0   4.4
7.98   0   4.4
8   0   4.4
8.02   0   4.4
8.04   0   4.4
8.06   0   4.4
8.08   0   4.4
8.1   0   4.4
8.12   0   4.4
8.14   0   4.4
8.16   0   4.4
8.18   0   4.4
8.2   0   4.4
8.22   0   4.4
8.24   0   4.4
8.26   0   4.4
8.28   0   4.4
8.3   0   4.4
8.32   0   4.4
8.34   0   4.4
8.36   0   4.4
8.38   0   4.4
8.4   0   4.4
8.42   0   4.4
8.44   0   4.4
8.46   0   4.4
8.48   0   4.4
8.5   0   4.4
8.52   0   4.4
8.54   0   4.4
8.56   0   4.4
8.58   0   4.4
8.6   0   4.4
8.62   0   4.4
8.64   0   4.4
8.66   0   4.4
8.68   0   4.4
8.7   0   4.4
8.72   0   4.4
8.74   0   4.4
8.76   0   4.4
8.78   0   4.4
8.8   0   4.4
8.82   0   4.4
8.84   0   4.4
8.86   0   4.4
8.88   0   4.4
8.9   0   4.4
8.92   0   4.4
8.94   0   4.4
8.96   0   4.4
8.98   0   4.4
9   0   4.4
9.02   0   4.4
9.04   0   4.4
9.06   0   4.4
9.08   0   4.4
9.1   0   4.4
9.12   0   4.4
9.14   0   4.4
9.16   0   4.4
9.18   0   4.4
9.2   0   4.4
9.22   0   4.4
9.24   0   4.4
9.26   0   4.4
9.28   0   4.4
9.3   0   4.4
9.32   0   4.4
9.34   0   4.4
9.36   0   4.4
9.38   0   4.4
9.4   0   4.4
9.42   0   4.4
9.44   0   4.4
9.46   0   4.4
9.48   0   4.4
9.5   0   4.4
9.52   0   4.4
9.54   0   4.4
9.56   0   4.4
9.58   0   4.4
9.6   0   4.4
9.62   0   4.4
9.64   0   4.4
9.66   0   4.4
9.68   0   4.4
9.7   0   4.4
9.72   0   4.4
9.74   0   4.4
9.76   0   4.4
9.78   0   4.4
9.8   0   4.4
9.82   0   4.4
9.84   0   4.4
9.86   0   4.4
9.88   0   4.4
9.9   0   4.4
9.92   0   4.4
9.94   0   4.4
9.96   0   4.4
9.98   0   4.4
10   0   4.4
10.02   0   4.4
10.04   0   4.4
10.06   0   4.4
10.08   0   4.4
10.1   0   4.4
10.12   0   4.4
10.14   0   4.4
10.16   0   4.4
10.18   0   4.4
10.2   0   4.4
10.22   0   4.4
10.24   0   4.4
10.26   0   4.4
10.28   0   4.4
10.3   0   4.4
10.32   0   4.4
10.34   0   4.4
10.36   0   4.4
10.38   0   4.4
10.4   0   4.4
10.42   0   4.4
10.44   0   4.4
10.46   0   4.4
10.48   0   4.4
10.5   0   4.4
10.52   0   4.4
10.54   0   4.4
10.56   0   4.4
10.58   0   4.4
10.6   0   4.4
10.62   0   4.4
10.64   0   4.4
10.66   0   4.4
10.68   0   4.4
10.7   0   4.4
10.72   0   4.4
10.74   8.21353   4.4
10.76   8.4461   4.4
10.78   8.68869   4.4
10.8   8.94187   4.4
10.82   9.20628   4.4
10.84   9.48259   4.4
10.86   9.77152   4.4
10.88   10.0739   4.4
10.9   10.3904   4.4
10.92   10.7222   4.4
10.94   11.07   4.4
10.96   11.4351   4.4
10.98   11.8185   4.4
11   12.2215   4.4
11.02   12.6455   4.4
11.04   13.0919   4.4
11.06   13.5624   4.4
11.08   14.0586   4.4
11.1   14.5826   4.4
11.12   15.1364   4.4
11.14   15.7224   4.4
11.16   16.343   4.4
11.18   17.001   4.4
11.2   17.6996   4.4
11.22   18.4421   4.4
11.24   19.2323   4.4
11.26   20.0743   4.48044
11.28   20.9728   4.57961
11.3   21.933   4.68326
11.32   22.9605   4.79171
11.34   24.0619   4.90529
11.36   25.2443   5.02437
11.38   26.516   5.14937
11.4   27.8862   5.28073
11.42   29.3651   5.41896
11.44   30.9648   5.5646
11.46   32.6986   5.71827
11.48   34.5819   5.88064
11.5   36.6324   6.05247
11.52   38.8705   6.23462
11.54   41.3197   6.42804
11.56   44.0074   6.63381
11.58   46.9655   6.85314
11.6   50.2314   7.08741
11.62   53.8491   7.3382
11.64   57.8711   7.60731
11.66   62.3596   7.89681
11.68   67.3895   8.20911
11.7   73.051   8.54699
11.72   79.454   8.9137
11.74   86.7334   9.31308
11.76   95.0559   9.74966
11.78   104.63   10.2289
11.8   115.717   10.7572
11.82   128.652   11.3425
11.84   143.866   11.9944
11.86   161.923   12.7249
11.88   183.571   13.5489
11.9   209.818   14.4851
11.92   242.044   15.5578
11.94   282.185   16.7984
11.96   333.01   18.2486
11.98   398.594   19.9648
12   485.174   22.0267
12.02   602.948   24.555
12.04   770.32   27.7546
12.06   1023.51   31.9924
12.08   1433.72   37.8645
12.1   2125.14   46.0993
12.12   3269.52   57.1797
12.14   5003.72   70.737
12.16   7095.35   84.2339
12.18   8266.08   90.918
12.2   7253.47   85.1673
12.22   5172.23   71.9182
12.24   3389.96   58.2234
12.26   2200.21   46.9064
12.28   1478.18   38.4472
12.3   1050.2   32.4069
12.32   787.342   28.0596
12.34   614.585   24.7908
12.36   493.562   22.2163
12.38   404.861   20.1211
12.4   337.813   18.3797
12.42   285.943   16.9099
12.44   245.037   15.6536
12.46   212.237   14.5684
12.48   185.554   13.6218
12.5   163.568   12.7894
12.52   145.245   12.0518
12.54   129.819   11.3938
12.56   116.713   10.8034
12.58   105.486   10.2707
12.6   95.7981   9.78765
12.62   87.3806   9.34776
12.64   80.0216   8.94548
12.66   73.5515   8.57621
12.68   67.833   8.23608
12.7   62.7545   7.92178
12.72   58.2242   7.63048
12.74   54.1661   7.35976
12.76   50.517   7.10753
12.78   47.2237   6.87195
12.8   44.2417   6.65144
12.82   41.5329   6.4446
12.84   39.065   6.2502
12.86   36.8104   6.06716
12.88   34.7451   5.8945
12.9   32.8486   5.73137
12.92   31.1031   5.57701
12.94   29.4929   5.43073
12.96   28.0044   5.29192
12.98   26.6256   5.16
13   25.3461   5.0345
13.02   24.1566   4.91494
13.04   23.0488   4.80092
13.06   22.0154   4.69206
13.08   21.0499   4.58802
13.1   20.1465   4.48849
13.12   19.3   4.4
13.14   18.5057   4.4
13.16   17.7594   4.4
13.18   17.0573   4.4
13.2   16.396   4.4
13.22   15.7724   4.4
13.24   15.1837   4.4
13.26   14.6273   4.4
13.28   14.1009   4.4
13.3   13.6025   4.4
13.32   13.1299   4.4
13.34   12.6816   4.4
13.36   12.2558   4.4
13.38   11.8511   4.4
13.4   11.4661   4.4
13.42   11.0996   4.4
13.44   10.7504   4.4
13.46   10.4173   4.4
13.48   10.0995   4.4
13.5   9.79604   4.4
13.52   9.50603   4.4
13.54   9.22871   4.4
13.56   8.96334   4.4
13.58   8.70925   4.4
13.6   8.4658   4.4
13.62   8.23242   4.4
13.64   0   4.4
13.66   0   4.4
13.68   0   4.4
13.7   0   4.4
13.72   0   4.4
13.74   0   4.4
13.76   0   4.4
13.78   0   4.4
13.8   0   4.4
13.82   0   4.4
13.84   0   4.4
13.86   0   4.4
13.88   0   4.4
13.9   0   4.4
13.92   0   4.4
13.94   0   4.4
13.96   0   4.4
13.98   0   4.4
14   0   4.4
14.02   0   4.4
14.04   0   4.4
14.06   0   4.4
14.08   0   4.4
14.1   0   4.4
14.12   0   4.4
14.14   0   4.4
14.16   0   4.4
14.18   0   4.4
14.2   0   4.4
14.22   0   4.4
14.24   0   4.4
14.26   0   4.4
14.28   0   4.4
14.3   0   4.4
14.32   0   4.4
14.34   0   4.4
14.36   0   4.4
14.38   0   4.4
14.4   0   4.4
14.42   0   4.4
14.44   0   4.4
14.46   0   4.4
14.48   0   4.4
14.5   0   4.4
14.52   0   4.4
14.54   0   4.4
14.56   0   4.4
14.58   0   4.4
14.6   0   4.4
14.62   0   4.4
14.64   0   4.4
14.66   0   4.4
14.68   0   4.4
14.7   0   4.4
14.72   0   4.4
14.74   0   4.4
14.76   0   4.4
14.78   0   4.4
14.8   0   4.4
14.82   0   4.4
14.84   0   4.4
14.86   0   4.4
14.88   0   4.4
14.9   0   4.4
14.92   0   4.4
14.94   0   4.4
14.96   0   4.4
14.98   0   4.4
15   0   4.4
15.02   0   4.4
15.04   0   4.4
15.06   0   4.4
15.08   0   4.4
15.1   0   4.4
15.12   0   4.4
15.14   0   4.4
15.16   0   4.4
15.18   0   4.4
15.2   0   4.4
15.22   0   4.4
15.24   0   4.4
15.26   0   4.4
15.28   0   4.4
15.3   0   4.4
15.32   0   4.4
15.34   0   4.4
15.36   0   4.4
15.38   0   4.4
15.4   0   4.4
15.42   0   4.4
15.44   0   4.4
15.46   0   4.4
15.48   0   4.4
15.5   0   4.4
15.52   0   4.4
15.54   0   4.4
15.56   0   4.4
15.58   0   4.4
15.6   0   4.4
15.62   0.0552662   4.4
15.64   0.0568154   4.4
15.66   0.0584306   4.4
15.68   0.0601156   4.4
15.7   0.0618746   4.4
15.72   0.0637118   4.4
15.74   0.0656321   4.4
15.76   0.0676405   4.4
15.78   0.0697425   4.4
15.8   0.0719439   4.4
15.82   0.0742512   4.4
15.84   0.0766712   4.4
15.86   0.0792114   4.4
15.88   0.08188   4.4
15.9   0.0846855   4.4
15.92   0.0876377   4.4
15.94   0.0907469   4.4
15.96   0.0940245   4.4
15.98   0.0974827   4.4
16   0.101135   4.4
16.02   0.104997   4.4
16.04   0.109083   4.4
16.06   0.113413   4.4
16.08   0.118006   4.4
16.1   0.122883   4.4
16.12   0.128069   4.4
16.14   0.133589   4.4
16.16   0.139474   4.4
16.18   0.145756   4.4
16.2   0.152472   4.4
16.22   0.159662   4.4
16.24   0.167373   4.4
16.26   0.175655   4.4
16.28   0.184567   4.4
16.3   0.194174   4.4
16.32   0.204549   4.4
16.34   0.215778   4.4
16.36   0.227955   4.4
16.38   0.241191   4.4
16.4   0.255612   4.4
16.42   0.271364   4.4
16.44   0.288615   4.4
16.46   0.307561   4.4
16.48   0.32843   4.4
16.5   0.351493   4.4
16.52   0.377066   4.4
16.54   0.405525   4.4
16.56   0.437322   4.4
16.58   0.472997   4.4
16.6   0.513205   4.4
16.62   0.558744   4.4
16.64   0.610596   4.4
16.66   0.669977   4.4
16.68   0.73841   4.4
16.7   0.817821   4.4
16.72   0.910673   4.4
16.74   1.02015   4.4
16.76   1.15045   4.4
16.78   1.30712   4.4
16.8   1.49773   4.4
16.82   1.73267   4.4
16.84   2.0266   4.4
16.86   2.40064   4.4
16.88   2.88617   4.4
16.9   3.53196   4.4
16.92   4.41979   4.4
16.94   5.70154   4.4
16.96   7.67957   4.4
16.98   10.9352   4.4
17   16.4299   4.4
17.02   25.3715   5.03701
17.04   38.3493   6.19268
17.06   52.1737   7.22313
17.08   56.2555   7.50037
17.1   45.9402   6.77792
17.12   31.656   5.62636
17.14   20.5716   4.53559
17.16   13.434   4.4
17.18   9.15918   4.4
17.2   6.61332   4.4
17.22   5.022   4.4
17.24   3.95553   4.4
17.26   3.19742   4.4
17.28   2.63631   4.4
17.3   2.20916   4.4
17.32   1.8768   4.4
17.34   1.6134   4.4
17.36   1.40129   4.4
17.38   1.22809   4.4
17.4   1.0849   4.4
17.42   0.965215   4.4
17.44   0.864181   4.4
17.46   0.778138   4.4
17.48   0.704274   4.4
17.5   0.640405   4.4
17.52   0.584813   4.4
17.54   0.536132   4.4
17.56   0.493265   4.4
17.58   0.455326   4.4
17.6   0.42159   4.4
17.62   0.391458   4.4
17.64   0.364437   4.4
17.66   0.340114   4.4
17.68   0.318142   4.4
17.7   0.298229   4.4
17.72   0.280124   4.4
17.74   0.263616   4.4
17.76   0.248524   4.4
17.78   0.234689   4.4
17.8   0.221976   4.4
17.82   0.210268   4.4
17.84   0.199461   4.4
17.86   0.189465   4.4
17.88   0.180201   4.4
17.9   0.171599   4.4
17.92   0.163599   4.4
17.94   0.156144   4.4
17.96   0.149187   4.4
17.98   0.142685   4.4
18   0.136598   4.4
18.02   0.130892   4.4
18.04   0.125536   4.4
18.06   0.120502   4.4
18.08   0.115764   4.4
18.1   0.1113   4.4
18.12   0.10709   4.4
18.14   0.103113   4.4
18.16   0.0993543   4.4
18.18   0.095797   4.4
18.2   0.0924272   4.4
18.22   0.0892321   4.4
18.24   0.0861997   4.4
18.26   0.0833192   4.4
18.28   0.0805807   4.4
18.3   0.0779749   4.4
18.32   0.0754934   4.4
18.34   0.0731285   4.4
18.36   0.0708729   4.4
18.38   0.06872   4.4
18.4   0.0666638   4.4
18.42   0.0646984   4.4
18.44   0.0628186   4.4
18.46   0.0610195   4.4
18.48   0.0592966   4.4
18.5   0.0576457   4.4
18.52   0.0560627   4.4
18.54   0   4.4
18.56   0   4.4
18.58   0   4.4
18.6   0   4.4
18.62   0   4.4
18.64   0   4.4
18.66   0   4.4
18.68   0   4.4
18.7   0   4.4
18.72   0   4.4
18.74   0   4.4
18.76   0   4.4
18.78   0   4.4
18.8   0   4.4
18.82   0   4.4
18.84   0   4.4
18.86   0   4.4
18.88   0   4.4
18.9   0   4.4
18.92   0   4.4
18.94   0   4.4
18.96   0   4.4
18.98   0   4.4
19   0   4.4
19.02   0   4.4
19.04   0   4.4
19.06   0   4.4
19.08   0   4.4
19.1   0   4.4
19.12   0   4.4
19.14   0   4.4
19.16   0   4.4
19.18   0   4.4
19.2   0   4.4
19.22   0   4.4
19.24   0   4.4
19.26   0   4.4
19.28   0   4.4
19.3   0   4.4
19.32   0   4.4
19.34   0   4.4
19.36   0   4.4
19.38   0   4.4
19.4   0   4.4
19.42   0   4.4
19.44   0   4.4
19.46   0   4.4
19.48   0   4.4
19.5   0   4.4
19.52   0   4.4
19.54   0   4.4
19.56   0   4.4
19.58   0   4.4
19.6   0   4.4
19.62   0   4.4
19.64   0   4.4
19.66   0   4.4
19.68   0   4.4
19.7   0   4.4
19.72   0   4.4
19.74   0   4.4
19.76   0   4.4
19.78   0   4.4
19.8   0   4.4
19.82   0   4.4
19.84   0   4.4
19.86   0   4.4
19.88   0   4.4
19.9   0   4.4
19.92   0   4.4
19.94   0   4.4
19.96   0   4.4
19.98   0   4.4
20   0   4.4
20.02   0   4.4
20.04   0   4.4
20.06   0   4.4
20.08   0   4.4
20.1   0   4.4
20.12   0   4.4
20.14   0   4.4
20.16   0   4.4
20.18   0   4.4
20.2   0   4.4
20.22   0   4.4
20.24   0   4.4
20.26   0   4.4
20.28   0   4.4
20.3   0   4.4
20.32   0   4.4
20.34   0   4.4
20.36   0   4.4
20.38   0   4.4
20.4   0   4.4
20.42   0   4.4
20.44   0   4.4
20.46   0   4.4
20.48   0   4.4
20.5   0   4.4
20.52   0   4.4
20.54   0   4.4
20.56   0   4.4
20.58   0   4.4
20.6   0   4.4
20.62   0   4.4
20.64   0   4.4
20.66   0   4.4
20.68   0   4.4
20.7   0   4.4
20.72   0   4.4
20.74   0   4.4
20.76   0   4.4
20.78   0   4.4
20.8   0   4.4
20.82   0   4.4
20.84   0   4.4
20.86   0   4.4
20.88   0   4.4
20.9   0   4.4
20.92   0   4.4
20.94   0   4.4
20.96   0   4.4
20.98   0   4.4
21   0   4.4
21.02   0   4.4
21.04   0   4.4
21.06   0   4.4
21.08   0   4.4
21.1   0   4.4
21.12   0   4.4
21.14   0   4.4
21.16   0   4.4
21.18   0   4.4
21.2   0   4.4
21.22   0   4.4
21.24   0   4.4
21.26   0   4.4
21.28   0   4.4
21.3   0   4.4
21.32   0   4.4
21.34   0   4.4
21.36   0   4.4
21.38   0   4.4
21.4   0   4.4
21.42   0   4.4
21.44   0   4.4
21.46   0   4.4
21.48   0   4.4
21.5   0   4.4
21.52   0   4.4
21.54   0   4.4
21.56   0   4.4
21.58   0   4.4
21.6   0   4.4
21.62   0   4.4
21.64   0.0678185   4.4
21.66   0.069733   4.4
21.68   0.0717296   4.4
21.7   0.0738133   4.4
21.72   0.075989   4.4
21.74   0.0782623   4.4
21.76   0.0806391   4.4
21.78   0.0831258   4.4
21.8   0.0857293   4.4
21.82   0.0884569   4.4
21.84   0.0913168   4.4
21.86   0.0943176   4.4
21.88   0.0974686   4.4
21.9   0.10078   4.4
21.92   0.104263   4.4
21.94   0.10793   4.4
21.96   0.111793   4.4
21.98   0.115868   4.4
22   0.120169   4.4
22.02   0.124714   4.4
22.04   0.129522   4.4
22.06   0.134613   4.4
22.08   0.14001   4.4
22.1   0.145738   4.4
22.12   0.151824   4.4
22.14   0.158299   4.4
22.16   0.165198   4.4
22.18   0.172556   4.4
22.2   0.180417   4.4
22.22   0.188827   4.4
22.24   0.197838   4.4
22.26   0.207509   4.4
22.28   0.217906   4.4
22.3   0.229104   4.4
22.32   0.241186   4.4
22.34   0.254248   4.4
22.36   0.268399   4.4
22.38   0.283762   4.4
22.4   0.300482   4.4
22.42   0.31872   4.4
22.44   0.338668   4.4
22.46   0.360544   4.4
22.48   0.384606   4.4
22.5   0.411153   4.4
22.52   0.440538   4.4
22.54   0.473181   4.4
22.56   0.509579   4.4
22.58   0.55033   4.4
22.6   0.596152   4.4
22.62   0.647922   4.4
22.64   0.70671   4.4
22.66   0.773836   4.4
22.68   0.850948   4.4
22.7   0.940116   4.4
22.72   1.04397   4.4
22.74   1.16591   4.4
22.76   1.31034   4.4
22.78   1.48309   4.4
22.8   1.69201   4.4
22.82   1.9478   4.4
22.84   2.26538   4.4
22.86   2.66598   4.4
22.88   3.18066   4.4
22.9   5.02672   4.4
22.92   5.97174   4.4
22.94   7.28824   4.4
22.96   9.23526   4.4
22.98   12.3271   4.4
23   17.4933   4.4
23.02   26.1003   5.10885
23.04   39.4716   6.28264
23.06   56.7826   7.53542
23.08   69.52   8.33787
23.1   64.9407   8.05858
23.12   48.3326   6.95216
23.14   32.6071   5.71027
23.16   21.7592   4.66467
23.18   15.1092   4.4
23.2   11.1956   4.4
23.22   8.84723   4.4
23.24   7.35361   4.4
23.26   6.34478   4.4
23.28   5.63506   4.4
23.3   5.12485   4.4
23.32   4.75497   4.4
23.34   4.48753   4.4
23.36   4.2972   4.4
23.38   4.16657   4.4
23.4   4.08346   4.4
23.42   4.03922   4.4
23.44   4.02765   4.4
23.46   4.04432   4.4
23.48   4.08609   4.4
23.5   4.15078   4.4
23.52   4.23693   4.4
23.54   4.34374   4.4
23.56   4.47084   4.4
23.58   4.61835   4.4
23.6   4.78674   4.4
23.62   4.97687   4.4
23.64   5.18996   4.4
23.66   5.42759   4.4
23.68   5.69176   4.4
23.7   5.98491   4.4
23.72   6.30996   4.4
23.74   6.67039   4.4
23.76   7.07037   4.4
23.78   7.5148   4.4
23.8   8.00956   4.4
23.82   8.56162   4.4
23.84   9.17931   4.4
23.86   9.87265   4.4
23.88   10.6537   4.4
23.9   11.5373   4.4
23.92   12.5412   4.4
23.94   13.6878   4.4
23.96   15.0045   4.4
23.98   16.5259   4.4
24   18.2959   4.4
24.02   20.3707   4.5134
24.04   22.8235   4.77739
24.06   25.7502   5.07447
24.08   29.2795   5.41105
24.1   33.5859   5.79533
24.12   38.9114   6.2379
24.14   45.5982   6.75264
24.16   54.1427   7.35817
24.18   65.2878   8.08008
24.2   80.2036   8.95564
24.22   100.893   10.0446
24.24   131.154   11.4523
24.26   178.567   13.3629
24.28   257.374   16.0429
24.3   390.061   19.75
24.32   602.407   24.544
24.34   898.05   29.9675
24.36   1175.15   34.2804
24.38   1190.87   34.509
24.4   927.154   30.4492
24.42   626.763   25.0352
24.44   406.843   20.1703
24.46   268.758   16.3938
24.48   187.08   13.6777
24.5   138.127   11.7527
24.52   106.318   10.3111
24.54   84.0395   9.16731
24.56   67.827   8.23571
24.58   55.8533   7.47351
24.6   46.7774   6.8394
24.62   39.7491   6.30469
24.64   34.1952   5.84767
24.66   29.7274   5.45229
24.68   26.0786   5.10672
24.7   23.0599   4.80207
24.72   20.5344   4.53149
24.74   18.8205   4.4
24.76   17.0135   4.4
24.78   15.4631   4.4
24.8   14.1234   4.4
24.82   12.9587   4.4
24.84   11.9402   4.4
24.86   11.0449   4.4
24.88   10.2544   4.4
24.9   9.55343   4.4
24.92   8.92944   4.4
24.94   8.37209   4.4
24.96   7.87274   4.4
24.98   7.42415   4.4
25   7.02019   4.4
25.02   6.65569   4.4
25.04   6.32625   4.4
25.06   6.02808   4.4
25.08   5.75797   4.4
25.1   5.51313   4.4
25.12   5.29119   4.4
25.14   5.09006   4.4
25.16   4.90799   4.4
25.18   4.74343   4.4
25.2   4.59506   4.4
25.22   4.46174   4.4
25.24   4.34252   4.4
25.26   4.23656   4.4
25.28   4.1432   4.4
25.3   4.06186   4.4
25.32   3.99211   4.4
25.34   3.93362   4.4
25.36   3.88616   4.4
25.38   3.84961   4.4
25.4   3.82395   4.4
25.42   3.80928   4.4
25.44   3.80581   4.4
25.46   3.81386   4.4
25.48   3.83388   4.4
25.5   3.86649   4.4
25.52   3.91245   4.4
25.54   3.97271   4.4
25.56   4.04845   4.4
25.58   4.14109   4.4
25.6   4.25235   4.4
25.62   4.38431   4.4
25.64   4.5395   4.4
25.66   4.72095   4.4
25.68   4.93236   4.4
25.7   5.17825   4.4
25.72   5.46412   4.4
25.74   5.7968   4.4
25.76   6.18473   4.4
25.78   6.63851   4.4
25.8   7.17152   4.4
25.82   7.80089   4.4
25.84   8.5487   4.4
25.86   8.30201   4.4
25.88   9.41299   4.4
25.9   10.7604   4.4
25.92   12.4153   4.4
25.94   14.4775   4.4
25.96   17.086   4.4
25.98   20.4585   4.5231
26   24.9133   4.99132
26.02   30.9784   5.56583
26.04   39.6087   6.29354
26.06   52.6859   7.2585
26.08   73.9035   8.59671
26.1   109.678   10.4727
26.12   168.814   12.9929
26.14   258.142   16.0668
26.16   364.913   19.1027
26.18   422.461   20.5538
26.2   368.334   19.192
26.22   261.786   16.1798
26.24   171.419   13.0927
26.26   111.301   10.5499
26.28   74.8651   8.65246
26.3   53.2632   7.29816
26.32   39.9768   6.32272
26.34   31.2301   5.58839
26.36   25.0947   5.00946
26.38   20.594   4.53806
26.4   17.1899   4.4
26.42   14.555   4.4
26.44   12.4762   4.4
26.46   10.8088   4.4
26.48   9.45186   4.4
26.5   8.33345   4.4
26.52   7.40113   4.4
26.54   6.61604   4.4
26.56   5.9489   4.4
26.58   5.37734   4.4
26.6   4.884   4.4
26.62   4.4553   4.4
26.64   4.08045   4.4
26.66   3.75084   4.4
26.68   3.45949   4.4
26.7   3.20072   4.4
26.72   2.96985   4.4
26.74   2.76303   4.4
26.76   2.57704   4.4
26.78   2.40917   4.4
26.8   2.25715   4.4
26.82   2.11905   4.4
26.84   1.99322   4.4
26.86   1.87826   4.4
26.88   1.77295   4.4
26.9   1.67624   4.4
26.92   1.58723   4.4
26.94   1.50511   4.4
26.96   1.42919   4.4
26.98   1.35887   4.4
27   1.2936   4.4
27.02   1.23293   4.4
27.04   1.17642   4.4
27.06   1.1237   4.4
27.08   1.07445   4.4
27.1   1.02836   4.4
27.12   0.98517   4.4
27.14   0.944644   4.4
27.16   0.906566   4.4
27.18   0.870743   4.4
27.2   0.837001   4.4
27.22   0.805181   4.4
27.24   0.77514   4.4
27.26   0.746749   4.4
27.28   0.719889   4.4
27.3   0.694451   4.4
27.32   0.670337   4.4
27.34   0.647457   4.4
27.36   0.625728   4.4
27.38   0.605074   4.4
27.4   0.585425   4.4
27.42   0.566718   4.4
27.44   0.548893   4.4
27.46   0.531895   4.4
27.48   0.515675   4.4
27.5   0.500185   4.4
27.52   0.485382   4.4
27.54   0.471227   4.4
27.56   0.457681   4.4
27.58   0.444711   4.4
27.6   0.432285   4.4
27.62   0.420372   4.4
27.64   0   4.4
27.66   0   4.4
27.68   0   4.4
27.7   0   4.4
27.72   0   4.4
27.74   0   4.4
27.76   0   4.4
27.78   0   4.4
27.8   0   4.4
27.82   0   4.4
27.84   0   4.4
27.86   0   4.4
27.88   0   4.4
27.9   0   4.4
27.92   0   4.4
27.94   0   4.4
27.96   0   4.4
27.98   0   4.4
28   0   4.4
28.02   0   4.4
28.04   0   4.4
28.06   0   4.4
28.08   0   4.4
28.1   0   4.4
28.12   0   4.4
28.14   0   4.4
28.16   0   4.4
28.18   0   4.4
28.2   0   4.4
28.22   0   4.4
28.24   0   4.4
28.26   0   4.4
28.28   0   4.4
28.3   0   4.4
28.32   0   4.4
28.34   0   4.4
28.36   0   4.4
28.38   0   4.4
28.4   0   4.4
28.42   0   4.4
28.44   0   4.4
28.46   0   4.4
28.48   0   4.4
28.5   0   4.4
28.52   0   4.4
28.54   0   4.4
28.56   0   4.4
28.58   0   4.4
28.6   0   4.4
28.62   0   4.4
28.64   0   4.4
28.66   0   4.4
28.68   0   4.4
28.7   0   4.4
28.72   0   4.4
28.74   0   4.4
28.76   0   4.4
28.78   0   4.4
28.8   0   4.4
28.82   0   4.4
28.84   0   4.4
28.86   0   4.4
28.88   0   4.4
28.9   0   4.4
28.92   0   4.4
28.94   0   4.4
28.96   0   4.4
28.98   0   4.4
29   0   4.4
29.02   0   4.4
29.04   0   4.4
29.06   0   4.4
29.08   0   4.4
29.1   0   4.4
29.12   0   4.4
29.14   0   4.4
29.16   0   4.4
29.18   0   4.4
29.2   0   4.4
29.22   0   4.4
29.24   0   4.4
29.26   0   4.4
29.28   0   4.4
29.3   0   4.4
29.32   0   4.4
29.34   0   4.4
29.36   0   4.4
29.38   0   4.4
29.4   0   4.4
29.42   0   4.4
29.44   0   4.4
29.46   0   4.4
29.48   0   4.4
29.5   0   4.4
29.52   0   4.4
29.54   0   4.4
29.56   0   4.4
29.58   0   4.4
29.6   0   4.4
29.62   0   4.4
29.64   0   4.4
29.66   0   4.4
29.68   0   4.4
29.7   0   4.4
29.72   0   4.4
29.74   0   4.4
29.76   0   4.4
29.78   0   4.4
29.8   0   4.4
29.82   0   4.4
29.84   0   4.4
29.86   0   4.4
29.88   0   4.4
29.9   0   4.4
29.92   0   4.4
29.94   0   4.4
29.96   0   4.4
29.98   0   4.4
30   0   4.4
30.02   0   4.4
30.04   0   4.4
30.06   0   4.4
30.08   0   4.4
30.1   0   4.4
30.12   0   4.4
30.14   0   4.4
30.16   0   4.4
30.18   0   4.4
30.2   0   4.4
30.22   0   4.4
30.24   0   4.4
30.26   0   4.4
30.28   0   4.4
30.3   0   4.4
30.32   0   4.4
30.34   0   4.4
30.36   0   4.4
30.38   0   4.4
30.4   0   4.4
30.42   0   4.4
30.44   0   4.4
30.46   0   4.4
30.48   0   4.4
30.5   0   4.4
30.52   0   4.4
30.54   0   4.4
30.56   0   4.4
30.58   0   4.4
30.6   0   4.4
30.62   0   4.4
30.64   0   4.4
30.66   0   4.4
30.68   0   4.4
30.7   0   4.4
30.72   0   4.4
30.74   0   4.4
30.76   4.02178   4.4
30.78   4.13574   4.4
30.8   4.25461   4.4
30.82   4.37867   4.4
30.84   4.50824   4.4
30.86   4.64364   4.4
30.88   4.78524   4.4
30.9   4.9334   4.4
30.92   5.08855   4.4
30.94   5.25114   4.4
30.96   5.42164   4.4
30.98   5.60057   4.4
31   5.78851   4.4
31.02   5.98606   4.4
31.04   6.19389   4.4
31.06   6.41273   4.4
31.08   6.64337   4.4
31.1   6.88667   4.4
31.12   7.14357   4.4
31.14   7.41512   4.4
31.16   7.70243   4.4
31.18   8.00675   4.4
31.2   8.32946   4.4
31.22   8.67206   4.4
31.24   9.03622   4.4
31.26   9.42379   4.4
31.28   9.83682   4.4
31.3   10.2776   4.4
31.32   10.7486   4.4
31.34   11.2527   4.4
31.36   11.7931   4.4
31.38   12.3733   4.4
31.4   12.9974   4.4
31.42   13.6698   4.4
31.44   14.3957   4.4
31.46   15.181   4.4
31.48   16.0321   4.4
31.5   16.9568   4.4
31.52   17.9636   4.4
31.54   19.0628   4.4
31.56   20.2657   4.50174
31.58   21.586   4.64607
31.6   23.0392   4.79992
31.62   24.644   4.96427
31.64   26.4219   5.14023
31.66   28.3989   5.32906
31.68   30.6056   5.53223
31.7   33.0789   5.75143
31.72   35.8635   5.98861
31.74   39.0135   6.24608
31.76   42.5957   6.52653
31.78   46.6922   6.83317
31.8   51.4061   7.1698
31.82   56.867   7.54102
31.84   63.2404   7.95239
31.86   70.74   8.41071
31.88   79.6451   8.92441
31.9   90.3264   9.50402
31.92   103.284   10.1629
31.94   119.204   10.9181
31.96   139.049   11.7919
31.98   164.197   12.8139
32   196.679   14.0242
32.02   239.613   15.4794
32.04   298.118   17.2661
32.06   381.473   19.5313
32.08   507.993   22.5387
32.1   718.737   26.8093
32.12   1065.58   32.6433
32.14   1638.12   40.4737
32.16   2500   50
32.18   3520.6   59.3346
32.2   4049.13   63.6328
32.22   3508.74   59.2346
32.24   2487.69   49.8768
32.26   1629.89   40.3719
32.28   1061.22   32.5764
32.3   717.103   26.7788
32.32   513.134   22.6525
32.34   387.602   19.6876
32.36   304.917   17.4619
32.38   246.931   15.714
32.4   204.442   14.2983
32.42   172.369   13.1289
32.44   147.615   12.1497
32.46   137.934   11.7445
32.48   122.681   11.0762
32.5   110.413   10.5077
32.52   100.447   10.0223
32.54   92.2884   9.60668
32.56   85.5706   9.25044
32.58   80.0183   8.94529
32.6   75.4216   8.68456
32.62   71.6195   8.46283
32.64   68.4863   8.27565
32.66   65.9241   8.11936
32.68   63.8554   7.99096
32.7   62.2193   7.88792
32.72   60.9677   7.80818
32.74   60.0627   7.75001
32.76   59.4752   7.71201
32.78   59.1827   7.69303
32.8   59.1692   7.69215
32.82   59.4236   7.70867
32.84   59.9396   7.74206
32.86   60.7153   7.792
32.88   61.753   7.8583
32.9   63.0591   7.94098
32.92   64.6446   8.04019
32.94   66.5246   8.15626
32.96   68.7196   8.28973
32.98   71.2555   8.4413
33   74.1649   8.6119
33.02   77.4878   8.80271
33.04   81.2735   9.01518
33.06   85.5825   9.25108
33.08   90.4889   9.51256
33.1   96.1522   9.80573
33.12   102.551   10.1267
33.14   109.893   10.483
33.16   118.354   10.8791
33.18   128.16   11.3208
33.2   139.6   11.8152
33.22   153.049   12.3713
33.24   169.003   13.0001
33.26   188.127   13.7159
33.28   211.327   14.5371
33.3   239.867   15.4877
33.32   275.551   16.5997
33.34   321.021   17.9171
33.36   381.481   19.5315
33.38   461.221   21.4761
33.4   573.27   23.9431
33.42   741.017   27.2216
33.44   1010.27   31.7848
33.46   1460.45   38.2158
33.48   2200.27   46.9071
33.5   3313.39   57.562
33.52   4639.74   68.1156
33.54   5353.64   73.1686
33.56   4694.57   68.5169
33.58   3401.21   58.3199
33.6   2314.17   48.1058
33.62   1604.18   40.0523
33.64   1191.05   34.5116
33.66   963.847   31.0459
33.68   853.117   29.2082
33.7   812.328   28.5014
33.72   823.462   28.696
33.74   883.273   29.7199
33.76   999.829   31.6201
33.78   1196.43   34.5894
33.8   1524.85   39.0493
33.82   2087.65   45.6908
33.84   3055.25   55.2743
33.86   4640.23   68.1192
33.88   6938.59   83.2982
33.9   9356.14   96.7272
33.92   10000   100
33.94   8124.19   90.1343
33.96   5599.14   74.8274
33.98   3653.96   60.448
34   2403.85   49.0291
34.02   1654.64   40.6772
34.04   1207.09   34.7432
34.06   926.04   30.4309
34.08   736.761   27.1433
34.1   601.624   24.528
34.12   501.223   22.388
34.14   424.535   20.6043
34.16   364.693   19.0969
34.18   317.158   17.8089
34.2   278.826   16.6981
34.22   247.517   15.7327
34.24   221.667   14.8885
34.26   200.136   14.1469
34.28   182.081   13.4937
34.3   166.873   12.9179
34.32   154.04   12.4113
34.34   143.285   11.9702
34.36   134.264   11.5873
34.38   126.874   11.2638
34.4   121.073   11.0033
34.42   116.991   10.8162
34.44   115.05   10.7261
34.46   116.125   10.7761
34.48   121.558   11.0253
34.5   132.675   11.5185
34.52   148.645   12.192
34.54   160.912   12.6851
34.56   156.818   12.5227
34.58   142.024   11.9174
34.6   129.798   11.3929
34.62   124.574   11.1613
34.64   126.368   11.2414
34.66   134.849   11.6125
34.68   150.81   12.2805
34.7   177.289   13.315
34.72   221.423   14.8803
34.74   297.157   17.2382
34.76   426.761   20.6582
34.78   635.926   25.2176
34.8   928.669   30.4741
34.82   1204.71   34.7089
34.84   1221.79   34.9542
34.86   958.369   30.9575
34.88   656.48   25.6219
34.9   434.478   20.8441
34.92   294.163   17.1512
34.94   210.279   14.501
34.96   159.656   12.6355
34.98   127.273   11.2815
35   99.9987   9.99993
35.02   83.9775   9.16392
35.04   71.9097   8.47996
35.06   62.5659   7.90986
35.08   55.1699   7.42764
35.1   49.2045   7.01459
35.12   44.3136   6.65685
35.14   40.2458   6.34396
35.16   36.8193   6.06789
35.18   33.9007   5.82243
35.2   31.3898   5.60266
35.22   29.2106   5.40469
35.24   27.3046   5.22538
35.26   25.6259   5.0622
35.28   24.1385   4.91309
35.3   22.8136   4.77636
35.32   21.6283   4.65062
35.34   20.5639   4.53474
35.36   19.6054   4.4278
35.38   9.10702   4.4
35.4   8.58363   4.4
35.42   8.12631   4.4
35.44   7.7297   4.4
35.46   7.39011   4.4
35.48   7.10548   4.4
35.5   7.10129   4.4
35.52   6.93416   4.4
35.54   6.82821   4.4
35.56   6.7913   4.4
35.58   6.83617   4.4
35.6   6.98282   4.4
35.62   7.26277   4.4
35.64   7.72752   4.4
35.66   8.46816   4.4
35.68   9.6735   4.4
35.7   11.6728   4.4
35.72   15.1297   4.4
35.74   21.0355   4.58645
35.76   30.4351   5.5168
35.78   43.0954   6.56471
35.8   53.5956   7.3209
35.82   51.8537   7.20095
35.84   39.7698   6.30633
35.86   27.4479   5.23907
35.88   18.7045   4.4
35.9   13.2489   4.4
35.92   9.98896   4.4
35.94   8.00138   4.4
35.96   6.71027   4.4
35.98   5.81149   4.4
36   5.15252   4.4
36.02   4.58684   4.4
36.04   4.19965   4.4
36.06   3.89319   4.4
36.08   3.64711   4.4
36.1   3.44739   4.4
36.12   3.28412   4.4
36.14   3.15017   4.4
36.16   3.04035   4.4
36.18   2.95084   4.4
36.2   2.87878   4.4
36.22   2.82209   4.4
36.24   2.77921   4.4
36.26   2.74905   4.4
36.28   2.73086   4.4
36.3   2.7242   4.4
36.32   1.58876   4.4
36.34   1.63484   4.4
36.36   1.69144   4.4
36.38   1.75915   4.4
36.4   2.00369   4.4
36.42   2.10097   4.4
36.44   2.21289   4.4
36.46   2.34124   4.4
36.48   2.48823   4.4
36.5   2.65661   4.4
36.52   2.84977   4.4
36.54   3.07197   4.4
36.56   3.32849   4.4
36.58   3.62602   4.4
36.6   3.97305   4.4
36.62   4.38049   4.4
36.64   4.86252   4.4
36.66   5.43781   4.4
36.68   6.13128   4.4
36.7   6.97684   4.4
36.72   8.02141   4.4
36.74   9.33133   4.4
36.76   11.0027   4.4
36.78   13.1794   4.4
36.8   16.0877   4.4
36.82   20.1145   4.48492
36.84   25.993   5.09833
36.86   35.185   5.9317
36.88   50.4375   7.10194
36.9   76.089   8.7229
36.92   117.119   10.8222
36.94   174.258   13.2007
36.96   227.941   15.0977
36.98   231.361   15.2106
37   180.928   13.451
37.02   123.559   11.1157
37.04   82.093   9.06052
37.06   57.0633   7.55403
37.08   43.7725   6.61608
37.1   37.3342   6.11018
37.12   32.8482   5.73134
37.14   27.0605   5.20197
37.16   21.0309   4.58595
37.18   16.2756   4.4
37.2   12.9195   4.4
37.22   10.6136   4.4
37.24   9.00357   4.4
37.26   7.83591   4.4
37.28   6.90737   4.4
37.3   6.22924   4.4
37.32   5.699   4.4
37.34   5.28356   4.4
37.36   4.9606   4.4
37.38   4.71467   4.4
37.4   4.53509   4.4
37.42   4.41474   4.4
37.44   4.34931   4.4
37.46   4.33691   4.4
37.48   4.37785   4.4
37.5   4.47471   4.4
37.52   4.63258   4.4
37.54   4.85953   4.4
37.56   5.16742   4.4
37.58   5.57316   4.4
37.6   6.1007   4.4
37.62   6.78403   4.4
37.64   7.67206   4.4
37.66   8.83653   4.4
37.68   10.3859   4.4
37.7   12.4925   4.4
37.72   15.4556   4.4
37.74   19.8481   4.45512
37.76   26.8133   5.17815
37.78   38.4715   6.20254
37.8   58.089   7.62161
37.82   89.2128   9.44525
37.84   131.532   11.4688
37.86   168.229   12.9703
37.88   165.264   12.8555
37.9   126.037   11.2266
37.92   84.6161   9.1987
37.94   54.9568   7.41328
37.96   36.4408   6.03663
37.98   25.4394   5.04375
38   18.8095   4.4
38.02   14.5676   4.4
38.04   11.6598   4.4
38.06   9.55808   4.4
38.08   7.9836   4.4
38.1   6.77314   4.4
38.12   5.82298   4.4
38.14   5.06378   4.4
38.16   4.44767   4.4
38.18   3.94082   4.4
38.2   3.51877   4.4
38.22   3.16352   4.4
38.24   2.8616   4.4
38.26   2.60274   4.4
38.28   2.37906   4.4
38.3   2.18438   4.4
38.32   2.01382   4.4
38.34   1.86351   4.4
38.36   1.7303   4.4
38.38   1.61166   4.4
38.4   1.50549   4.4
38.42   1.41007   4.4
38.44   1.32397   4.4
38.46   1.02571   4.4
38.48   0.960607   4.4
38.5   0.901526   4.4
38.52   0.847743   4.4
38.54   0.798644   4.4
38.56   0.753699   4.4
38.58   0.700573   4.4
38.6   0.662949   4.4
38.62   0.628272   4.4
38.64   0.596243   4.4
38.66   0.566599   4.4
38.68   0.53911   4.4
38.7   0.513571   4.4
38.72   0.489802   4.4
38.74   0.467645   4.4
38.76   0.446957   4.4
38.78   0.42761   4.4
38.8   0.409491   4.4
38.82   0.392499   4.4
38.84   0.376543   4.4
38.86   0.361539   4.4
38.88   0.347414   4.4
38.9   0.3341   4.4
38.92   0.321536   4.4
38.94   0.309668   4.4
38.96   0.298444   4.4
38.98   0.287819   4.4
39   0.277751   4.4
39.02   0.268202   4.4
39.04   0.259137   4.4
39.06   0.250524   4.4
39.08   0.242332   4.4
39.1   0.234536   4.4
39.12   0.22711   4.4
39.14   0.220031   4.4
39.16   0.213278   4.4
39.18   0.20683   4.4
39.2   0.200671   4.4
39.22   0.194782   4.4
39.24   0.189149   4.4
39.26   0.183757   4.4
39.28   0.178592   4.4
39.3   0.173641   4.4
39.32   0.168894   4.4
39.34   0.164338   4.4
39.36   0   4.4
39.38   0   4.4
39.4   0   4.4
39.42   1.35711   4.4
39.44   1.39516   4.4
39.46   1.43483   4.4
39.48   1.47622   4.4
39.5   1.51942   4.4
39.52   1.56455   4.4
39.54   1.61172   4.4
39.56   1.66105   4.4
39.58   1.71268   4.4
39.6   1.9361   4.4
39.62   1.99748   4.4
39.64   2.06182   4.4
39.66   2.12933   4.4
39.68   2.20021   4.4
39.7   2.27469   4.4
39.72   2.35303   4.4
39.74   2.43549   4.4
39.76   2.52236   4.4
39.78   2.61397   4.4
39.8   2.71067   4.4
39.82   2.81285   4.4
39.84   2.92091   4.4
39.86   3.03534   4.4
39.88   3.15663   4.4
39.9   3.28535   4.4
39.92   3.42212   4.4
39.94   3.56762   4.4
39.96   3.72262   4.4
39.98   3.88796   4.4
40   4.06457   4.4
40.02   4.25352   4.4
40.04   4.45597   4.4
40.06   4.67326   4.4
40.08   4.90686   4.4
40.1   5.15845   4.4
40.12   5.42993   4.4
40.14   5.72345   4.4
40.16   6.04148   4.4
40.18   6.38681   4.4
40.2   6.76268   4.4
40.22   7.17278   4.4
40.24   7.62142   4.4
40.26   8.11359   4.4
40.28   8.65509   4.4
40.3   9.25277   4.4
40.32   9.91468   4.4
40.34   10.6504   4.4
40.36   11.4712   4.4
40.38   12.3909   4.4
40.4   13.426   4.4
40.42   14.5965   4.4
40.44   16.5495   4.4
40.46   18.0886   4.4
40.48   19.8575   4.45618
40.5   21.9047   4.68024
40.52   25.6771   5.06726
40.54   28.523   5.34069
40.56   31.8951   5.64758
40.58   35.9329   5.9944
40.6   40.8246   6.38941
40.62   46.83   6.84325
40.64   54.3142   7.36982
40.66   63.8032   7.98769
40.68   76.0778   8.72226
40.7   92.3509   9.60994
40.72   114.657   10.7078
40.74   146.775   12.1151
40.76   196.225   14.008
40.78   277.434   16.6563
40.8   414.176   20.3513
40.82   636.136   25.2217
40.84   957.177   30.9383
40.86   1296.48   36.0066
40.88   1392.37   37.3145
40.9   1137.5   33.7269
40.92   790.583   28.1173
40.94   524.843   22.9095
40.96   358.301   18.9288
40.98   266.268   16.3177
41   224.351   14.9784
41.02   217.373   14.7436
41.04   234.862   15.3252
41.06   255.104   15.972
41.08   240.292   15.5013
41.1   190.463   13.8008
41.12   139.779   11.8228
41.14   102.752   10.1366
41.16   78.5626   8.86356
41.18   63.1994   7.94981
41.2   53.1808   7.29252
41.22   46.2736   6.80247
41.24   41.2549   6.423
41.26   37.4844   6.12245
41.28   34.6059   5.88268
41.3   32.4015   5.69223
41.32   30.7278   5.54326
41.34   29.487   5.43019
41.36   28.6118   5.349
41.38   28.0564   5.29683
41.4   27.7907   5.27169
41.42   27.7968   5.27226
41.44   28.0673   5.29786
41.46   28.6042   5.34829
41.48   29.4185   5.42388
41.5   30.5306   5.52545
41.52   31.9718   5.65436
41.54   33.786   5.81257
41.56   36.033   6.00275
41.58   38.7934   6.22843
41.6   42.1747   6.49421
41.62   46.3223   6.80605
41.64   51.4336   7.17172
41.66   57.7819   7.60144
41.68   65.7522   8.10877
41.7   75.9011   8.71212
41.72   89.0658   9.43747
41.74   106.591   10.3243
41.76   130.839   11.4385
41.78   166.254   12.8939
41.8   221.015   14.8666
41.82   308.443   17.5625
41.84   445.976   21.1182
41.86   645.968   25.4159
41.88   879.666   29.6592
41.9   1048.07   32.3739
41.92   1149.27   33.9009
41.94   1319.15   36.3201
41.96   1541.56   39.2627
41.98   1550.97   39.3823
42   1236.46   35.1633
42.02   852.983   29.2059
42.04   562.819   23.7238
42.06   376.255   19.3973
42.08   263.318   16.2271
42.1   194.749   13.9552
42.12   150.907   12.2844
42.14   120.918   10.9963
42.16   99.2405   9.96195
42.18   82.9708   9.10883
42.2   70.4305   8.39229
42.22   60.5608   7.78208
42.24   52.6549   7.25637
42.26   46.2246   6.79887
42.28   40.924   6.39718
42.3   36.5026   6.04173
42.32   32.7755   5.72499
42.34   28.266   5.31658
42.36   25.5802   5.05769
42.38   23.2612   4.82299
42.4   21.245   4.60923
42.42   19.4811   4.41374
42.44   17.929   4.4
42.46   16.556   4.4
42.48   15.3356   4.4
42.5   14.246   4.4
42.52   13.2691   4.4
42.54   12.3897   4.4
42.56   11.4309   4.4
42.58   10.7153   4.4
42.6   10.0649   4.4
42.62   9.47197   4.4
42.64   8.92999   4.4
42.66   8.43325   4.4
42.68   7.97686   4.4
42.7   11.8874   4.4
42.72   11.6199   4.4
42.74   11.3865   4.4
42.76   11.1848   4.4
42.78   11.0126   4.4
42.8   10.8679   4.4
42.82   10.7492   4.4
42.84   10.6552   4.4
42.86   10.5846   4.4
42.88   10.5366   4.4
42.9   10.5104   4.4
42.92   10.5053   4.4
42.94   10.521   4.4
42.96   10.5571   4.4
42.98   10.6136   4.4
43   10.6903   4.4
43.02   10.7875   4.4
43.04   10.9052   4.4
43.06   11.044   4.4
43.08   11.2043   4.4
43.1   11.3867   4.4
43.12   11.5921   4.4
43.14   11.8215   4.4
43.16   12.0759   4.4
43.18   12.3566   4.4
43.2   12.6651   4.4
43.22   13.0032   4.4
43.24   13.3727   4.4
43.26   13.7759   4.4
43.28   14.2153   4.4
43.3   14.6937   4.4
43.32   15.2142   4.4
43.34   15.7806   4.4
43.36   16.397   4.4
43.38   16.4737   4.4
43.4   17.2202   4.4
43.42   18.0321   4.4
43.44   17.5525   4.4
43.46   18.5534   4.4
43.48   19.6423   4.43197
43.5   20.8298   4.56397
43.52   22.1281   4.70405
43.54   23.5514   4.85298
43.56   25.1162   5.01161
43.58   26.8419   5.18092
43.6   28.7513   5.36202
43.62   30.8713   5.5562
43.64   33.234   5.76489
43.66   35.8777   5.9898
43.68   38.8488   6.23288
43.7   42.2032   6.4964
43.72   46.0096   6.78304
43.74   50.3527   7.09596
43.76   55.3377   7.43893
43.78   61.0968   7.81644
43.8   67.7979   8.23395
43.82   75.6567   8.69809
43.84   84.9537   9.21704
43.86   96.059   9.80097
43.88   109.468   10.4627
43.9   125.858   11.2186
43.92   146.166   12.0899
43.94   171.725   13.1044
43.96   204.478   14.2996
43.98   247.349   15.7273
44   304.992   17.464
44.02   385.503   19.6342
44.04   504.438   22.4597
44.06   692.803   26.3211
44.08   1007.71   31.7445
44.1   1536.09   39.193
44.12   2369.75   48.6801
44.14   3489.31   59.0704
44.16   4422.09   66.4988
44.18   4283.06   65.4451
44.2   3232.93   56.8588
44.22   2158.6   46.4607
44.24   1397.22   37.3795
44.26   924.019   30.3977
44.28   643.268   25.3627
44.3   473.905   21.7694
44.32   365.324   19.1134
44.34   290.792   17.0526
44.36   236.911   15.3919
44.38   196.573   14.0204
44.4   165.601   12.8686
44.42   141.33   11.8882
44.44   121.976   11.0443
44.46   106.308   10.3106
44.48   93.4532   9.66712
44.5   82.7807   9.09839
44.52   73.8262   8.59222
44.54   66.242   8.13892
44.56   59.7634   7.73068
44.58   54.1865   7.36115
44.6   49.3521   7.02511
44.62   45.1346   6.71823
44.64   41.4336   6.4369
44.66   38.1684   6.17806
44.68   35.2734   5.93914
44.7   32.6948   5.71793
44.72   30.3882   5.51255
44.74   28.3168   5.32135
44.76   26.4497   5.14293
44.78   24.761   4.97604
44.8   23.2287   4.81961
44.82   21.834   4.67269
44.84   20.5611   4.53444
44.86   19.3962   4.40411
44.88   18.3274   4.4
44.9   17.3444   4.4
44.92   16.4383   4.4
44.94   15.6013   4.4
44.96   14.8266   4.4
44.98   14.1081   4.4
45   13.4405   4.4
45.02   12.8192   4.4
45.04   12.2399   4.4
45.06   11.699   4.4
45.08   11.1932   4.4
45.1   10.7194   4.4
45.12   10.275   4.4
45.14   9.85772   4.4
45.16   9.46531   4.4
45.18   9.09585   4.4
45.2   8.7476   4.4
45.22   8.41895   4.4
45.24   8.10847   4.4
45.26   7.83818   4.4
45.28   7.56086   4.4
45.3   7.29814   4.4
45.32   7.04901   4.4
45.34   6.81256   4.4
45.36   6.58795   4.4
45.38   6.37442   4.4
45.4   6.17125   4.4
45.42   5.97781   4.4
45.44   5.79348   4.4
45.46   5.61771   4.4
45.48   5.45   4.4
45.5   5.28986   4.4
45.52   5.13687   4.4
45.54   4.99062   4.4
45.56   4.85073   4.4
45.58   4.71685   4.4
45.6   4.58866   4.4
45.62   4.46586   4.4
45.64   4.34816   4.4
45.66   0.0445836   4.4
45.68   0.0463368   4.4
45.7   0.0481953   4.4
45.72   0.0501679   4.4
45.74   5.80985   4.4
45.76   5.97516   4.4
45.78   6.14765   4.4
45.8   6.32773   4.4
45.82   6.51585   4.4
45.84   6.71251   4.4
45.86   6.91823   4.4
45.88   7.13359   4.4
45.9   7.35918   4.4
45.92   7.59568   4.4
45.94   7.84381   4.4
45.96   8.10434   4.4
45.98   8.37812   4.4
46   8.66607   4.4
46.02   8.96919   4.4
46.04   9.28858   4.4
46.06   9.62543   4.4
46.08   9.98105   4.4
46.1   10.3569   4.4
46.12   10.7545   4.4
46.14   11.1757   4.4
46.16   11.6223   4.4
46.18   12.0964   4.4
46.2   12.6006   4.4
46.22   13.1373   4.4
46.24   13.7095   4.4
46.26   14.3205   4.4
46.28   14.974   4.4
46.3   15.6743   4.4
46.32   16.4261   4.4
46.34   17.2347   4.4
46.36   18.1065   4.4
46.38   19.0488   4.4
46.4   20.07   4.47995
46.42   21.1801   4.60218
46.44   22.3912   4.73193
46.46   23.7178   4.8701
46.48   25.1783   5.0178
46.5   26.7957   5.17646
46.52   28.6008   5.34797
46.54   30.6364   5.53501
46.56   32.9682   5.74179
46.58   35.7092   5.97572
46.6   39.0653   6.25023
46.62   43.3909   6.58717
46.64   49.1951   7.01392
46.66   56.9718   7.54797
46.68   66.4532   8.15188
46.7   74.6977   8.64279
46.72   77.459   8.80108
46.74   76.8113   8.76421
46.76   77.2674   8.79019
46.78   80.2849   8.96019
46.8   85.7992   9.26279
46.82   93.5432   9.67177
46.84   103.422   10.1696
46.86   115.591   10.7513
46.88   130.454   11.4216
46.9   148.657   12.1925
46.92   171.142   13.0821
46.94   199.256   14.1158
46.96   235.084   15.3324
46.98   281.218   16.7695
47   342.206   18.4988
47.02   425.279   20.6223
47.04   543.519   23.3135
47.06   722.711   26.8833
47.08   1013.47   31.835
47.1   1503.72   38.7779
47.12   2314.2   48.1061
47.14   3538.57   59.4859
47.16   5002.45   70.728
47.18   5792.33   76.1073
47.2   5051.19   71.0717
47.22   3590.48   59.9206
47.24   2351.26   48.4898
47.26   1526.77   39.0739
47.28   1027.05   32.0475
47.3   730.776   27.0329
47.32   548.562   23.4214
47.34   428.615   20.703
47.36   344.483   18.5602
47.38   282.769   16.8157
47.4   236.095   15.3654
47.42   199.972   14.1411
47.44   171.474   13.0948
47.46   150.353   12.2618
47.48   131.805   11.4807
47.5   116.532   10.795
47.52   103.814   10.1889
47.54   93.1186   9.6498
47.56   84.0445   9.16758
47.58   76.285   8.73413
47.6   69.6026   8.34282
47.62   63.8113   7.9882
47.64   58.7637   7.66575
47.66   54.4002   7.37565
47.68   50.5104   7.10707
47.7   47.0739   6.86104
47.72   44.0271   6.63529
47.74   41.3176   6.42788
47.76   38.902   6.23715
47.78   36.7442   6.0617
47.8   34.8137   5.90031
47.82   33.0851   5.75196
47.84   31.537   5.61578
47.86   30.1515   5.49104
47.88   28.9134   5.37711
47.9   27.8101   5.27353
47.92   26.8314   5.1799
47.94   25.9688   5.09596
47.96   25.2159   5.02154
47.98   24.5679   4.9566
48   24.0218   4.90121
48.02   23.5766   4.85558
48.04   23.2332   4.82008
48.06   22.9948   4.79529
48.08   22.8676   4.78201
48.1   22.8614   4.78136
48.12   22.9909   4.79488
48.14   23.368   4.83404
48.16   23.8445   4.88308
48.18   24.5308   4.95286
48.2   25.5382   5.05354
48.22   26.9437   5.19073
48.24   28.9079   5.37661
48.26   31.7137   5.63149
48.28   35.9083   5.99235
48.3   42.5761   6.52503
48.32   53.6727   7.32616
48.34   72.0701   8.48941
48.36   100.545   10.0272
48.38   137.341   11.7193
48.4   164.586   12.8291
48.42   155.647   12.4759
48.44   121.761   11.0345
48.46   89.9592   9.48468
48.48   68.5831   8.28149
48.5   56.3324   7.50549
48.52   49.9973   7.07088
48.54   47.2841   6.87634
48.56   46.7844   6.83992
48.58   47.8249   6.91555
48.6   50.1486   7.08157
48.62   53.7221   7.32954
48.64   53.0524   7.2837
48.66   59.7513   7.7299
48.68   68.4644   8.27432
48.7   79.8216   8.93429
48.72   94.7875   9.73589
48.74   114.884   10.7184
48.76   142.685   11.9451
48.78   185.066   13.6039
48.8   247.507   15.7323
48.82   350.409   18.7192
48.84   524.091   22.893
48.86   806.422   28.3976
48.88   1215.14   34.8588
48.9   1647.24   40.5862
48.92   1768.64   42.0552
48.94   1441.19   37.963
48.96   994.722   31.5392
48.98   650.251   25.5
49   429.691   20.729
49.02   299.184   17.2969
49.04   224.029   14.9676
49.06   181.255   13.4631
49.08   158.803   12.6017
49.1   150.089   12.2511
49.12   146.429   12.1008
49.14   133.746   11.5649
49.16   110.287   10.5018
49.18   87.3619   9.34676
49.2   70.1003   8.37259
49.22   58.1322   7.62445
49.24   49.9173   7.06522
49.26   44.1124   6.64172
49.28   39.8364   6.31161
49.3   36.5899   6.04896
49.32   34.1018   5.83967
49.34   32.221   5.67636
49.36   30.8635   5.55549
49.38   29.9914   5.47644
49.4   29.6096   5.44147
49.42   29.7751   5.45666
49.44   30.7637   5.5465
49.46   32.6294   5.71222
49.48   36.1577   6.01312
49.5   42.5598   6.52378
49.52   53.6422   7.32408
49.54   71.1968   8.43782
49.56   94.293   9.71046
49.58   111.967   10.5814
49.6   106.88   10.3383
49.62   85.2512   9.23316
49.64   64.5938   8.03703
49.66   50.6115   7.11418
49.68   42.5068   6.51973
49.7   38.3591   6.19347
49.72   36.6302   6.05229
49.74   36.4195   6.03486
49.76   37.3203   6.10903
49.78   39.2314   6.2635
49.8   42.2755   6.50196
49.82   46.8532   6.84494
49.84   53.8253   7.33657
49.86   64.7252   8.04519
49.88   81.5653   9.03135
49.9   106.425   10.3162
49.92   136.68   11.691
49.94   157.374   12.5449
49.96   153.202   12.3775
49.98   137.651   11.7325
50   128.137   11.3198
50.02   129.35   11.3732
50.04   141.283   11.8862
50.06   164.197   12.8139
50.08   200.712   14.1673
50.1   258.081   16.0649
50.12   352.028   18.7624
50.14   511.378   22.6137
50.16   778.207   27.8964
50.18   1191.9   34.5239
50.2   1720.7   41.4813
50.22   2090.52   45.7222
50.24   1922.94   43.8513
50.26   1407.86   37.5214
50.28   931.481   30.5202
50.3   604.867   24.594
50.32   404.513   20.1125
50.34   285.775   16.9049
50.36   213.498   14.6116
50.38   164.843   12.8391
50.4   132.315   11.5028
50.42   108.646   10.4233
50.44   90.8615   9.53213
50.46   77.1846   8.78548
50.48   66.4703   8.15293
50.5   57.9489   7.61242
50.52   51.0883   7.14761
50.54   45.5134   6.74636
50.56   40.9557   6.39966
50.58   37.2217   6.10096
50.6   34.1728   5.84575
50.62   31.6559   5.62635
50.64   29.7243   5.452
50.66   28.2904   5.31887
50.68   27.3584   5.23053
50.7   26.9755   5.19379
50.72   27.2531   5.22045
50.74   28.4222   5.33125
50.76   30.9649   5.56461
50.78   35.8659   5.98882
50.8   44.9469   6.70425
50.82   60.8188   7.79864
50.84   86.0741   9.27761
50.86   119.075   10.9122
50.88   143.181   11.9658
50.9   133.509   11.5546
50.92   100.426   10.0213
50.94   69.1258   8.3142
50.96   47.386   6.88375
50.98   33.8705   5.81984
51   25.7213   5.07162
51.02   20.649   4.54412
51.04   17.264   4.4
51.06   14.7543   4.4
51.08   12.9318   4.4
51.1   11.5098   4.4
51.12   10.3706   4.4
51.14   9.43795   4.4
51.16   8.66036   4.4
51.18   8.00176   4.4
51.2   7.43632   4.4
51.22   6.94515   4.4
51.24   6.51412   4.4
51.26   6.13251   4.4
51.28   5.79202   4.4
51.3   5.48615   4.4
51.32   5.20974   4.4
51.34   4.95863   4.4
51.36   4.72944   4.4
51.38   4.51941   4.4
51.4   4.22938   4.4
51.42   4.05372   4.4
51.44   4.63462   4.4
51.46   4.50486   4.4
51.48   4.38666   4.4
51.5   4.27908   4.4
51.52   4.18133   4.4
51.54   4.09272   4.4
51.56   4.01269   4.4
51.58   3.94075   4.4
51.6   3.87652   4.4
51.62   3.81967   4.4
51.64   3.76995   4.4
51.66   3.72719   4.4
51.68   3.69125   4.4
51.7   1.67475   4.4
51.72   1.70509   4.4
51.74   1.74023   4.4
51.76   1.78042   4.4
51.78   1.826   4.4
51.8   1.87741   4.4
51.82   1.93518   4.4
51.84   1.99999   4.4
51.86   2.0727   4.4
51.88   2.15438   4.4
51.9   2.24639   4.4
51.92   2.35046   4.4
51.94   2.46887   4.4
51.96   2.60461   4.4
51.98   2.76169   4.4
52   2.94563   4.4
52.02   3.16419   4.4
52.04   3.42859   4.4
52.06   3.75571   4.4
52.08   4.17258   4.4
52.1   4.72699   4.4
52.12   5.51171   4.4
52.14   6.70951   4.4
52.16   8.64491   4.4
52.18   11.7818   4.4
52.2   16.5351   4.4
52.22   22.4756   4.74084
52.24   26.4576   5.14369
52.26   24.5529   4.95509
52.28   19.1663   4.4
52.3   14.3647   4.4
52.32   11.2209   4.4
52.34   9.45313   4.4
52.36   8.45679   4.4
52.38   8.12307   4.4
52.4   8.16864   4.4
52.42   8.36662   4.4
52.44   8.73011   4.4
52.46   9.2411   4.4
52.48   9.89726   4.4
52.5   10.707   4.4
52.52   11.6883   4.4
52.54   12.8686   4.4
52.56   14.2871   4.4
52.58   15.9975   4.4
52.6   18.0731   4.4
52.62   20.6176   4.54066
52.64   23.7646   4.8749
52.66   27.7151   5.26451
52.68   32.7549   5.72319
52.7   39.3099   6.26976
52.72   48.0431   6.93131
52.74   60.0695   7.75045
52.76   77.466   8.80148
52.78   104.369   10.2161
52.8   148.714   12.1949
52.82   223.554   14.9517
52.84   345.123   18.5775
52.86   520.769   22.8204
52.88   705.334   26.5581
52.9   754.894   27.4753
52.92   612.758   24.7539
52.94   421.186   20.5228
52.96   273.654   16.5425
52.98   178.928   13.3764
53   122.25   11.0567
53.02   88.4763   9.40618
53.04   67.332   8.20561
53.06   53.1396   7.28969
53.08   43.0408   6.56055
53.1   35.5629   5.96347
53.12   29.87   5.46534
53.14   25.4415   5.04396
53.16   21.934   4.68337
53.18   19.1123   4.4
53.2   16.8115   4.4
53.22   14.9133   4.4
53.24   13.331   4.4
53.26   12.0002   4.4
53.28   10.8723   4.4
53.3   9.91005   4.4
53.32   9.08474   4.4
53.34   8.37387   4.4
53.36   7.75977   4.4
53.38   7.22847   4.4
53.4   6.76895   4.4
53.42   6.37257   4.4
53.44   6.03262   4.4
53.46   5.74408   4.4
53.48   5.50347   4.4
53.5   5.30872   4.4
53.52   5.15923   4.4
53.54   5.05603   4.4
53.56   5.00203   4.4
53.58   5.00255   4.4
53.6   5.06614   4.4
53.62   5.20585   4.4
53.64   5.44142   4.4
53.66   5.8028   4.4
53.68   6.33679   4.4
53.7   7.1209   4.4
53.72   8.27459   4.4
53.74   10.1192   4.4
53.76   13.1766   4.4
53.78   18.3914   4.4
53.8   27.0627   5.20218
53.82   40.1979   6.34018
53.84   55.9314   7.47873
53.86   64.8235   8.0513
53.88   57.7863   7.60173
53.9   42.2177   6.49751
53.92   28.4378   5.33271
53.94   19.1444   4.4
53.96   13.5473   4.4
53.98   10.3778   4.4
54   8.69865   4.4
54.02   7.97051   4.4
54.04   7.80078   4.4
54.06   7.54212   4.4
54.08   6.60068   4.4
54.1   5.34556   4.4
54.12   4.28855   4.4
54.14   3.52895   4.4
54.16   3.00353   4.4
54.18   2.63282   4.4
54.2   2.43215   4.4
54.22   2.21869   4.4
54.24   2.04509   4.4
54.26   1.90013   4.4
54.28   1.77687   4.4
54.3   1.67059   4.4
54.32   1.57794   4.4
54.34   1.49642   4.4
54.36   0.691526   4.4
54.38   0.64658   4.4
54.4   0.607474   4.4
54.42   0.573326   4.4
54.44   0.543427   4.4
54.46   0.517203   4.4
54.48   0.494186   4.4
54.5   0.473989   4.4
54.52   0.508238   4.4
54.54   0.494244   4.4
54.56   0.482328   4.4
54.58   0.472309   4.4
54.6   0.464036   4.4
54.62   0.457387   4.4
54.64   0.452261   4.4
54.66   0.448577   4.4
54.68   0.446274   4.4
54.7   0.445305   4.4
54.72   0.445636   4.4
54.74   0.44725   4.4
54.76   0.450141   4.4
54.78   0.454316   4.4
54.8   0.459797   4.4
54.82   0.466616   4.4
54.84   0.474819   4.4
54.86   0.484469   4.4
54.88   0.495641   4.4
54.9   0.508431   4.4
54.92   0.52295   4.4
54.94   0.539333   4.4
54.96   0.557739   4.4
54.98   0.578355   4.4
55   0.601402   4.4
55.02   0.627139   4.4
55.04   0.65587   4.4
55.06   0.687956   4.4
55.08   0.723822   4.4
55.1   0.763975   4.4
55.12   0.809018   4.4
55.14   0.859676   4.4
55.16   0.916825   4.4
55.18   0.981526   4.4
55.2   1.05508   4.4
55.22   1.1391   4.4
55.24   1.23558   4.4
55.26   1.34705   4.4
55.28   1.4767   4.4
55.3   1.62866   4.4
55.32   1.76925   4.4
55.34   1.98476   4.4
55.36   2.22308   4.4
55.38   2.54098   4.4
55.4   2.93472   4.4
55.42   3.43057   4.4
55.44   4.06726   4.4
55.46   4.90421   4.4
55.48   6.03916   4.4
55.5   7.64994   4.4
55.52   10.0846   4.4
55.54   14.0346   4.4
55.56   20.6714   4.54658
55.58   31.5707   5.61878
55.6   47.8454   6.91703
55.62   66.7524   8.17022
55.64   75.8015   8.7064
55.66   65.1301   8.07032
55.68   46.355   6.80845
55.7   30.9249   5.56102
55.72   20.8751   4.56893
55.74   14.9682   4.4
55.76   11.6774   4.4
55.78   9.9216   4.4
55.8   9.12077   4.4
55.82   9.05438   4.4
55.84   9.76059   4.4
55.86   11.5511   4.4
55.88   15.0943   4.4
55.9   21.4083   4.62691
55.92   31.4612   5.60903
55.94   44.4717   6.66871
55.96   53.6304   7.32328
55.98   49.3988   7.02843
56   36.3968   6.03297
56.02   24.3304   4.93258
56.04   16.0264   4.4
56.06   10.9058   4.4
56.08   7.84802   4.4
56.1   5.96823   4.4
56.12   4.73316   4.4
56.14   3.86561   4.4
56.16   3.22583   4.4
56.18   2.73818   4.4
56.2   2.35725   4.4
56.22   2.05367   4.4
56.24   1.80757   4.4
56.26   1.60506   4.4
56.28   1.43625   4.4
56.3   1.29391   4.4
56.32   1.17265   4.4
56.34   1.06841   4.4
56.36   0.978083   4.4
56.38   0.899228   4.4
56.4   0.829936   4.4
56.42   0.768681   4.4
56.44   0.714234   4.4
56.46   0.665597   4.4
56.48   0.62195   4.4
56.5   0.582616   4.4
56.52   0.54703   4.4
56.54   0.514719   4.4
56.56   0.485283   4.4
56.58   0.458382   4.4
56.6   0.433728   4.4
56.62   0.609878   4.4
56.64   0.594568   4.4
56.66   0.581089   4.4
56.68   0.569295   4.4
56.7   0.559057   4.4
56.72   0.550267   4.4
56.74   0.542834   4.4
56.76   0.536677   4.4
56.78   0.531732   4.4
56.8   0.527942   4.4
56.82   0.525263   4.4
56.84   0.523659   4.4
56.86   0.523101   4.4
56.88   0.52357   4.4
56.9   0.525053   4.4
56.92   0.527545   4.4
56.94   0.531045   4.4
56.96   0.535563   4.4
56.98   0.541113   4.4
57   0.547715   4.4
57.02   0.555399   4.4
57.04   0.564199   4.4
57.06   2.6577   4.4
57.08   2.72723   4.4
57.1   2.72824   4.4
57.12   2.80744   4.4
57.14   2.89076   4.4
57.16   2.97848   4.4
57.18   3.07087   4.4
57.2   3.16824   4.4
57.22   3.27095   4.4
57.24   3.37936   4.4
57.26   3.52268   4.4
57.28   3.64461   4.4
57.3   3.77367   4.4
57.32   3.91042   4.4
57.34   4.05549   4.4
57.36   4.20958   4.4
57.38   4.37346   4.4
57.4   4.54803   4.4
57.42   4.73424   4.4
57.44   4.88345   4.4
57.46   5.09776   4.4
57.48   5.32747   4.4
57.5   5.5742   4.4
57.52   5.83981   4.4
57.54   6.12648   4.4
57.56   6.43669   4.4
57.58   6.77338   4.4
57.6   7.13997   4.4
57.62   7.54052   4.4
57.64   7.97989   4.4
57.66   8.46392   4.4
57.68   9.18894   4.4
57.7   9.7906   4.4
57.72   10.4638   4.4
57.74   11.2224   4.4
57.76   12.0838   4.4
57.78   13.0707   4.4
57.8   14.2133   4.4
57.82   15.5521   4.4
57.84   17.1432   4.4
57.86   19.0655   4.4
57.88   21.4346   4.62976
57.9   24.4265   4.94232
57.92   28.3301   5.3226
57.94   33.6715   5.80272
57.96   41.4873   6.44107
57.98   53.7774   7.33331
58   73.9023   8.59664
58.02   106.223   10.3065
58.04   153.373   12.3844
58.06   205.899   14.3492
58.08   227.406   15.08
58.1   195.957   13.9984
58.12   146.779   12.1152
58.14   108.465   10.4147
58.16   85.0865   9.22423
58.18   73.128   8.55149
58.2   68.4364   8.27263
58.22   68.369   8.26855
58.24   71.5638   8.45954
58.26   77.5768   8.80777
58.28   86.5278   9.30203
58.3   98.9623   9.94798
58.32   115.896   10.7655
58.34   139.032   11.7912
58.36   171.312   13.0886
58.38   218.245   14.7731
58.4   290.84   17.054
58.42   410.398   20.2583
58.44   612.512   24.749
58.46   942.714   30.7036
58.48   1426.05   37.7631
58.5   1953.65   44.2001
58.52   2135.09   46.207
58.54   1765   42.0119
58.56   1224.43   34.9918
58.58   799.051   28.2675
58.6   524.199   22.8954
58.62   360.306   18.9817
58.64   264.591   16.2662
58.66   207.738   14.4131
58.68   173.407   13.1684
58.7   151.866   12.3234
58.72   133.599   11.5585
58.74   114.718   10.7106
58.76   94.8251   9.73782
58.78   79.0922   8.89338
58.8   67.4937   8.21546
58.82   59.0449   7.68407
58.84   52.8204   7.26776
58.86   48.1738   6.94074
58.88   44.7217   6.68743
58.9   42.2649   6.50114
58.92   40.727   6.38177
58.94   40.1332   6.33508
58.96   40.6313   6.37427
58.98   42.5782   6.5252
59   46.7556   6.8378
59.02   54.7601   7.40001
59.04   69.4173   8.3317
59.06   94.6559   9.72913
59.08   133.619   11.5594
59.1   180.989   13.4532
59.12   207.384   14.4008
59.14   183.583   13.5493
59.16   135.112   11.6238
59.18   93.5533   9.67229
59.2   65.7224   8.10694
59.22   48.7526   6.98231
59.24   38.6381   6.21596
59.26   32.403   5.69236
59.28   28.3157   5.32125
59.3   25.4923   5.04899
59.32   23.4886   4.8465
59.34   22.0652   4.69736
59.36   21.0829   4.59161
59.38   20.4597   4.52324
59.4   20.1518   4.48908
59.42   20.1465   4.48848
59.44   20.461   4.52339
59.46   21.1522   4.59915
59.48   22.934   4.78895
59.5   24.9018   4.99017
59.52   28.1602   5.30662
59.54   33.4805   5.78623
59.56   42.6957   6.5342
59.58   57.0067   7.55028
59.6   75.6036   8.69503
59.62   89.6692   9.46938
59.64   85.6879   9.25677
59.66   68.9568   8.30403
59.68   53.1623   7.29125
59.7   42.6377   6.52976
59.72   36.7145   6.05925
59.74   33.9725   5.8286
59.76   33.0138   5.74576
59.78   33.214   5.76316
59.8   34.2269   5.85037
59.82   35.9142   5.99284
59.84   38.2457   6.18431
59.86   41.2559   6.42308
59.88   45.0318   6.71057
59.9   49.7142   7.05083
59.92   55.5098   7.45049
59.94   62.7134   7.91918
59.96   71.7434   8.47015
59.98   81.1396   9.00775
60   95.9625   9.79605
60.02   115.428   10.7437
60.04   141.668   11.9025
60.06   178.516   13.361
60.08   232.944   15.2625
60.1   319.361   17.8707
60.12   463.998   21.5406
60.14   706.431   26.5788
60.16   1087.61   32.9789
60.18   1594.96   39.9369
60.2   2005.25   44.78
60.22   1923.11   43.8533
60.24   1443.4   37.9921
60.26   962.927   31.0311
60.28   624.795   24.9959
60.3   416.065   20.3977
60.32   291.94   17.0863
60.34   217.059   14.7329
60.36   169.052   13.002
60.38   136.148   11.6683
60.4   112.449   10.6042
60.42   94.8183   9.73747
60.44   81.4091   9.0227
60.46   71.0454   8.42885
60.48   62.9431   7.93367
60.5   56.565   7.52097
60.52   51.5373   7.17895
60.54   47.5974   6.89909
60.56   44.5617   6.67545
60.58   42.1209   6.49006
60.6   40.5706   6.3695
60.62   39.6826   6.29941
60.64   39.4564   6.28143
60.66   39.9322   6.3192
60.68   41.1999   6.41872
60.7   43.4151   6.58902
60.72   46.8294   6.8432
60.74   51.8454   7.20038
60.76   59.288   7.69987
60.78   70.0634   8.37039
60.8   86.7045   9.31152
60.82   113.939   10.6742
60.84   160.201   12.657
60.86   237.594   15.4141
60.88   357.045   18.8956
60.9   507.715   22.5325
60.92   607.969   24.657
60.94   553.789   23.5327
60.96   406.469   20.1611
60.98   273.289   16.5315
61   183.025   13.5287
61.02   128.411   11.3318
61.04   96.9178   9.84468
61.06   78.9842   8.8873
61.08   69.2629   8.32243
61.1   65.6325   8.10139
61.12   68.3335   8.26641
61.14   78.5587   8.86333
61.16   97.0089   9.84931
61.18   118.57   10.889
61.2   125.333   11.1952
61.22   107.301   10.3586
61.24   81.6008   9.03332
61.26   61.4956   7.84192
61.28   48.6975   6.97836
61.3   41.4175   6.43564
61.32   37.7223   6.14185
61.34   36.3386   6.02815
61.36   36.699   6.05797
61.38   38.8225   6.23077
61.4   43.324   6.5821
61.42   51.564   7.18081
61.44   65.6544   8.10274
61.46   87.7242   9.36612
61.48   116.726   10.804
61.5   139.861   11.8263
61.52   137.046   11.7067
61.54   116.006   10.7706
61.56   97.6611   9.88236
61.58   89.3249   9.45119
61.6   91.2372   9.55182
61.62   103.41   10.1691
61.64   128.589   11.3397
61.66   174.371   13.205
61.68   252.237   15.882
61.7   382.435   19.556
61.72   567.384   23.8198
61.74   749.459   27.3762
61.76   775.058   27.8399
61.78   613.902   24.777
61.8   419.118   20.4724
61.82   273.743   16.5452
61.84   181.519   13.4729
61.86   126.563   11.25
61.88   93.7542   9.68268
61.9   73.1402   8.5522
61.92   59.3162   7.7017
61.94   49.5797   7.04128
61.96   42.5386   6.52216
61.98   37.412   6.11653
62   33.7348   5.80817
62.02   31.2349   5.58882
62.04   29.7804   5.45714
62.06   29.3677   5.4192
62.08   30.1564   5.49149
62.1   32.5912   5.70887
62.12   37.668   6.13743
62.14   47.3087   6.87813
62.16   64.5228   8.03261
62.18   92.6186   9.62385
62.2   131.403   11.4631
62.22   165.446   12.8626
62.24   162.767   12.758
62.26   125.722   11.2126
62.28   86.2841   9.28892
62.3   57.8656   7.60695
62.32   39.9824   6.32316
62.34   29.2341   5.40685
62.36   22.6544   4.75966
62.38   18.3633   4.4
62.4   14.7949   4.4
62.42   12.5892   4.4
62.44   10.9001   4.4
62.46   9.57133   4.4
62.48   8.50319   4.4
62.5   7.62864   4.4
62.52   6.90117   4.4
62.54   6.28766   4.4
62.56   5.76399   4.4
62.58   5.31225   4.4
62.6   4.9189   4.4
62.62   4.73549   4.4
62.64   4.43457   4.4
62.66   4.42901   4.4
62.68   4.20298   4.4
62.7   4.00174   4.4
62.72   3.82198   4.4
62.74   3.66095   4.4
62.76   3.51641   4.4
62.78   3.38645   4.4
62.8   3.26952   4.4
62.82   3.16427   4.4
62.84   3.06959   4.4
62.86   2.98452   4.4
62.88   2.90826   4.4
62.9   2.84012   4.4
62.92   2.77951   4.4
62.94   2.72594   4.4
62.96   2.679   4.4
62.98   2.53612   4.4
63   2.50415   4.4
63.02   2.47783   4.4
63.04   2.45697   4.4
63.06   2.44146   4.4
63.08   2.43121   4.4
63.1   2.42616   4.4
63.12   2.42632   4.4
63.14   2.43172   4.4
63.16   2.44245   4.4
63.18   2.45862   4.4
63.2   2.48041   4.4
63.22   2.50803   4.4
63.24   1.81037   4.4
63.26   1.86975   4.4
63.28   1.93517   4.4
63.3   2.00713   4.4
63.32   2.08619   4.4
63.34   2.17301   4.4
63.36   2.26833   4.4
63.38   2.37302   4.4
63.4   2.48808   4.4
63.42   2.61466   4.4
63.44   2.75411   4.4
63.46   2.90799   4.4
63.48   3.07811   4.4
63.5   3.26662   4.4
63.52   3.47602   4.4
63.54   3.7093   4.4
63.56   3.96999   4.4
63.58   4.26235   4.4
63.6   4.59146   4.4
63.62   4.96353   4.4
63.64   5.41613   4.4
63.66   5.89936   4.4
63.68   6.45401   4.4
63.7   7.09459   4.4
63.72   7.68945   4.4
63.74   8.56614   4.4
63.76   9.6011   4.4
63.78   10.8346   4.4
63.8   12.3203   4.4
63.82   14.1314   4.4
63.84   16.369   4.4
63.86   19.1763   4.4
63.88   22.7611   4.77086
63.9   27.436   5.23793
63.92   33.6968   5.80489
63.94   42.4009   6.5116
63.96   55.1691   7.42759
63.98   75.1638   8.66971
64   108.149   10.3994
64.02   162.982   12.7664
64.04   249.197   15.786
64.06   365.114   19.108
64.08   471.729   21.7193
64.1   497.092   22.2956
64.12   413.296   20.3297
64.14   289.615   17.0181
64.16   189.764   13.7755
64.18   124.362   11.1518
64.2   84.7886   9.20807
64.22   61.112   7.81742
64.24   46.3367   6.80711
64.26   36.4785   6.03974
64.28   29.496   5.43102
64.3   24.3384   4.9334
64.32   20.4168   4.51849
64.34   17.368   4.4
64.36   15.5826   4.4
64.38   13.658   4.4
64.4   12.092   4.4
64.42   10.8031   4.4
64.44   9.7316   4.4
64.46   8.83304   4.4
64.48   8.07395   4.4
64.5   7.4287   4.4
64.52   6.87741   4.4
64.54   6.40455   4.4
64.56   5.99783   4.4
64.58   5.6475   4.4
64.6   5.34574   4.4
64.62   5.08633   4.4
64.64   4.86427   4.4
64.66   4.6756   4.4
64.68   4.51724   4.4
64.7   4.38685   4.4
64.72   4.2828   4.4
64.74   4.20413   4.4
64.76   4.15054   4.4
64.78   4.1225   4.4
64.8   4.12131   4.4
64.82   4.14941   4.4
64.84   4.21061   4.4
64.86   4.31076   4.4
64.88   4.45855   4.4
64.9   4.66702   4.4
64.92   4.95614   4.4
64.94   5.35794   4.4
64.96   5.92834   4.4
64.98   6.77488   4.4
65   8.11196   4.4
65.02   10.3348   4.4
65.04   14.0456   4.4
65.06   19.8827   4.459
65.08   27.7215   5.26512
65.1   34.3097   5.85745
65.12   33.5037   5.78824
65.14   26.3633   5.13452
65.16   19.047   4.4
65.18   13.9168   4.4
65.2   10.8093   4.4
65.22   9.0637   4.4
65.24   8.11966   4.4
65.26   7.62868   4.4
65.28   7.40888   4.4
65.3   7.37206   4.4
65.32   7.47488   4.4
65.34   7.69569   4.4
65.36   8.02505   4.4
65.38   8.46171   4.4
65.4   9.01097   4.4
65.42   9.68416   4.4
65.44   10.4989   4.4
65.46   11.4801   4.4
65.48   12.6619   4.4
65.5   14.0903   4.4
65.52   15.8279   4.4
65.54   17.7994   4.4
65.56   20.1012   4.48344
65.58   23.4407   4.84156
65.6   27.7028   5.26335
65.62   33.2485   5.76615
65.64   40.6397   6.37493
65.66   50.822   7.12896
65.68   65.5577   8.09677
65.7   88.357   9.39984
65.72   125.949   11.2227
65.74   189.396   13.7621
65.76   292.425   17.1004
65.78   441.16   21.0038
65.8   597.049   24.4346
65.82   638.13   25.2612
65.84   517.377   22.7459
65.86   355.417   18.8525
65.88   230.857   15.194
65.9   151.229   12.2975
65.92   103.413   10.1692
65.94   74.9165   8.65543
65.96   57.8658   7.60696
65.98   45.906   6.77539
66   37.4012   6.11566
66.02   31.1096   5.5776
66.04   26.3258   5.13087
66.06   22.6106   4.75506
66.08   19.674   4.43554
66.1   17.3175   4.4
66.12   15.4018   4.4
66.14   13.8269   4.4
66.16   12.5196   4.4
66.18   11.4255   4.4
66.2   10.5033   4.4
66.22   9.72165   4.4
66.24   9.05596   4.4
66.26   8.48707   4.4
66.28   7.9998   4.4
66.3   7.582   4.4
66.32   7.22391   4.4
66.34   6.91791   4.4
66.36   6.65705   4.4
66.38   6.43634   4.4
66.4   6.25152   4.4
66.42   6.0991   4.4
66.44   5.97625   4.4
66.46   5.88068   4.4
66.48   5.8106   4.4
66.5   5.76459   4.4
66.52   5.74163   4.4
66.54   5.741   4.4
66.56   5.7623   4.4
66.58   5.80539   4.4
66.6   5.84138   4.4
66.62   5.92958   4.4
66.64   6.04086   4.4
66.66   6.17624   4.4
66.68   6.33705   4.4
66.7   6.52499   4.4
66.72   6.74216   4.4
66.74   6.99109   4.4
66.76   7.27484   4.4
66.78   7.59709   4.4
66.8   7.96222   4.4
66.82   8.37549   4.4
66.84   8.84318   4.4
66.86   9.37285   4.4
66.88   9.97359   4.4
66.9   10.6564   4.4
66.92   11.4348   4.4
66.94   12.3252   4.4
66.96   13.348   4.4
66.98   14.5285   4.4
67   15.8986   4.4
67.02   17.4989   4.4
67.04   19.3815   4.40244
67.06   21.6141   4.64909
67.08   24.2861   4.92809
67.1   27.5174   5.24571
67.12   31.4715   5.60995
67.14   36.3756   6.03122
67.16   42.5528   6.52325
67.18   50.4749   7.10457
67.2   60.8584   7.80118
67.22   74.8609   8.65222
67.24   94.5246   9.72238
67.26   123.741   11.1239
67.28   169.358   13.0138
67.3   245.742   15.6762
67.32   371.751   19.2808
67.34   563.588   23.74
67.36   805.603   28.3831
67.38   1007.66   31.7436
67.4   1040.25   32.2529
67.42   854.075   29.2246
67.44   595.103   24.3947
67.46   389.93   19.7467
67.48   256.421   16.0131
67.5   175.736   13.2565
67.52   127.345   11.2847
67.54   97.0096   9.84935
67.56   76.6772   8.75655
67.58   62.2279   7.88847
67.6   51.5321   7.17859
67.62   43.3882   6.58697
67.64   37.3641   6.11261
67.66   32.3557   5.6882
67.68   28.3333   5.3229
67.7   25.0655   5.00655
67.72   22.3888   4.73168
67.74   20.1839   4.49265
67.76   18.3512   4.4
67.78   16.7792   4.4
67.8   15.3725   4.4
67.82   14.1255   4.4
67.84   13.0509   4.4
67.86   12.1328   4.4
67.88   11.3462   4.4
67.9   10.669   4.4
67.92   10.0833   4.4
67.94   9.57557   4.4
67.96   9.13561   4.4
67.98   8.75539   4.4
68   8.42853   4.4
68.02   8.14991   4.4
68.04   7.91545   4.4
68.06   7.7219   4.4
68.08   7.56677   4.4
68.1   7.44826   4.4
68.12   7.36513   4.4
68.14   7.36396   4.4
68.16   7.35163   4.4
68.18   7.37456   4.4
68.2   7.43388   4.4
68.22   7.5314   4.4
68.24   7.66964   4.4
68.26   8.17145   4.4
68.28   8.41135   4.4
68.3   8.70586   4.4
68.32   9.0622   4.4
68.34   9.48952   4.4
68.36   9.9994   4.4
68.38   10.6066   4.4
68.4   11.3301   4.4
68.42   12.1945   4.4
68.44   13.2318   4.4
68.46   14.4847   4.4
68.48   16.0105   4.4
68.5   17.888   4.4
68.52   20.227   4.49745
68.54   23.1846   4.81504
68.56   26.9914   5.19533
68.58   32.0001   5.65687
68.6   38.7864   6.22787
68.62   48.3879   6.95614
68.64   62.8445   7.92745
68.66   86.1607   9.28228
68.68   125.311   11.1942
68.7   189.917   13.7811
68.72   287.626   16.9595
68.74   405.135   20.128
68.76   470.598   21.6933
68.78   414.079   20.3489
68.8   298.664   17.2819
68.82   200.584   14.1628
68.84   135.846   11.6553
68.86   96.5453   9.82574
68.88   75.3141   8.67837
68.9   64.1108   8.00692
68.92   59.1693   7.69216
68.94   59.1034   7.68788
68.96   64.3147   8.01964
68.98   77.1   8.78066
69   102.041   10.1015
69.02   145.499   12.0623
69.04   211.86   14.5554
69.06   289.048   17.0014
69.08   324.115   18.0032
69.1   276.945   16.6417
69.12   197.021   14.0364
69.14   131.47   11.466
69.16   88.3151   9.39761
69.18   62.2194   7.88792
69.2   46.7017   6.83386
69.22   37.116   6.09229
69.24   30.8128   5.55093
69.26   26.4484   5.1428
69.28   23.342   4.83136
69.3   21.1205   4.59571
69.32   19.5622   4.42292
69.34   18.5317   4.4
69.36   17.9497   4.4
69.38   17.7788   4.4
69.4   18.0175   4.4
69.42   18.7025   4.4
69.44   19.9218   4.46338
69.46   21.8504   4.67445
69.48   24.8288   4.98285
69.5   29.4856   5.43006
69.52   36.8404   6.06963
69.54   48.2113   6.94343
69.56   64.5056   8.03154
69.58   83.584   9.14243
69.6   98.0753   9.9033
69.62   108.538   10.4182
69.64   129.96   11.4
69.66   174.929   13.2261
69.68   246.021   15.6851
69.7   319.134   17.8643
69.72   329.647   18.1562
69.74   262.277   16.195
69.76   180.126   13.4211
69.78   118.54   10.8876
69.8   79.342   8.90741
69.82   55.9098   7.47729
69.84   41.8811   6.47156
69.86   33.047   5.74865
69.88   27.1137   5.20708
69.9   22.9307   4.7886
69.92   19.9048   4.46148
69.94   17.7022   4.4
69.96   16.123   4.4
69.98   15.0484   4.4
70   14.4176   4.4
