1.54056
5   0   4.4
5.02   0   4.4
5.04   0   4.4
5.06   0   4.4
5.08   0   4.4
5.1   0   4.4
5.12   0   4.4
5.14   0   4.4
5.16   0   4.4
5.18   0   4.4
5.2   0   4.4
5.22   0   4.4
5.24   0   4.4
5.26   0   4.4
5.28   0   4.4
5.3   0   4.4
5.32   0   4.4
5.34   0   4.4
5.36   0   4.4
5.38   0   4.4
5.4   0   4.4
5.42   0   4.4
5.44   0   4.4
5.46   0   4.4
5.48   0   4.4
5.5   0   4.4
5.52   0   4.4
5.54   0   4.4
5.56   0   4.4
5.58   0   4.4
5.6   0   4.4
5.62   0   4.4
5.64   0   4.4
5.66   0   4.4
5.68   0   4.4
5.7   0   4.4
5.72   0   4.4
5.74   0   4.4
5.76   0   4.4
5.78   0   4.4
5.8   0   4.4
5.82   0   4.4
5.84   0   4.4
5.86   0   4.4
5.88   0   4.4
5.9   0   4.4
5.92   0   4.4
5.94   0   4.4
5.96   0   4.4
5.98   0   4.4
6   0   4.4
6.02   0   4.4
6.04   0   4.4
6.06   0   4.4
6.08   0   4.4
6.1   0   4.4
6.12   0   4.4
6.14   0   4.4
6.16   0   4.4
6.18   0   4.4
6.2   0   4.4
6.22   0   4.4
6.24   0   4.4
6.26   0   4.4
6.28   0   4.4
6.3   0   4.4
6.32   0   4.4
6.34   0   4.4
6.36   0   4.4
6.38   0   4.4
6.4   0   4.4
6.42   0   4.4
6.44   0   4.4
6.46   0   4.4
6.48   0   4.4
6.5   0   4.4
6.52   0   4.4
6.54   0   4.4
6.56   0   4.4
6.58   0   4.4
6.6   0   4.4
6.62   0   4.4
6.64   0   4.4
6.66   0   4.4
6.68   0   4.4
6.7   0   4.4
6.72   0   4.4
6.74   0   4.4
6.76   0   4.4
6.78   0   4.4
6.8   0   4.4
6.82   0   4.4
6.84   0   4.4
6.86   0   4.4
6.88   0   4.4
6.9   0   4.4
6.92   0   4.4
6.94   0   4.4
6.96   0   4.4
6.98   0   4.4
7   0   4.4
7.02   0   4.4
7.04   0   4.4
7.06   0   4.4
7.08   0   4.4
7.1   0   4.4
7.12   0   4.4
7.14   0.0224419   4.4
7.16   0.0230652   4.4
7.18   0.0237148   4.4
7.2   0.0243923   4.4
7.22   0.0250992   4.4
7.24   0.0258372   4.4
7.26   0.0266083   4.4
7.28   0.0274144   4.4
7.3   0.0282577   4.4
7.32   0.0291404   4.4
7.34   0.0300652   4.4
7.36   0.0310347   4.4
7.38   0.0320518   4.4
7.4   0.0331197   4.4
7.42   0.0342419   4.4
7.44   0.035422   4.4
7.46   0.0366642   4.4
7.48   0.0379728   4.4
7.5   0.0393527   4.4
7.52   0.0408092   4.4
7.54   0.0423479   4.4
7.56   0.0439753   4.4
7.58   0.0456983   4.4
7.6   0.0475245   4.4
7.62   0.0494623   4.4
7.64   0.0515209   4.4
7.66   0.0537107   4.4
7.68   0.056043   4.4
7.7   0.0585303   4.4
7.72   0.0611869   4.4
7.74   0.0640283   4.4
7.76   0.067072   4.4
7.78   0.0703378   4.4
7.8   0.0738478   4.4
7.82   0.0776268   4.4
7.84   0.081703   4.4
7.86   0.0861085   4.4
7.88   0.0908795   4.4
7.9   0.0960577   4.4
7.92   0.10169   4.4
7.94   0.107833   4.4
7.96   0.114548   4.4
7.98   0.121908   4.4
8   0.13   4.4
8.02   0.138923   4.4
8.04   0.148795   4.4
8.06   0.159755   4.4
8.08   0.171968   4.4
8.1   0.185632   4.4
8.12   0.200985   4.4
8.14   0.218317   4.4
8.16   0.237982   4.4
8.18   0.260416   4.4
8.2   0.28616   4.4
8.22   0.315896   4.4
8.24   0.350488   4.4
8.26   0.391047   4.4
8.28   0.439015   4.4
8.3   0.496295   4.4
8.32   0.565436   4.4
8.34   0.64991   4.4
8.36   0.754536   4.4
8.38   0.886155   4.4
8.4   1.05472   4.4
8.42   1.2752   4.4
8.44   1.57138   4.4
8.46   1.9845   4.4
8.48   2.59359   4.4
8.5   3.55629   4.4
8.52   5.16411   4.4
8.54   7.86397   4.4
8.56   12.1361   4.4
8.58   17.9158   4.4
8.6   22.8514   4.78031
8.62   22.3254   4.72497
8.64   16.9466   4.4
8.66   11.3383   4.4
8.68   7.3394   4.4
8.7   4.84799   4.4
8.72   3.3692   4.4
8.74   2.47827   4.4
8.76   1.90827   4.4
8.78   1.51774   4.4
8.8   1.27514   4.4
8.82   1.06533   4.4
8.84   0.904649   4.4
8.86   0.7791   4.4
8.88   0.679332   4.4
8.9   0.598892   4.4
8.92   0.533213   4.4
8.94   0.478998   4.4
8.96   0.433822   4.4
8.98   0.39587   4.4
9   0.363762   4.4
9.02   0.336439   4.4
9.04   0.313073   4.4
9.06   0.293016   4.4
9.08   0.275749   4.4
9.1   0.260857   4.4
9.12   0.248006   4.4
9.14   0.236923   4.4
9.16   0.227387   4.4
9.18   0.219213   4.4
9.2   0.212252   4.4
9.22   0.206381   4.4
9.24   0.201497   4.4
9.26   0.197517   4.4
9.28   0.194373   4.4
9.3   0.192011   4.4
9.32   0.190388   4.4
9.34   0.189471   4.4
9.36   0.189238   4.4
9.38   0.189672   4.4
9.4   0.190769   4.4
9.42   0.192529   4.4
9.44   0.194962   4.4
9.46   0.198083   4.4
9.48   0.201918   4.4
9.5   0.206501   4.4
9.52   0.211873   4.4
9.54   0.218089   4.4
9.56   0.225213   4.4
9.58   0.233321   4.4
9.6   0.242507   4.4
9.62   0.252881   4.4
9.64   0.264573   4.4
9.66   0.277738   4.4
9.68   0.292561   4.4
9.7   0.30926   4.4
9.72   0.328098   4.4
9.74   0.34939   4.4
9.76   0.373517   4.4
9.78   0.40094   4.4
9.8   0.432224   4.4
9.82   0.468066   4.4
9.84   0.509328   4.4
9.86   0.557093   4.4
9.88   0.61273   4.4
9.9   0.677993   4.4
9.92   0.755151   4.4
9.94   0.847186   4.4
9.96   0.958067   4.4
9.98   1.09317   4.4
10   1.25992   4.4
10.02   1.46876   4.4
10.04   1.73476   4.4
10.06   2.08029   4.4
10.08   2.54015   4.4
10.1   3.15093   4.4
10.12   4.06513   4.4
10.14   5.47623   4.4
10.16   7.79909   4.4
10.18   11.7195   4.4
10.2   18.0978   4.4
10.22   27.3508   5.2298
10.24   37.1927   6.09858
10.26   40.0698   6.33007
10.28   32.7001   5.7184
10.3   22.5259   4.74615
10.32   14.6375   4.4
10.34   9.55963   4.4
10.36   6.51867   4.4
10.38   4.70751   4.4
10.4   3.57522   4.4
10.42   2.81624   4.4
10.44   2.27663   4.4
10.46   1.8772   4.4
10.48   1.57311   4.4
10.5   1.33649   4.4
10.52   1.14895   4.4
10.54   0.997935   4.4
10.56   0.874612   4.4
10.58   0.772653   4.4
10.6   0.687425   4.4
10.62   0.615479   4.4
10.64   0.554207   4.4
10.66   0.501607   4.4
10.68   0.456123   4.4
10.7   0.416533   4.4
10.72   0.381864   4.4
10.74   0.351335   4.4
10.76   0.324316   4.4
10.78   0.300288   4.4
10.8   0.278829   4.4
10.82   0.259584   4.4
10.84   0.242261   4.4
10.86   0.226612   4.4
10.88   0.212428   4.4
10.9   0.199534   4.4
10.92   0.187776   4.4
10.94   0.177026   4.4
10.96   0.167173   4.4
10.98   0.158118   4.4
11   0.149778   4.4
11.02   0.142081   4.4
11.04   0.134961   4.4
11.06   0.128362   4.4
11.08   0.122236   4.4
11.1   0.116537   4.4
11.12   0.111227   4.4
11.14   0.106272   4.4
11.16   0.10164   4.4
11.18   0.0973044   4.4
11.2   0.09324   4.4
11.22   0.183767   4.4
11.24   0.1828   4.4
11.26   0.182154   4.4
11.28   0.181821   4.4
11.3   0.181791   4.4
11.32   0.182059   4.4
11.34   0.18262   4.4
11.36   0.183472   4.4
11.38   0.184614   4.4
11.4   0.186046   4.4
11.42   0.18777   4.4
11.44   0.18979   4.4
11.46   0.192111   4.4
11.48   0.19474   4.4
11.5   0.197684   4.4
11.52   0.200956   4.4
11.54   0.204565   4.4
11.56   0.208526   4.4
11.58   0.212856   4.4
11.6   0.217571   4.4
11.62   0.222692   4.4
11.64   0.228243   4.4
11.66   0.234249   4.4
11.68   0.240739   4.4
11.7   0.247746   4.4
11.72   0.216449   4.4
11.74   0.22564   4.4
11.76   0.235429   4.4
11.78   0.245867   4.4
11.8   0.257015   4.4
11.82   0.268938   4.4
11.84   0.281709   4.4
11.86   0.295411   4.4
11.88   0.310136   4.4
11.9   0.325988   4.4
11.92   0.343086   4.4
11.94   0.361563   4.4
11.96   0.381572   4.4
11.98   0.403285   4.4
12   0.426903   4.4
12.02   0.452654   4.4
12.04   0.480802   4.4
12.06   0.511653   4.4
12.08   0.545566   4.4
12.1   0.582956   4.4
12.12   0.624315   4.4
12.14   0.670225   4.4
12.16   0.721375   4.4
12.18   0.778591   4.4
12.2   0.84287   4.4
12.22   0.915417   4.4
12.24   0.997708   4.4
12.26   1.09156   4.4
12.28   1.19923   4.4
12.3   1.32357   4.4
12.32   1.46816   4.4
12.34   1.63762   4.4
12.36   1.83796   4.4
12.38   2.07709   4.4
12.4   2.36558   4.4
12.42   2.71784   4.4
12.44   3.15386   4.4
12.46   3.70197   4.4
12.48   4.40331   4.4
12.5   5.31972   4.4
12.52   6.54907   4.4
12.54   8.26029   4.4
12.56   10.776   4.4
12.58   14.7398   4.4
12.6   21.3492   4.62052
12.62   32.46   5.69737
12.64   50.1155   7.07923
12.66   74.2597   8.61741
12.68   95.6188   9.77849
12.7   94.6513   9.72889
12.72   72.4785   8.51343
12.74   48.65   6.97495
12.76   31.4966   5.61218
12.78   20.7687   4.55727
12.8   14.3963   4.4
12.82   10.5642   4.4
12.84   8.12031   4.4
12.86   6.45055   4.4
12.88   5.24729   4.4
12.9   4.34846   4.4
12.92   3.65947   4.4
12.94   3.12031   4.4
12.96   2.69091   4.4
12.98   2.34365   4.4
13   2.059   4.4
13.02   1.82288   4.4
13.04   1.62492   4.4
13.06   1.45736   4.4
13.08   1.31431   4.4
13.1   1.19125   4.4
13.12   1.08462   4.4
13.14   0.991636   4.4
13.16   0.910077   4.4
13.18   0.838149   4.4
13.2   0.774398   4.4
13.22   0.717633   4.4
13.24   0.666872   4.4
13.26   0.6213   4.4
13.28   0.580234   4.4
13.3   0.543101   4.4
13.32   0.509414   4.4
13.34   0.478761   4.4
13.36   0.450789   4.4
13.38   0.425195   4.4
13.4   0.401717   4.4
13.42   0.380128   4.4
13.44   0.360231   4.4
13.46   0.341855   4.4
13.48   0.324847   4.4
13.5   0.309077   4.4
13.52   0.294426   4.4
13.54   0.280792   4.4
13.56   0.268083   4.4
13.58   0.256216   4.4
13.6   0.245119   4.4
13.62   0.234728   4.4
13.64   0.224982   4.4
13.66   0.215831   4.4
13.68   0.207227   4.4
13.7   0.199126   4.4
13.72   0.191491   4.4
13.74   0.184287   4.4
13.76   0.177481   4.4
13.78   0.171046   4.4
13.8   0.164954   4.4
13.82   0.159181   4.4
13.84   0.153706   4.4
13.86   0.148509   4.4
13.88   0.14357   4.4
13.9   0.138874   4.4
13.92   0.134404   4.4
13.94   0.130147   4.4
13.96   0.126089   4.4
13.98   0.122217   4.4
14   0.118521   4.4
14.02   0.11499   4.4
14.04   0.111615   4.4
14.06   0.108386   4.4
14.08   0.105295   4.4
14.1   0.102334   4.4
14.12   0.0994962   4.4
14.14   0.0967749   4.4
14.16   0.0941638   4.4
14.18   0   4.4
14.2   0   4.4
14.22   0   4.4
14.24   0   4.4
14.26   0   4.4
14.28   0   4.4
14.3   0   4.4
14.32   0   4.4
14.34   0   4.4
14.36   0   4.4
14.38   0   4.4
14.4   0   4.4
14.42   0   4.4
14.44   0   4.4
14.46   0   4.4
14.48   0.00386606   4.4
14.5   0.00397319   4.4
14.52   0.00408484   4.4
14.54   0.00420125   4.4
14.56   0.00432271   4.4
14.58   0.00444951   4.4
14.6   0.00458197   4.4
14.62   0.00472044   4.4
14.64   0.00486527   4.4
14.66   0.00501687   4.4
14.68   0.00517566   4.4
14.7   0.00534211   4.4
14.72   0.00551672   4.4
14.74   0.00570002   4.4
14.76   0.00589261   4.4
14.78   0.00609511   4.4
14.8   0.00630824   4.4
14.82   0.00653273   4.4
14.84   0.00676941   4.4
14.86   0.00701919   4.4
14.88   0.00728304   4.4
14.9   0.00756203   4.4
14.92   0.00785736   4.4
14.94   0.00817032   4.4
14.96   0.00850234   4.4
14.98   0.008855   4.4
15   0.00923004   4.4
15.02   0.0096294   4.4
15.04   0.0100552   4.4
15.06   0.0105099   4.4
15.08   0.0109961   4.4
15.1   0.0115168   4.4
15.12   0.0120753   4.4
15.14   0.0126754   4.4
15.16   0.0133213   4.4
15.18   0.0140178   4.4
15.2   0.0147703   4.4
15.22   0.0155849   4.4
15.24   0.0164688   4.4
15.26   0.0174299   4.4
15.28   0.0184774   4.4
15.3   0.0196222   4.4
15.32   0.0208764   4.4
15.34   0.0222546   4.4
15.36   0.0237736   4.4
15.38   0.0254531   4.4
15.4   0.0273166   4.4
15.42   0.0293919   4.4
15.44   0.0317121   4.4
15.46   0.0343173   4.4
15.48   0.0372559   4.4
15.5   0.0405871   4.4
15.52   0.0443838   4.4
15.54   0.0487363   4.4
15.56   0.0537581   4.4
15.58   0.0595929   4.4
15.6   0.0664248   4.4
15.62   0.0744926   4.4
15.64   0.0841106   4.4
15.66   0.0956984   4.4
15.68   0.109826   4.4
15.7   0.127283   4.4
15.72   0.149183   4.4
15.74   0.177142   4.4
15.76   0.213574   4.4
15.78   0.262271   4.4
15.8   0.329699   4.4
15.82   0.431573   4.4
15.84   0.585362   4.4
15.86   0.840493   4.4
15.88   1.27031   4.4
15.9   1.9605   4.4
15.92   2.92974   4.4
15.94   3.86328   4.4
15.96   3.96186   4.4
15.98   3.11157   4.4
16   2.11051   4.4
16.02   1.36943   4.4
16.04   0.900848   4.4
16.06   0.621824   4.4
16.08   0.454867   4.4
16.1   0.349353   4.4
16.12   0.277886   4.4
16.14   0.226728   4.4
16.16   0.188714   4.4
16.18   0.159717   4.4
16.2   0.13714   4.4
16.22   0.119256   4.4
16.24   0.104881   4.4
16.26   0.0931792   4.4
16.28   0.0835505   4.4
16.3   0.0755542   4.4
16.32   0.0688621   4.4
16.34   0.0632255   4.4
16.36   0.0584542   4.4
16.38   0.0544004   4.4
16.4   0.0509485   4.4
16.42   0.0480072   4.4
16.44   0.045504   4.4
16.46   0.0433809   4.4
16.48   0.0415918   4.4
16.5   0.0400995   4.4
16.52   0.0388747   4.4
16.54   0.0378944   4.4
16.56   0.0371409   4.4
16.58   0.0366011   4.4
16.6   0.553246   4.4
16.62   0.567596   4.4
16.64   0.582761   4.4
16.66   0.59878   4.4
16.68   0.615696   4.4
16.7   0.63356   4.4
16.72   0.652431   4.4
16.74   0.672375   4.4
16.76   0.693468   4.4
16.78   0.715799   4.4
16.8   0.739466   4.4
16.82   0.764585   4.4
16.84   0.791291   4.4
16.86   0.819739   4.4
16.88   0.850117   4.4
16.9   0.882644   4.4
16.92   0.91759   4.4
16.94   0.955283   4.4
16.96   1.18097   4.4
16.98   1.23074   4.4
17   1.2851   4.4
17.02   1.34497   4.4
17.04   1.41163   4.4
17.06   1.48685   4.4
17.08   1.57324   4.4
17.1   1.67488   4.4
17.12   1.79876   4.4
17.14   1.95824   4.4
17.16   2.17958   4.4
17.18   2.51028   4.4
17.2   3.02073   4.4
17.22   4.49647   4.4
17.24   5.49236   4.4
17.26   6.28471   4.4
17.28   6.20285   4.4
17.3   5.48146   4.4
17.32   4.79844   4.4
17.34   4.37663   4.4
17.36   4.186   4.4
17.38   4.15232   4.4
17.4   4.21571   4.4
17.42   4.34035   4.4
17.44   4.57777   4.4
17.46   4.78423   4.4
17.48   5.02428   4.4
17.5   5.29797   4.4
17.52   5.60704   4.4
17.54   5.95462   4.4
17.56   6.34509   4.4
17.58   6.78421   4.4
17.6   7.27929   4.4
17.62   7.83952   4.4
17.64   8.47638   4.4
17.66   9.20434   4.4
17.68   10.0417   4.4
17.7   11.0119   4.4
17.72   12.145   4.4
17.74   13.4807   4.4
17.76   15.0714   4.4
17.78   16.9881   4.4
17.8   19.3283   4.4
17.82   22.229   4.71477
17.84   25.8871   5.08794
17.86   30.5943   5.53121
17.88   36.8023   6.06649
17.9   45.2652   6.72794
17.92   57.3773   7.57478
17.94   75.9095   8.71261
17.96   106.203   10.3055
17.98   157.148   12.5359
18   240.052   15.4936
18.02   360.924   18.998
18.04   491.875   22.1783
18.06   535.32   23.137
18.08   442.63   21.0388
18.1   309.373   17.589
18.12   205.24   14.3262
18.14   138.434   11.7658
18.16   99.0297   9.95137
18.18   76.4067   8.74109
18.2   63.2813   7.95495
18.22   55.6937   7.46282
18.24   51.8025   7.1974
18.26   50.9521   7.13807
18.28   53.3302   7.30275
18.3   60.1071   7.75288
18.32   73.757   8.58819
18.34   97.9697   9.89797
18.36   136.016   11.6626
18.38   183.992   13.5644
18.4   215.431   14.6776
18.42   198.932   14.1043
18.44   155.651   12.476
18.46   118.671   10.8936
18.48   96.6725   9.83222
18.5   87.852   9.37294
18.52   89.3895   9.4546
18.54   100.405   10.0202
18.56   123.396   11.1084
18.58   165.574   12.8676
18.6   239.536   15.4769
18.62   360.533   18.9877
18.64   532.732   23.081
18.66   702.567   26.506
18.68   726.851   26.9602
18.7   576.932   24.0194
18.72   395.596   19.8896
18.74   260.543   16.1413
18.76   175.476   13.2467
18.78   125.844   11.218
18.8   98.0615   9.9026
18.82   83.8055   9.15453
18.84   79.4919   8.91582
18.86   84.1065   9.17096
18.88   95.9721   9.79654
18.9   105.756   10.2838
18.92   98.3436   9.91683
18.94   76.9757   8.77358
18.96   56.2385   7.49923
18.98   41.3103   6.42731
19   31.5665   5.6184
19.02   25.3099   5.0309
19.04   21.1325   4.59701
19.06   18.1537   4.4
19.08   15.899   4.4
19.1   14.1216   4.4
19.12   12.6834   4.4
19.14   11.5395   4.4
19.16   10.5442   4.4
19.18   9.68561   4.4
19.2   8.93391   4.4
19.22   8.27815   4.4
19.24   7.70658   4.4
19.26   7.20612   4.4
19.28   6.76539   4.4
19.3   6.37528   4.4
19.32   6.02874   4.4
19.34   5.72035   4.4
19.36   5.44598   4.4
19.38   5.20257   4.4
19.4   4.988   4.4
19.42   4.80113   4.4
19.44   4.64195   4.4
19.46   4.51193   4.4
19.48   4.41483   4.4
19.5   4.3587   4.4
19.52   3.84931   4.4
19.54   3.95773   4.4
19.56   4.22414   4.4
19.58   4.74855   4.4
19.6   5.63586   4.4
19.62   6.8593   4.4
19.64   7.86247   4.4
19.66   7.62752   4.4
19.68   6.36338   4.4
19.7   5.09028   4.4
19.72   4.18781   4.4
19.74   3.62478   4.4
19.76   3.29087   4.4
19.78   3.09336   4.4
19.8   2.97484   4.4
19.82   2.90546   4.4
19.84   2.87076   4.4
19.86   2.86374   4.4
19.88   2.70477   4.4
19.9   2.74972   4.4
19.92   2.81767   4.4
19.94   2.91003   4.4
19.96   3.02936   4.4
19.98   3.17951   4.4
20   3.36581   4.4
20.02   3.59554   4.4
20.04   3.87848   4.4
20.06   4.22796   4.4
20.08   4.66222   4.4
20.1   5.20667   4.4
20.12   5.89744   4.4
20.14   6.78704   4.4
20.16   7.27235   4.4
20.18   8.86089   4.4
20.2   11.0689   4.4
20.22   14.3119   4.4
20.24   19.4176   4.40654
20.26   27.9146   5.28343
20.28   42.1439   6.49183
20.3   64.6157   8.03839
20.32   94.9732   9.74542
20.34   120.867   10.9939
20.36   118.202   10.8721
20.38   90.2639   9.50073
20.4   61.3631   7.83346
20.42   41.0058   6.40357
20.44   28.7042   5.35763
20.46   21.9929   4.68966
20.48   18.897   4.4
20.5   18.4853   4.4
20.52   20.7688   4.55728
20.54   26.2881   5.12719
20.56   35.1864   5.93181
20.58   44.5327   6.67328
20.6   46.0114   6.78317
20.62   37.1114   6.09191
20.64   25.9922   5.09825
20.66   17.5334   4.4
20.68   12.0671   4.4
20.7   8.73204   4.4
20.72   6.68047   4.4
20.74   5.34454   4.4
20.76   4.41133   4.4
20.78   3.72207   4.4
20.8   3.19339   4.4
20.82   2.77695   4.4
20.84   2.44202   4.4
20.86   2.16793   4.4
20.88   1.94028   4.4
20.9   1.74876   4.4
20.92   1.58584   4.4
20.94   1.44587   4.4
20.96   1.32459   4.4
20.98   1.21868   4.4
21   1.12557   4.4
21.02   1.04319   4.4
21.04   0.969912   4.4
21.06   0.904389   4.4
21.08   0.845533   4.4
21.1   1.52949   4.4
21.12   1.49711   4.4
21.14   1.4751   4.4
21.16   1.45786   4.4
21.18   1.44501   4.4
21.2   1.43622   4.4
21.22   1.43121   4.4
21.24   1.42977   4.4
21.26   1.43172   4.4
21.28   1.43693   4.4
21.3   1.44529   4.4
21.32   1.98577   4.4
21.34   2.01505   4.4
21.36   2.04797   4.4
21.38   2.08457   4.4
21.4   2.12491   4.4
21.42   2.16908   4.4
21.44   2.2172   4.4
21.46   2.26941   4.4
21.48   2.32588   4.4
21.5   2.38679   4.4
21.52   2.45237   4.4
21.54   2.52288   4.4
21.56   2.59861   4.4
21.58   2.67988   4.4
21.6   2.76706   4.4
21.62   2.86057   4.4
21.64   2.96086   4.4
21.66   3.06846   4.4
21.68   3.18393   4.4
21.7   3.30794   4.4
21.72   3.44122   4.4
21.74   3.58457   4.4
21.76   3.73894   4.4
21.78   3.90536   4.4
21.8   4.08502   4.4
21.82   4.27924   4.4
21.84   4.37594   4.4
21.86   4.60707   4.4
21.88   4.85791   4.4
21.9   5.13073   4.4
21.92   5.42818   4.4
21.94   5.7533   4.4
21.96   6.10966   4.4
21.98   6.50138   4.4
22   6.93333   4.4
22.02   7.41127   4.4
22.04   7.942   4.4
22.06   8.59912   4.4
22.08   9.22343   4.4
22.1   9.97148   4.4
22.12   10.9721   4.4
22.14   11.9368   4.4
22.16   13.0391   4.4
22.18   14.3069   4.4
22.2   15.776   4.4
22.22   17.492   4.4
22.24   19.5147   4.41755
22.26   21.9233   4.68223
22.28   24.8241   4.98238
22.3   28.3634   5.32573
22.32   32.7457   5.72239
22.34   38.2647   6.18585
22.36   45.3547   6.73459
22.38   54.688   7.39514
22.4   67.3891   8.20909
22.42   85.5415   9.24886
22.44   113.279   10.6432
22.46   158.51   12.5901
22.48   234.234   15.3047
22.5   356.616   18.8843
22.52   533.022   23.0873
22.54   718.759   26.8097
22.56   771.279   27.7719
22.58   634.817   25.1956
22.6   450.919   21.2349
22.62   312.933   17.6899
22.64   230.881   15.1948
22.66   192.829   13.8863
22.68   189.011   13.7481
22.7   218.098   14.7681
22.72   286.009   16.9118
22.74   397.014   19.9252
22.76   525.122   22.9155
22.78   573.251   23.9427
22.8   480.552   21.9215
22.82   339.253   18.4188
22.84   226.013   15.0337
22.86   151.766   12.3193
22.88   106.619   10.3256
22.9   79.3604   8.90844
22.92   62.109   7.88093
22.94   50.4074   7.09981
22.96   41.9878   6.4798
22.98   35.6824   5.97347
23   30.8313   5.5526
23.02   27.0245   5.19851
23.04   23.9907   4.89804
23.06   21.5444   4.6416
23.08   19.5552   4.42213
23.1   17.9299   4.4
23.12   16.6014   4.4
23.14   15.521   4.4
23.16   14.6538   4.4
23.18   13.9757   4.4
23.2   13.4715   4.4
23.22   13.134   4.4
23.24   12.9639   4.4
23.26   12.9706   4.4
23.28   13.1739   4.4
23.3   13.6077   4.4
23.32   14.3257   4.4
23.34   15.4128   4.4
23.36   17.0081   4.4
23.38   19.3572   4.4
23.4   22.9208   4.78757
23.42   28.5529   5.34349
23.44   37.6719   6.13774
23.46   52.2205   7.22637
23.48   73.8702   8.59477
23.5   100.559   10.0279
23.52   122.636   11.0741
23.54   138.518   11.7694
23.56   160.979   12.6878
23.58   183.931   13.5621
23.6   175.878   13.2619
23.62   135.035   11.6204
23.64   92.3239   9.60853
23.66   61.5495   7.84535
23.68   42.1117   6.48935
23.7   30.3717   5.51105
23.72   23.1647   4.81298
23.74   18.4704   4.4
23.76   15.1998   4.4
23.78   12.7996   4.4
23.8   10.9747   4.4
23.82   9.55078   4.4
23.84   8.41644   4.4
23.86   7.49658   4.4
23.88   6.73901   4.4
23.9   6.31226   4.4
23.92   5.78373   4.4
23.94   5.33348   4.4
23.96   4.94638   4.4
23.98   4.61088   4.4
24   4.318   4.4
24.02   3.33435   4.4
24.04   3.12644   4.4
24.06   2.94326   4.4
24.08   2.78121   4.4
24.1   2.97527   4.4
24.12   2.85679   4.4
24.14   2.75253   4.4
24.16   2.66086   4.4
24.18   2.58042   4.4
24.2   2.51009   4.4
24.22   2.44892   4.4
24.24   1.87109   4.4
24.26   1.84009   4.4
24.28   1.81573   4.4
24.3   1.79759   4.4
24.32   1.78535   4.4
24.34   1.77877   4.4
24.36   1.77766   4.4
24.38   1.7819   4.4
24.4   1.79144   4.4
24.42   1.80629   4.4
24.44   1.82652   4.4
24.46   1.85225   4.4
24.48   1.88368   4.4
24.5   1.92108   4.4
24.52   1.9648   4.4
24.54   2.0153   4.4
24.56   2.07313   4.4
24.58   2.75595   4.4
24.6   2.84813   4.4
24.62   3.40955   4.4
24.64   3.53727   4.4
24.66   3.67937   4.4
24.68   3.83811   4.4
24.7   4.0164   4.4
24.72   4.21811   4.4
24.74   4.44846   4.4
24.76   4.71473   4.4
24.78   5.02746   4.4
24.8   5.40294   4.4
24.82   5.8688   4.4
24.84   6.47709   4.4
24.86   7.32894   4.4
24.88   8.60449   4.4
24.9   10.5658   4.4
24.92   13.4628   4.4
24.94   17.1255   4.4
24.96   19.9208   4.46327
24.98   19.4456   4.40971
25   16.9338   4.4
25.02   14.7258   4.4
25.04   13.5538   4.4
25.06   13.3112   4.4
25.08   13.6145   4.4
25.1   14.6099   4.4
25.12   16.0916   4.4
25.14   18.1086   4.4
25.16   20.8048   4.56123
25.18   24.4518   4.94488
25.2   29.5617   5.43707
25.22   37.1511   6.09517
25.24   49.1914   7.01366
25.26   69.026   8.30819
25.28   101.073   10.0535
25.3   148.27   12.1766
25.32   202.199   14.2197
25.34   227.418   15.0804
25.36   199.453   14.1228
25.38   152.593   12.3529
25.4   117.827   10.8548
25.42   101.583   10.0789
25.44   103.483   10.1727
25.46   124.751   11.1692
25.48   169.548   13.0211
25.5   240.743   15.5159
25.52   322.925   17.9701
25.54   356.567   18.883
25.56   302.146   17.3823
25.58   215.974   14.6961
25.6   146.737   12.1135
25.62   101.805   10.0898
25.64   75.1669   8.66988
25.66   59.8801   7.73822
25.68   51.0542   7.14522
25.7   45.9487   6.77855
25.72   43.2146   6.57378
25.74   42.2186   6.49758
25.76   42.68   6.53299
25.78   44.5226   6.67253
25.8   47.8286   6.91582
25.82   52.8431   7.26933
25.84   60.0225   7.74742
25.86   70.1559   8.37591
25.88   84.6584   9.201
25.9   106.249   10.3077
25.92   140.234   11.842
25.94   196.12   14.0043
25.96   288.096   16.9734
25.98   431.088   20.7627
26   621.324   24.9264
26.02   785.778   28.0317
26.04   822.356   28.6767
26.06   787.182   28.0568
26.08   745.314   27.3004
26.1   635.234   25.2038
26.12   465.088   21.5659
26.14   315.743   17.7692
26.16   213.191   14.6011
26.18   148.76   12.1967
26.2   109.083   10.4443
26.22   83.9103   9.16026
26.24   67.1239   8.19292
26.26   55.0301   7.41823
26.28   46.013   6.78329
26.3   39.0849   6.25179
26.32   33.6415   5.80013
26.34   29.2855   5.41161
26.36   25.7448   5.07393
26.38   22.8273   4.7778
26.4   21.8908   4.67876
26.42   19.8821   4.45893
26.44   18.1689   4.4
26.46   16.718   4.4
26.48   15.4719   4.4
26.5   14.3957   4.4
26.52   13.4616   4.4
26.54   12.6476   4.4
26.56   11.9359   4.4
26.58   11.312   4.4
26.6   10.7641   4.4
26.62   10.2825   4.4
26.64   9.85913   4.4
26.66   9.48729   4.4
26.68   9.16139   4.4
26.7   8.87675   4.4
26.72   8.62944   4.4
26.74   8.41617   4.4
26.76   8.23421   4.4
26.78   8.08127   4.4
26.8   7.75648   4.4
26.82   7.66158   4.4
26.84   7.59084   4.4
26.86   7.54332   4.4
26.88   7.51833   4.4
26.9   7.51544   4.4
26.92   7.53443   4.4
26.94   7.5753   4.4
26.96   7.63829   4.4
26.98   7.72383   4.4
27   7.50601   4.4
27.02   7.64768   4.4
27.04   7.97357   4.4
27.06   8.17113   4.4
27.08   8.39715   4.4
27.1   9.09138   4.4
27.12   9.39361   4.4
27.14   9.73265   4.4
27.16   10.1121   4.4
27.18   10.5363   4.4
27.2   11.0103   4.4
27.22   11.5401   4.4
27.24   12.1328   4.4
27.26   12.7969   4.4
27.28   13.5952   4.4
27.3   14.4364   4.4
27.32   15.3866   4.4
27.34   16.4641   4.4
27.36   17.6918   4.4
27.38   19.098   4.4
27.4   20.7188   4.55179
27.42   22.6007   4.75402
27.44   24.8041   4.98037
27.46   27.4095   5.23541
27.48   30.5264   5.52507
27.5   33.7171   5.80664
27.52   38.4015   6.1969
27.54   44.321   6.6574
27.56   52.0745   7.21627
27.58   62.3282   7.89482
27.6   77.9979   8.83164
27.62   101.831   10.0911
27.64   137.743   11.7364
27.66   187.527   13.694
27.68   240.874   15.5201
27.7   267.864   16.3665
27.72   263.697   16.2388
27.74   265.406   16.2913
27.76   301.932   17.3762
27.78   394.588   19.8642
27.8   570.571   23.8866
27.82   857.817   29.2885
27.84   1242.78   35.253
27.86   1548.7   39.3536
27.88   1474.74   38.4023
27.9   1103.55   33.2197
27.92   736.764   27.1434
27.94   479.639   21.9007
27.96   320.483   17.902
27.98   226.096   15.0365
28   169.032   13.0012
28.02   132.366   11.505
28.04   107.207   10.3541
28.06   89.1169   9.44018
28.08   75.682   8.69954
28.1   65.521   8.0945
28.12   57.7436   7.59892
28.14   51.7599   7.19444
28.16   47.171   6.86811
28.18   43.7063   6.61108
28.2   41.186   6.41763
28.22   39.4979   6.28473
28.24   38.5861   6.21177
28.26   38.4461   6.20049
28.28   39.1277   6.25522
28.3   40.7469   6.38333
28.32   43.5093   6.59616
28.34   47.759   6.91079
28.36   54.0813   7.354
28.38   63.5359   7.97094
28.4   78.1501   8.84025
28.42   101.769   10.0881
28.44   141.048   11.8764
28.46   205.532   14.3364
28.48   303.348   17.4169
28.5   425.103   20.618
28.52   531.099   23.0456
28.54   568.866   23.8509
28.56   492.327   22.1884
28.58   356.181   18.8728
28.6   240.274   15.5008
28.62   163.982   12.8056
28.64   119.921   10.9508
28.66   97.9181   9.89536
28.68   90.599   9.51835
28.7   92.0047   9.59191
28.72   92.1357   9.59873
28.74   80.778   8.98766
28.76   62.778   7.92326
28.78   47.2177   6.87151
28.8   36.2197   6.01828
28.82   28.9026   5.37612
28.84   24.0058   4.89957
28.86   20.5682   4.53521
28.88   18.0066   4.4
28.9   16.004   4.4
28.92   14.3874   4.4
28.94   13.0537   4.4
28.96   11.9354   4.4
28.98   10.9856   4.4
29   10.1703   4.4
29.02   9.46452   4.4
29.04   8.84908   4.4
29.06   8.30943   4.4
29.08   7.83422   4.4
29.1   7.41458   4.4
29.12   7.04356   4.4
29.14   6.71576   4.4
29.16   8.55349   4.4
29.18   8.20917   4.4
29.2   8.05721   4.4
29.22   7.94133   4.4
29.24   7.86224   4.4
29.26   7.82219   4.4
29.28   7.82554   4.4
29.3   7.87967   4.4
29.32   7.99671   4.4
29.34   6.71389   4.4
29.36   7.0732   4.4
29.38   7.62214   4.4
29.4   8.50366   4.4
29.42   9.97805   4.4
29.44   12.4323   4.4
29.46   16.2519   4.4
29.48   21.2485   4.60961
29.5   25.1032   5.01031
29.52   24.0955   4.90872
29.54   19.5029   4.41621
29.56   15.0771   4.4
29.58   12.0536   4.4
29.6   10.2626   4.4
29.62   9.28747   4.4
29.64   8.78936   4.4
29.66   9.80558   4.4
29.68   9.77681   4.4
29.7   9.86088   4.4
29.72   10.0313   4.4
29.74   10.2741   4.4
29.76   10.5819   4.4
29.78   10.9521   4.4
29.8   11.385   4.4
29.82   11.8839   4.4
29.84   12.4545   4.4
29.86   13.1055   4.4
29.88   13.8487   4.4
29.9   14.7002   4.4
29.92   15.6814   4.4
29.94   16.8217   4.4
29.96   18.1613   4.4
29.98   19.599   4.42707
30   21.5379   4.6409
30.02   23.5228   4.85003
30.04   26.6093   5.15842
30.06   30.7465   5.54495
30.08   36.6795   6.05636
30.1   45.826   6.76949
30.12   60.5073   7.77864
30.14   83.6019   9.14341
30.16   116.407   10.7892
30.18   150.925   12.2852
30.2   161.797   12.7199
30.22   139.484   11.8103
30.24   109.096   10.4449
30.26   87.0308   9.32903
30.28   74.9027   8.65463
30.3   70.2775   8.38317
30.32   70.7217   8.40962
30.34   74.7386   8.64515
30.36   81.7532   9.04175
30.38   91.8559   9.58415
30.4   105.643   10.2783
30.42   124.24   11.1463
30.44   149.55   12.2291
30.46   184.905   13.598
30.48   236.608   15.3821
30.5   317.327   17.8137
30.52   451.111   21.2394
30.54   683.09   26.136
30.56   1046.7   32.3527
30.58   1561.64   39.5176
30.6   2071.23   45.5107
30.62   2157.87   46.4529
30.64   1716.78   41.434
30.66   1178.33   34.3268
30.68   775.923   27.8554
30.7   521.178   22.8293
30.72   370.247   19.2418
30.74   281.151   16.7676
30.76   226.204   15.0401
30.78   191.933   13.854
30.8   167.807   12.954
30.82   151.543   12.3103
30.84   141.078   11.8776
30.86   135.27   11.6306
30.88   133.572   11.5573
30.9   135.912   11.6581
30.92   142.706   11.946
30.94   155.024   12.4509
30.96   175.091   13.2322
30.98   207.498   14.4048
31   261.648   16.1755
31.02   354.557   18.8297
31.04   520.691   22.8186
31.06   765.541   27.6684
31.08   1082.14   32.8959
31.1   1312.47   36.228
31.12   1224.29   34.9899
31.14   918.687   30.3098
31.16   631.224   25.1242
31.18   433.517   20.8211
31.2   312.697   17.6832
31.22   241.967   15.5553
31.24   199.948   14.1403
31.26   173.706   13.1798
31.28   156.518   12.5107
31.3   145.017   12.0423
31.32   137.403   11.7219
31.34   132.653   11.5175
31.36   130.032   11.4031
31.38   129.139   11.364
31.4   129.695   11.3884
31.42   131.519   11.4682
31.44   134.506   11.5977
31.46   138.605   11.7731
31.48   143.811   11.9921
31.5   150.176   12.2546
31.52   157.735   12.5592
31.54   166.613   12.9079
31.56   176.963   13.3027
31.58   188.983   13.7471
31.6   202.931   14.2454
31.62   219.137   14.8033
31.64   238.029   15.4282
31.66   260.024   16.1252
31.68   286.098   16.9144
31.7   317.057   17.8061
31.72   354.156   18.819
31.74   399.135   19.9784
31.76   454.276   21.3137
31.78   522.922   22.8675
31.8   609.923   24.6966
31.82   722.604   26.8813
31.84   872.76   29.5425
31.86   1081.14   32.8807
31.88   1386.97   37.2421
31.9   1863.6   43.1695
31.92   2633.81   51.3206
31.94   3867.29   62.1875
31.96   5704.33   75.527
31.98   7922.72   89.0097
32   9473.31   97.3309
32.02   9829.92   99.146
32.04   10000   100
32.06   9840.74   99.2005
32.08   8277.35   90.98
32.1   6029.9   77.6525
32.12   4230.38   65.0414
32.14   3112.4   55.7889
32.16   2559.11   50.5876
32.18   2422.23   49.2161
32.2   2546.49   50.4627
32.22   2645.58   51.4352
32.24   2406.45   49.0556
32.26   1969.27   44.3765
32.28   1610.23   40.1277
32.3   1406.32   37.501
32.32   1346.08   36.689
32.34   1415.43   37.6222
32.36   1630.69   40.3818
32.38   2061.69   45.4058
32.4   2848.04   53.367
32.42   4183.96   64.6835
32.44   6205.42   78.7745
32.46   8555.97   92.4985
32.48   9645.36   98.2108
32.5   8244.16   90.7974
32.52   5834.55   76.3842
32.54   3851.45   62.06
32.56   2543.73   50.4354
32.58   1750.21   41.8355
32.6   1277.3   35.7393
32.62   982.909   31.3514
32.64   786.608   28.0465
32.66   647.601   25.448
32.68   545.347   23.3527
32.7   468.786   21.6515
32.72   411.521   20.286
32.74   369.362   19.2188
32.76   337.693   18.3764
32.78   308.268   17.5576
32.8   275.274   16.5914
32.82   243.276   15.5973
32.84   216.595   14.7172
32.86   195.517   13.9828
32.88   179.173   13.3856
32.9   166.823   12.916
32.92   158.045   12.5716
32.94   152.23   12.3381
32.96   147.024   12.1253
32.98   138.392   11.764
33   126.835   11.2621
33.02   116.08   10.774
33.04   107.556   10.3709
33.06   101.199   10.0598
33.08   96.9197   9.84478
33.1   94.4959   9.7209
33.12   94.5992   9.72621
33.14   98.1092   9.90501
33.16   105.551   10.2738
33.18   114.592   10.7048
33.2   117.206   10.8262
33.22   109.053   10.4428
33.24   95.7542   9.78541
33.26   82.9725   9.10892
33.28   73.3566   8.56484
33.3   66.8652   8.17711
33.32   62.5935   7.9116
33.34   59.7545   7.7301
33.36   57.8646   7.60688
33.38   56.6742   7.52823
33.4   56.1173   7.49115
33.42   56.1921   7.49614
33.44   56.9802   7.54852
33.46   52.2835   7.23073
33.48   55.2647   7.43403
33.5   59.8625   7.73709
33.52   59.9338   7.74169
33.54   71.2421   8.4405
33.56   89.8836   9.48069
33.58   121.661   11.03
33.6   174.992   13.2284
33.62   257.98   16.0617
33.64   363.352   19.0618
33.66   438.605   20.9429
33.68   415.987   20.3958
33.7   320.055   17.8901
33.72   221.14   14.8708
33.74   148.715   12.1949
33.76   102.868   10.1424
33.78   75.2646   8.67552
33.8   58.4186   7.64321
33.82   47.5358   6.89462
33.84   40.0168   6.32589
33.86   34.5354   5.87668
33.88   30.3876   5.5125
33.9   27.1639   5.2119
33.92   24.6049   4.96034
33.94   13.4022   4.4
33.96   11.9532   4.4
33.98   10.7835   4.4
34   9.83333   4.4
34.02   9.05887   4.4
34.04   8.42794   4.4
34.06   7.91664   4.4
34.08   7.50727   4.4
34.1   7.1869   4.4
34.12   6.94636   4.4
34.14   6.77968   4.4
34.16   6.68368   4.4
34.18   6.6579   4.4
34.2   6.70465   4.4
34.22   6.82941   4.4
34.24   7.00773   4.4
34.26   7.3221   4.4
34.28   7.7587   4.4
34.3   8.34775   4.4
34.32   9.13755   4.4
34.34   10.1849   4.4
34.36   11.5931   4.4
34.38   13.5766   4.4
34.4   16.3027   4.4
34.42   20.3599   4.5122
34.44   26.8132   5.17815
34.46   37.6006   6.13194
34.48   55.721   7.46465
34.5   84.3146   9.1823
34.52   122.428   11.0647
34.54   153.67   12.3964
34.56   148.215   12.1744
34.58   112.497   10.6065
34.6   76.4367   8.74281
34.62   51.0641   7.14591
34.64   35.4322   5.9525
34.66   26.6213   5.15958
34.68   21.2801   4.61303
34.7   18.0251   4.4
34.72   15.9993   4.4
34.74   14.7629   4.4
34.76   14.1044   4.4
34.78   13.9211   4.4
34.8   14.181   4.4
34.82   14.9182   4.4
34.84   16.2523   4.4
34.86   18.4148   4.4
34.88   21.7477   4.66344
34.9   26.6003   5.15755
34.92   32.8757   5.73373
34.94   39.1762   6.25909
34.96   44.6968   6.68556
34.98   52.9205   7.27465
35   69.1389   8.31498
35.02   99.0941   9.9546
35.04   148.719   12.195
35.06   218.503   14.7819
35.08   283.633   16.8414
35.1   286.205   16.9176
35.12   222.524   14.9172
35.14   151.156   12.2946
35.16   98.7846   9.93905
35.18   65.8848   8.11694
35.2   46.3176   6.8057
35.22   34.593   5.88158
35.24   27.1683   5.21233
35.26   22.1393   4.70524
35.28   18.5511   4.4
35.3   15.9042   4.4
35.32   13.9092   4.4
35.34   12.384   4.4
35.36   11.2078   4.4
35.38   10.2983   4.4
35.4   9.59842   4.4
35.42   9.06801   4.4
35.44   8.67898   4.4
35.46   8.41199   4.4
35.48   8.25446   4.4
35.5   8.19935   4.4
35.52   8.24457   4.4
35.54   8.45015   4.4
35.56   8.71154   4.4
35.58   9.09936   4.4
35.6   9.63749   4.4
35.62   10.3628   4.4
35.64   11.3332   4.4
35.66   12.644   4.4
35.68   14.4661   4.4
35.7   17.1251   4.4
35.72   21.2266   4.60723
35.74   27.7627   5.26903
35.76   37.976   6.16247
35.78   52.477   7.2441
35.8   68.793   8.29415
35.82   78.2279   8.84465
35.84   74.0276   8.60393
35.86   66.6941   8.16664
35.88   64.3816   8.02382
35.9   71.4385   8.45213
35.92   86.7751   9.31532
35.94   102.613   10.1298
35.96   106.93   10.3407
35.98   102.895   10.1437
36   104.99   10.2465
36.02   124.103   11.1402
36.04   168.258   12.9714
36.06   241.57   15.5425
36.08   330.464   18.1787
36.1   374.864   19.3614
36.12   323.562   17.9878
36.14   230.744   15.1903
36.16   153.409   12.3858
36.18   102.263   10.1125
36.2   71.3439   8.44653
36.22   53.0477   7.28339
36.24   41.8495   6.46912
36.26   34.5752   5.88007
36.28   29.6139   5.44187
36.3   26.1567   5.11437
36.32   23.769   4.87535
36.34   22.2037   4.71208
36.36   21.34   4.61952
36.38   21.0963   4.59307
36.4   21.4979   4.63658
36.42   22.7274   4.76733
36.44   24.9693   4.99693
36.46   28.8707   5.37315
36.48   35.6625   5.97181
36.5   47.5119   6.89289
36.52   67.4161   8.21073
36.54   97.7331   9.886
36.56   134.242   11.5863
36.58   154.066   12.4123
36.6   136   11.6619
36.62   99.6647   9.98322
36.64   68.7812   8.29345
36.66   48.3952   6.95667
36.68   36.1692   6.01408
36.7   29.1366   5.39783
36.72   25.0622   5.00621
36.74   22.6558   4.75982
36.76   21.2693   4.61187
36.78   20.5898   4.5376
36.8   20.4657   4.52391
36.82   20.833   4.56431
36.84   21.6907   4.65733
36.86   23.1072   4.80699
36.88   25.2603   5.02596
36.9   28.7908   5.36571
36.92   33.917   5.82383
36.94   42.0332   6.4833
36.96   54.4404   7.37837
36.98   71.2965   8.44372
37   87.4401   9.35094
37.02   91.1274   9.54607
37.04   82.3479   9.07457
37.06   73.24   8.55804
37.08   69.6034   8.34286
37.1   71.9565   8.48272
37.12   80.0216   8.94548
37.14   93.8047   9.68528
37.16   115.16   10.7313
37.18   148.501   12.1861
37.2   203.107   14.2516
37.22   295.649   17.1945
37.24   449.868   21.2101
37.26   686.475   26.2007
37.28   983.313   31.3578
37.3   1170.12   34.207
37.32   1053.23   32.4535
37.34   764.262   27.6453
37.36   507.614   22.5303
37.38   334.658   18.2937
37.4   230.123   15.1698
37.42   169.56   13.0215
37.44   134.694   11.6058
37.46   115.296   10.7376
37.48   107.261   10.3567
37.5   110.305   10.5026
37.52   125.603   11.2073
37.54   151.715   12.3173
37.56   173.82   13.1841
37.58   165.788   12.8759
37.6   131.267   11.4572
37.62   96.5515   9.82606
37.64   71.7638   8.47135
37.66   56.1499   7.49332
37.68   46.8363   6.84371
37.7   41.4361   6.43708
37.72   38.5715   6.21059
37.74   37.7562   6.14461
37.76   39.1705   6.25863
37.78   43.4639   6.59271
37.8   51.277   7.1608
37.82   61.7637   7.85899
37.84   71.4463   8.45259
37.86   75.5606   8.69256
37.88   69.0472   8.30947
37.9   56.3209   7.50472
37.92   45.5651   6.75019
37.94   38.5834   6.21155
37.96   34.9475   5.91164
37.98   33.7035   5.80547
38   34.2745   5.85444
38.02   36.651   6.054
38.04   41.3101   6.42729
38.06   49.7206   7.05128
38.08   63.107   7.94399
38.1   80.9611   8.99784
38.12   96.1779   9.80703
38.14   95.9663   9.79624
38.16   83.458   9.13553
38.18   73.1129   8.55061
38.2   67.4643   8.21366
38.22   68.0742   8.25071
38.24   74.9824   8.65923
38.26   89.7754   9.47499
38.28   116.274   10.783
38.3   159.843   12.6429
38.32   222.969   14.9322
38.34   290.577   17.0463
38.36   313.137   17.6957
38.38   269.67   16.4216
38.4   209.329   14.4682
38.42   165.659   12.8709
38.44   142.613   11.9421
38.46   136.156   11.6686
38.48   142.757   11.9481
38.5   161.659   12.7145
38.52   194.85   13.9589
38.54   244.645   15.6411
38.56   307.368   17.5319
38.58   364.832   19.1006
38.6   412.951   20.3212
38.62   493.269   22.2097
38.64   658.263   25.6566
38.66   959.779   30.9803
38.68   1439.36   37.9389
38.7   2047.33   45.2475
38.72   2440.86   49.405
38.74   2204.75   46.9548
38.76   1601.37   40.0171
38.78   1059.95   32.5568
38.8   694.114   26.346
38.82   471.913   21.7236
38.84   342.418   18.5046
38.86   266.563   16.3268
38.88   220.481   14.8486
38.9   188.604   13.7333
38.92   159.897   12.645
38.94   133.33   11.5469
38.96   111.921   10.5793
38.98   95.8684   9.79124
39   84.0213   9.16631
39.02   75.2111   8.67243
39.04   68.5678   8.28057
39.06   63.4017   7.96252
39.08   59.6228   7.72158
39.1   56.9   7.54321
39.12   55.1212   7.42437
39.14   54.2438   7.36504
39.16   54.2926   7.36835
39.18   58.165   7.6266
39.2   60.5837   7.78356
39.22   64.7261   8.04525
39.24   71.5298   8.45753
39.26   82.8441   9.10187
39.28   101.864   10.0928
39.3   132.92   11.5291
39.32   179.314   13.3908
39.34   234.331   15.3079
39.36   265.156   16.2836
39.38   243.627   15.6085
39.4   200.555   14.1617
39.42   169.074   13.0029
39.44   156.978   12.5291
39.46   163.425   12.7838
39.48   187.143   13.68
39.5   226.808   15.0601
39.52   277.513   16.6587
39.54   340.465   18.4517
39.56   445.052   21.0963
39.58   630.767   25.1151
39.6   917.574   30.2915
39.62   1244.53   35.2778
39.64   1374.13   37.0693
39.66   1157.41   34.0208
39.68   821.374   28.6596
39.7   555.383   23.5666
39.72   387.624   19.6882
39.74   294.167   17.1513
39.76   243.42   15.6019
39.78   206.291   14.3628
39.8   171.664   13.102
39.82   144.066   12.0027
39.84   126.327   11.2395
39.86   117.075   10.8201
39.88   114.166   10.6849
39.9   113.819   10.6686
39.92   112.14   10.5896
39.94   110.003   10.4882
39.96   111.25   10.5475
39.98   117.488   10.8392
40   129.731   11.39
40.02   149.929   12.2445
40.04   182.231   13.4993
40.06   235.493   15.3458
40.08   324.762   18.0212
40.1   471.195   21.707
40.12   690.621   26.2797
40.14   962.618   31.0261
40.16   1191.02   34.5111
40.18   1187.46   34.4595
40.2   932.475   30.5365
40.22   646.599   25.4283
40.24   438.255   20.9345
40.26   307.896   17.547
40.28   231.96   15.2302
40.3   188.55   13.7314
40.32   163.561   12.7891
40.34   149.493   12.2268
40.36   142.763   11.9483
40.38   141.723   11.9047
40.4   145.832   12.0761
40.42   155.154   12.4561
40.44   170.442   13.0553
40.46   193.126   13.897
40.48   225.903   15.0301
40.5   273.625   16.5416
40.52   345.776   18.5951
40.54   461.425   21.4808
40.56   656.122   25.6149
40.58   984.883   31.3829
40.6   1507.98   38.8327
40.62   2222.3   47.1413
40.64   2849.38   53.3796
40.66   2811.47   53.0233
40.68   2151.47   46.3839
40.7   1447.3   38.0434
40.72   941.394   30.6821
40.74   625.126   25.0025
40.76   437.151   20.9081
40.78   323.97   17.9992
40.8   251.641   15.8632
40.82   201.948   14.2109
40.84   166.249   12.8938
40.86   139.573   11.8141
40.88   119.136   10.9149
40.9   103.17   10.1573
40.92   90.497   9.51299
40.94   80.305   8.9613
40.96   72.0228   8.48663
40.98   65.1767   8.07321
41   59.5995   7.72007
41.02   55.0072   7.41668
41.04   51.2404   7.15824
41.06   48.1847   6.94152
41.08   45.7614   6.76472
41.1   42.6347   6.52952
41.12   41.3983   6.43415
41.14   40.7425   6.38298
41.16   40.7209   6.3813
41.18   41.4408   6.43746
41.2   43.0921   6.56446
41.22   46.0134   6.78332
41.24   50.8496   7.13089
41.26   58.8519   7.6715
41.28   72.6341   8.52256
41.3   96.3691   9.81678
41.32   135.481   11.6396
41.34   193.042   13.894
41.36   256.974   16.0304
41.38   280.175   16.7384
41.4   238.222   15.4344
41.42   176.24   13.2755
41.44   128.929   11.3547
41.46   101.247   10.0621
41.48   89.1403   9.44142
41.5   87.4879   9.3535
41.52   90.3085   9.50308
41.54   91.9901   9.59114
41.56   94.6705   9.72988
41.58   105.094   10.2515
41.6   129.679   11.3877
41.62   177.346   13.3171
41.64   258.739   16.0854
41.66   378.093   19.4446
41.68   507.717   22.5326
41.7   546.949   23.3869
41.72   450.128   21.2162
41.74   315.096   17.751
41.76   210.285   14.5012
41.78   143.343   11.9726
41.8   104.427   10.2189
41.82   83.3588   9.1301
41.84   73.4622   8.57101
41.86   70.8958   8.41997
41.88   71.4957   8.45551
41.9   68.3224   8.26573
41.92   59.5465   7.71664
41.94   50.9018   7.13455
41.96   45.2644   6.72788
41.98   44.232   6.65071
42   45.3245   6.73234
42.02   51.4564   7.17331
42.04   63.4894   7.96803
42.06   79.3634   8.90861
42.08   87.9419   9.37773
42.1   78.8334   8.87882
42.12   61.2954   7.82914
42.14   44.0392   6.6362
42.16   35.2213   5.93475
42.18   31.4255   5.60584
42.2   31.6816   5.62865
42.22   34.9558   5.91234
42.24   38.6167   6.21423
42.26   37.737   6.14304
42.28   31.9875   5.65575
42.3   25.8824   5.08747
42.32   21.5099   4.63787
42.34   18.8371   4.4
42.36   17.363   4.4
42.38   16.6432   4.4
42.4   16.3959   4.4
42.42   16.4756   4.4
42.44   17.2663   4.4
42.46   17.8618   4.4
42.48   18.7016   4.4
42.5   19.8076   4.45058
42.52   21.2204   4.60656
42.54   24.092   4.90836
42.56   26.3654   5.13473
42.58   29.2359   5.40703
42.6   32.8948   5.7354
42.62   37.634   6.13466
42.64   44.1035   6.64105
42.66   52.6626   7.2569
42.68   64.8919   8.05555
42.7   83.5454   9.14032
42.72   113.952   10.6748
42.74   165.051   12.8472
42.76   248.375   15.7599
42.78   370.603   19.2511
42.8   505.542   22.4843
42.82   555.538   23.5698
42.84   464.738   21.5578
42.86   328.411   18.1221
42.88   220.55   14.8509
42.9   151.002   12.2883
42.92   109.843   10.4806
42.94   86.0859   9.27825
42.96   72.0952   8.49089
42.98   63.6171   7.97603
43   58.527   7.6503
43.02   55.8637   7.4742
43.04   55.1487   7.42622
43.06   56.2933   7.50289
43.08   59.5939   7.71971
43.1   65.8383   8.11408
43.12   76.3177   8.736
43.14   92.3967   9.61232
43.16   113.113   10.6354
43.18   132.103   11.4936
43.2   136.867   11.699
43.22   132.198   11.4977
43.24   131.516   11.4681
43.26   140.454   11.8513
43.28   161.001   12.6886
43.3   196.421   14.015
43.32   254.463   15.9519
43.34   350.753   18.7284
43.36   510.343   22.5908
43.38   762.243   27.6087
43.4   1123.67   33.5212
43.42   1525.63   39.0593
43.44   1685.97   41.0606
43.46   1434.66   37.8769
43.48   1053.72   32.461
43.5   767.978   27.7124
43.52   590.89   24.3082
43.54   458.994   21.4241
43.56   344.515   18.5611
43.58   258.03   16.0633
43.6   199.829   14.1361
43.62   162.332   12.741
43.64   138.778   11.7804
43.66   124.365   11.1519
43.68   116.292   10.7839
43.7   113.109   10.6353
43.72   114.439   10.6976
43.74   120.688   10.9858
43.76   134.579   11.6008
43.78   157.343   12.5436
43.8   196.56   14.02
43.82   261.897   16.1832
43.84   363.14   19.0562
43.86   496.437   22.2809
43.88   608.606   24.6699
43.9   623.671   24.9734
43.92   592.568   24.3427
43.94   622.379   24.9475
43.96   763.19   27.6259
43.98   1009.33   31.77
44   1240.83   35.2254
44.02   1229.51   35.0643
44.04   1001.16   31.6412
44.06   770.55   27.7588
44.08   593.045   24.3525
44.1   437.659   20.9203
44.12   311.488   17.649
44.14   223.745   14.9581
44.16   166.406   12.8998
44.18   129.05   11.36
44.2   103.998   10.1979
44.22   86.389   9.29457
44.24   73.414   8.56819
44.26   63.4957   7.96842
44.28   55.191   7.42906
44.3   48.9807   6.99862
44.32   43.9398   6.62871
44.34   39.7972   6.30851
44.36   36.3583   6.02978
44.38   33.5195   5.7896
44.4   31.0967   5.57644
44.42   29.0476   5.38958
44.44   27.3101   5.22591
44.46   25.8365   5.08296
44.48   24.5894   4.95877
44.5   23.5398   4.85178
44.52   22.6649   4.76077
44.54   21.9473   4.68479
44.56   21.3737   4.62317
44.58   23.8658   4.88526
44.6   23.6362   4.8617
44.62   23.5346   4.85125
44.64   23.5607   4.85394
44.66   23.655   4.86364
44.68   23.9487   4.89374
44.7   24.3872   4.93834
44.72   24.9837   4.99837
44.74   25.7563   5.07506
44.76   26.7294   5.17005
44.78   27.9358   5.28543
44.8   29.4191   5.42394
44.82   31.2385   5.58914
44.84   33.4435   5.78304
44.86   36.2106   6.01752
44.88   39.6714   6.29852
44.9   42.514   6.52028
44.92   48.3319   6.95211
44.94   56.2908   7.50272
44.96   67.8015   8.23417
44.98   85.1698   9.22875
45   111.414   10.5553
45.02   148.505   12.1863
45.04   191.792   13.8489
45.06   221.158   14.8714
45.08   228.664   15.1217
45.1   238.651   15.4483
45.12   271.118   16.4657
45.14   337.843   18.3805
45.16   462.997   21.5174
45.18   673.251   25.9471
45.2   959.546   30.9765
45.22   1187.33   34.4576
45.24   1128.96   33.6001
45.26   847.724   29.1157
45.28   570.89   23.8933
45.3   377.303   19.4243
45.32   257.974   16.0616
45.34   188.013   13.7118
45.36   146.281   12.0947
45.38   121.426   11.0193
45.4   106.96   10.3422
45.42   100.2   10.01
45.44   99.125   9.95615
45.46   98.9208   9.9459
45.48   92.3769   9.61129
45.5   79.6873   8.92678
45.52   69.2732   8.32305
45.54   61.9901   7.87338
45.56   57.8625   7.60674
45.58   55.8991   7.47657
45.6   55.4713   7.44791
45.62   56.26   7.50067
45.64   58.0364   7.61816
45.66   60.8702   7.80193
45.68   64.826   8.05146
45.7   70.2005   8.37857
45.72   77.4959   8.80318
45.74   87.5421   9.35639
45.76   101.478   10.0737
45.78   120.357   10.9707
45.8   143.476   11.9782
45.82   165.304   12.8571
45.84   181.615   13.4765
45.86   200.227   14.1502
45.88   230.5   15.1822
45.9   279.073   16.7055
45.92   355.784   18.8622
45.94   480.698   21.9248
45.96   691.732   26.3008
45.98   1047.27   32.3615
46   1609.41   40.1174
46.02   2366.08   48.6424
46.04   3000.35   54.7755
46.06   2912.11   53.9639
46.08   2203.18   46.9381
46.1   1474.78   38.4029
46.12   957.932   30.9505
46.14   636.662   25.2322
46.16   446.228   21.1241
46.18   331.629   18.2107
46.2   258.487   16.0775
46.22   208.645   14.4446
46.24   173.028   13.154
46.26   146.857   12.1185
46.28   127.368   11.2858
46.3   112.86   10.6236
46.32   102.279   10.1133
46.34   95.0292   9.74829
46.36   90.9088   9.53461
46.38   90.1865   9.49666
46.4   93.9102   9.69073
46.42   104.534   10.2242
46.44   126.644   11.2536
46.46   166.865   12.9176
46.48   231.004   15.1988
46.5   312.09   17.6661
46.52   362.99   19.0523
46.54   328.075   18.1128
46.56   244.392   15.633
46.58   170.12   13.043
46.6   119.993   10.9541
46.62   89.6531   9.46853
46.64   72.2745   8.50144
46.66   62.8256   7.92626
46.68   58.6306   7.65706
46.7   58.1119   7.62312
46.72   64.6388   8.03982
46.74   79.0944   8.8935
46.76   102.651   10.1317
46.78   129.499   11.3798
46.8   138.46   11.7669
46.82   117.447   10.8373
46.84   86.7491   9.31392
46.86   62.4406   7.90194
46.88   46.6596   6.83078
46.9   37.2931   6.10681
46.92   32.0444   5.66078
46.94   29.4025   5.42241
46.96   28.8655   5.37266
46.98   30.5789   5.52982
47   35.2733   5.93913
47.02   43.6653   6.60798
47.04   55.045   7.41923
47.06   64.123   8.00768
47.08   65.185   8.07372
47.1   61.7947   7.86096
47.12   57.5501   7.58618
47.14   49.0754   7.00538
47.16   37.5913   6.13117
47.18   27.888   5.28091
47.2   21.2226   4.60679
47.22   16.9423   4.4
47.24   14.1972   4.4
47.26   12.357   4.4
47.28   11.0847   4.4
47.3   10.0915   4.4
47.32   9.35056   4.4
47.34   8.71804   4.4
47.36   8.19574   4.4
47.38   7.75789   4.4
47.4   7.3866   4.4
47.42   7.06913   4.4
47.44   6.82145   4.4
47.46   6.587   4.4
47.48   6.38529   4.4
47.5   6.21257   4.4
47.52   6.06614   4.4
47.54   3.10658   4.4
47.56   3.08208   4.4
47.58   3.07711   4.4
47.6   3.0917   4.4
47.62   3.12644   4.4
47.64   3.18243   4.4
47.66   3.29157   4.4
47.68   3.39696   4.4
47.7   3.53132   4.4
47.72   3.69921   4.4
47.74   3.90667   4.4
47.76   4.27062   4.4
47.78   4.58722   4.4
47.8   4.97696   4.4
47.82   5.45995   4.4
47.84   6.0643   4.4
47.86   6.83027   4.4
47.88   7.81896   4.4
47.9   9.11814   4.4
47.92   10.8809   4.4
47.94   13.3836   4.4
47.96   17.164   4.4
47.98   23.2596   4.82282
48   32.9979   5.74438
48.02   49.1948   7.0139
48.04   72.7007   8.52647
48.06   98.5169   9.92557
48.08   111.649   10.5664
48.1   104.099   10.2029
48.12   83.0893   9.11533
48.14   61.5053   7.84253
48.16   46.4186   6.81312
48.18   38.6993   6.22088
48.2   37.9481   6.16021
48.22   43.5183   6.59684
48.24   53.0067   7.28057
48.26   58.6805   7.66032
48.28   52.582   7.25135
48.3   40.2376   6.34331
48.32   29.8492   5.46344
48.34   24.034   4.90245
48.36   21.5023   4.63706
48.38   22.3362   4.72612
48.4   26.0626   5.10516
48.42   31.9696   5.65417
48.44   36.3912   6.03251
48.46   34.2316   5.85078
48.48   27.684   5.26156
48.5   21.8087   4.66997
48.52   18.1279   4.4
48.54   16.4744   4.4
48.56   16.3472   4.4
48.58   17.5394   4.4
48.6   20.1847   4.49274
48.62   25.0468   5.00467
48.64   33.5447   5.79178
48.66   47.772   6.91173
48.68   69.5423   8.3392
48.7   96.4386   9.82032
48.72   114.977   10.7227
48.74   113.322   10.6453
48.76   97.6294   9.88076
48.78   75.2307   8.67356
48.8   55.2309   7.43175
48.82   42.7315   6.53693
48.84   37.5531   6.12806
48.86   38.0269   6.16659
48.88   41.1194   6.41244
48.9   41.0276   6.40528
48.92   35.2892   5.94047
48.94   28.4557   5.33439
48.96   23.69   4.86724
48.98   21.369   4.62266
49   21.2221   4.60674
49.02   23.1963   4.81625
49.04   27.6666   5.25991
49.06   35.2717   5.939
49.08   46.0499   6.78601
49.1   57.1696   7.56106
49.12   64.68   8.04239
49.14   73.2396   8.55802
49.16   90.1298   9.49367
49.18   112.789   10.6202
49.2   122.374   11.0623
49.22   104.475   10.2213
49.24   76.185   8.7284
49.26   53.4938   7.31395
49.28   39.4467   6.28066
49.3   31.2735   5.59227
49.32   27.1855   5.21397
49.34   25.5019   5.04994
49.36   25.1779   5.01776
49.38   26.1915   5.11776
49.4   29.155   5.39954
49.42   34.2148   5.84934
49.44   39.6376   6.29584
49.46   41.1079   6.41155
49.48   38.0453   6.16809
49.5   34.7391   5.89399
49.52   33.5444   5.79175
49.54   34.7592   5.89569
49.56   38.2322   6.18322
49.58   44.487   6.66986
49.6   54.4057   7.37602
49.62   69.8523   8.35777
49.64   94.912   9.74228
49.66   129.175   11.3655
49.68   172.154   13.1207
49.7   217.188   14.7373
49.72   274.609   16.5713
49.74   367.651   19.1742
49.76   491.246   22.1641
49.78   578.652   24.0552
49.8   548.575   23.4217
49.82   445.611   21.1095
49.84   335.355   18.3127
49.86   235.774   15.3549
49.88   161.422   12.7052
49.9   113.146   10.637
49.92   83.2302   9.12306
49.94   64.6706   8.0418
49.96   52.909   7.27386
49.98   45.4403   6.74094
50   40.9609   6.40007
50.02   38.5084   6.20552
50.04   36.4296   6.03569
50.06   32.9285   5.73834
50.08   28.6965   5.35691
50.1   25.1583   5.01581
50.12   22.5989   4.75383
50.14   20.8612   4.5674
50.16   19.7168   4.44036
50.18   18.9161   4.4
50.2   18.5209   4.4
50.22   18.3658   4.4
50.24   18.6038   4.4
50.26   19.0894   4.4
50.28   20.0045   4.47264
50.3   21.5718   4.64455
50.32   24.1519   4.91446
50.34   28.1688   5.30743
50.36   33.6944   5.80469
50.38   39.2494   6.26493
50.4   40.992   6.4025
50.42   38.5384   6.20793
50.44   35.8223   5.98518
50.46   34.8913   5.90688
50.48   35.9641   5.99701
50.5   38.9122   6.23796
50.52   43.7944   6.61773
50.54   51.0431   7.14444
50.56   61.5778   7.84716
50.58   76.7192   8.75895
50.6   98.3166   9.91547
50.62   130.135   11.4077
50.64   179.802   13.409
50.66   252.575   15.8926
50.68   344.68   18.5656
50.7   447.477   21.1536
50.72   515.346   22.7012
50.74   471.775   21.7204
50.76   355.852   18.864
50.78   251.32   15.8531
50.8   182.183   13.4975
50.82   143.14   11.9641
50.84   124.638   11.1641
50.86   119.688   10.9402
50.88   124.79   11.1709
50.9   138.782   11.7806
50.92   160.609   12.6731
50.94   188.356   13.7243
50.96   227.558   15.085
50.98   296.215   17.2109
51   419.947   20.4926
51.02   629.131   25.0825
51.04   943.517   30.7167
51.06   1303.78   36.1078
51.08   1462.01   38.2363
51.1   1244.06   35.2712
51.12   883.194   29.7186
51.14   589.789   24.2856
51.16   400.954   20.0238
51.18   294.47   17.1601
51.2   240.908   15.5212
51.22   208.562   14.4417
51.24   174.002   13.191
51.26   136.482   11.6826
51.28   106.066   10.2989
51.3   84.1199   9.17169
51.32   68.7396   8.29093
51.34   58.0077   7.61628
51.36   50.2226   7.08679
51.38   44.3869   6.66235
51.4   39.9371   6.31958
51.42   36.5747   6.0477
51.44   34.1779   5.84619
51.46   32.7853   5.72584
51.48   32.6046   5.71005
51.5   33.9234   5.82438
51.52   36.8578   6.07106
51.54   40.3598   6.35294
51.56   41.3278   6.42867
51.58   39.0596   6.24976
51.6   37.2424   6.10265
51.62   38.7321   6.22351
51.64   45.1438   6.71891
51.66   57.6673   7.5939
51.68   75.7116   8.70124
51.7   90.5248   9.51445
51.72   87.1514   9.33549
51.74   68.7413   8.29104
51.76   50.2796   7.09081
51.78   37.2932   6.10681
51.8   29.3036   5.41328
51.82   24.6882   4.96872
51.84   22.0963   4.70067
51.86   20.7115   4.55099
51.88   20.1321   4.48688
51.9   20.2953   4.50503
51.92   21.2996   4.61514
51.94   23.4672   4.84429
51.96   27.2675   5.22183
51.98   33.0085   5.7453
52   39.7131   6.30183
52.02   43.7595   6.61509
52.04   43.0936   6.56457
52.06   41.5174   6.4434
52.08   42.5731   6.5248
52.1   49.0945   7.00675
52.12   62.7527   7.92166
52.14   85.186   9.22962
52.16   113.951   10.6748
52.18   135.598   11.6447
52.2   132.524   11.5119
52.22   115.592   10.7514
52.24   100.863   10.043
52.26   86.8635   9.32006
52.28   71.4246   8.45131
52.3   59.3338   7.70285
52.32   52.6952   7.25915
52.34   50.9615   7.13873
52.36   53.6041   7.32148
52.38   60.9982   7.81014
52.4   74.5697   8.63537
52.42   96.2268   9.80952
52.44   126.092   11.2291
52.46   155.543   12.4717
52.48   168.516   12.9814
52.5   171.167   13.0831
52.52   184.969   13.6003
52.54   218.526   14.7826
52.56   277.609   16.6616
52.58   375.211   19.3704
52.6   531.498   23.0542
52.62   730.544   27.0286
52.64   850.78   29.1681
52.66   756.122   27.4977
52.68   545.837   23.3631
52.7   361.791   19.0208
52.72   237.891   15.4237
52.74   162.382   12.7429
52.76   117.631   10.8458
52.78   90.3125   9.50329
52.8   72.6051   8.52086
52.82   60.5195   7.77943
52.84   52.1071   7.21852
52.86   46.4038   6.81203
52.88   42.9281   6.55195
52.9   41.3543   6.43073
52.92   40.9707   6.40083
52.94   40.1967   6.34008
52.96   38.5369   6.20781
52.98   37.6538   6.13627
53   38.9584   6.24167
53.02   43.6369   6.60582
53.04   53.0565   7.28399
53.06   69.62   8.34386
53.08   95.11   9.75244
53.1   127.973   11.3125
53.12   158.946   12.6074
53.14   162.043   12.7296
53.16   131.294   11.4583
53.18   94.5023   9.72123
53.2   67.3708   8.20797
53.22   50.5402   7.10916
53.24   41.0369   6.406
53.26   36.0602   6.00501
53.28   33.8102   5.81465
53.3   33.3825   5.77776
53.32   34.441   5.86865
53.34   36.9899   6.08193
53.36   41.3078   6.42712
53.38   48.044   6.93138
53.4   58.552   7.65193
53.42   75.6068   8.69522
53.44   104.432   10.2192
53.46   153.391   12.3851
53.48   231.354   15.2103
53.5   338.975   18.4113
53.52   437.815   20.924
53.54   443.99   21.0711
53.56   352.021   18.7622
53.58   244.831   15.6471
53.6   166.711   12.9117
53.62   120.076   10.9579
53.64   96.3411   9.81535
53.66   85.7371   9.25943
53.68   80.2613   8.95887
53.7   77.3296   8.79372
53.72   74.7075   8.64335
53.74   66.1048   8.13048
53.76   53.3732   7.3057
53.78   42.5733   6.52482
53.8   35.4917   5.95749
53.82   32.0847   5.66433
53.84   30.7776   5.54776
53.86   31.7506   5.63477
53.88   35.5847   5.96529
53.9   43.5438   6.59878
53.92   58.0967   7.62212
53.94   81.5616   9.03114
53.96   112.769   10.6193
53.98   136.642   11.6894
54   128.719   11.3454
54.02   97.8568   9.89226
54.04   68.2232   8.25973
54.06   47.6801   6.90508
54.08   35.0677   5.9218
54.1   26.8808   5.18467
54.12   22.5492   4.7486
54.14   19.9282   4.4641
54.16   18.3267   4.4
54.18   17.4132   4.4
54.2   17.027   4.4
54.22   17.0959   4.4
54.24   17.6041   4.4
54.26   18.5849   4.4
54.28   20.1273   4.48635
54.3   22.4012   4.73299
54.32   25.81   5.08036
54.34   30.8527   5.55452
54.36   38.6883   6.21999
54.38   51.3979   7.16923
54.4   71.8548   8.47672
54.42   102.792   10.1386
54.44   142.144   11.9224
54.46   174.28   13.2015
54.48   187.573   13.6957
54.5   201.2   14.1845
54.52   222.653   14.9216
54.54   220.762   14.8581
54.56   178.064   13.3441
54.58   126.115   11.2301
54.6   86.7921   9.31623
54.62   61.5288   7.84403
54.64   46.5775   6.82477
54.66   37.8701   6.15387
54.68   32.7676   5.7243
54.7   29.8299   5.46167
54.72   28.7106   5.35823
54.74   28.4575   5.33456
54.76   29.3588   5.41837
54.78   31.5974   5.62116
54.8   35.707   5.97553
54.82   42.8724   6.54771
54.84   55.3404   7.43911
54.86   76.5439   8.74894
54.88   110.07   10.4914
54.9   154.922   12.4468
54.92   191.832   13.8503
54.94   186.14   13.6433
54.96   145.619   12.0673
54.98   105.151   10.2543
55   77.1435   8.78314
55.02   61.485   7.84124
55.04   54.1956   7.36176
55.06   52.5257   7.24746
55.08   55.2033   7.42989
55.1   62.2258   7.88833
55.12   74.3444   8.62232
55.14   92.0837   9.59602
55.16   113.876   10.6713
55.18   139.067   11.7927
55.2   178.396   13.3565
55.22   247.684   15.738
55.24   353.6   18.8043
55.26   471.104   21.7049
55.28   515.997   22.7156
55.3   454.074   21.309
55.32   370.037   19.2363
55.34   312.247   17.6705
55.36   270.909   16.4593
55.38   246.614   15.704
55.4   253.765   15.93
55.42   288.297   16.9793
55.44   314.531   17.735
55.46   290.789   17.0525
55.48   233.231   15.2719
55.5   176.241   13.2756
55.52   128.901   11.3535
55.54   94.1962   9.70547
55.56   71.6533   8.46483
55.58   57.8107   7.60333
55.6   50.0877   7.07727
55.62   45.8374   6.77033
55.64   44.3581   6.66019
55.66   45.9972   6.78213
55.68   51.8287   7.19922
55.7   63.7657   7.98534
55.72   83.8052   9.15452
55.74   110.978   10.5346
55.76   132.902   11.5283
55.78   136.07   11.6649
55.8   126.288   11.2378
55.82   107.552   10.3707
55.84   84.1471   9.17317
55.86   65.8801   8.11666
55.88   56.4396   7.51263
55.9   51.4519   7.17299
55.92   47.2476   6.87369
55.94   42.6075   6.52744
55.96   39.3001   6.26898
55.98   38.299   6.18862
56   39.5252   6.28691
56.02   43.5175   6.59678
56.04   50.8817   7.13314
56.06   63.6177   7.97607
56.08   85.683   9.25651
56.1   123.211   11.1
56.12   182.891   13.5237
56.14   263.778   16.2412
56.16   333.979   18.2751
56.18   335.966   18.3294
56.2   271.17   16.4672
56.22   191.316   13.8317
56.24   129.114   11.3628
56.26   88.9434   9.43098
56.28   64.9312   8.05799
56.3   50.8479   7.13077
56.32   42.5411   6.52235
56.34   37.7568   6.14466
56.36   35.4713   5.95578
56.38   35.0041   5.91643
56.4   34.8459   5.90304
56.42   33.3382   5.77392
56.44   30.6201   5.53354
56.46   28.3627   5.32566
56.48   27.2773   5.22276
56.5   27.3718   5.23181
56.52   28.6074   5.34859
56.54   31.1524   5.58144
56.56   35.5982   5.96642
56.58   43.2358   6.57539
56.6   56.2442   7.49962
56.62   77.3191   8.79313
56.64   107.556   10.3709
56.66   138.859   11.7838
56.68   146.907   12.1205
56.7   123.67   11.1207
56.72   93.3428   9.66141
56.74   70.4533   8.39365
56.76   57.1323   7.55859
56.78   50.5083   7.10692
56.8   48.3382   6.95257
56.82   48.7077   6.97909
56.84   51.2404   7.15824
56.86   55.6844   7.4622
56.88   62.255   7.89018
56.9   71.4146   8.45072
56.92   84.4756   9.19106
56.94   103.336   10.1654
56.96   132.462   11.5092
56.98   179.752   13.4072
57   258.663   16.083
57.02   382.586   19.5598
57.04   556.194   23.5838
57.06   729.15   27.0028
57.08   782.19   27.9677
57.1   688.008   26.2299
57.12   550.882   23.4709
57.14   461.854   21.4908
57.16   443.31   21.0549
57.18   467.959   21.6324
57.2   471.506   21.7142
57.22   434.023   20.8332
57.24   412.786   20.3171
57.26   450.04   21.2141
57.28   563.088   23.7295
57.3   754.382   27.466
57.32   956.853   30.933
57.34   984.78   31.3812
57.36   788.486   28.08
57.38   548.312   23.4161
57.4   368.108   19.1862
57.42   253.991   15.9371
57.44   187.222   13.6829
57.46   150.074   12.2505
57.48   131.314   11.4592
57.5   125.606   11.2074
57.52   129.854   11.3954
57.54   141.368   11.8898
57.56   157.446   12.5477
57.58   165.482   12.864
57.6   155.968   12.4887
57.62   142.913   11.9546
57.64   132.233   11.4993
57.66   114.609   10.7056
57.68   91.2157   9.55069
57.7   72.1245   8.49262
57.72   60.277   7.76383
57.74   54.8448   7.40573
57.76   54.2998   7.36884
57.78   56.144   7.49293
57.8   56.7726   7.53476
57.82   56.6593   7.52724
57.84   59.7785   7.73166
57.86   66.6102   8.16151
57.88   70.9228   8.42157
57.9   65.2029   8.07483
57.92   54.061   7.35262
57.94   44.8102   6.69404
57.96   39.2978   6.2688
57.98   37.123   6.09287
58   37.7956   6.14781
58.02   41.352   6.43055
58.04   48.4824   6.96293
58.06   59.3375   7.70308
58.08   72.123   8.49253
58.1   79.5161   8.91718
58.12   77.8131   8.82117
58.14   75.3846   8.68243
58.16   80.3192   8.9621
58.18   96.3592   9.81627
58.2   125.844   11.218
58.22   166.543   12.9052
58.24   200.005   14.1423
58.26   198.328   14.0829
58.28   173.532   13.1732
58.3   155.137   12.4554
58.32   156.066   12.4927
58.34   181.925   13.4879
58.36   241.972   15.5554
58.38   351.303   18.7431
58.4   523.747   22.8855
58.42   740.17   27.2061
58.44   877.01   29.6143
58.46   788.478   28.0798
58.48   571.895   23.9143
58.5   379.3   19.4756
58.52   248.851   15.775
58.54   169.15   13.0058
58.56   121.386   11.0175
58.58   92.2344   9.60387
58.6   73.3283   8.56319
58.62   60.1811   7.75765
58.64   50.6375   7.116
58.66   43.5294   6.59768
58.68   37.9023   6.15649
58.7   33.8414   5.81733
58.72   30.8021   5.54997
58.74   28.5997   5.34787
58.76   27.1996   5.21532
58.78   26.62   5.15945
58.8   27.0674   5.20264
58.82   28.1516   5.30581
58.84   32.5229   5.70288
58.86   40.4461   6.35973
58.88   52.7201   7.26086
58.9   66.91   8.17985
58.92   74.2456   8.61659
58.94   71.0769   8.43071
58.96   66.6932   8.16659
58.98   67.449   8.21273
59   68.0821   8.25119
59.02   60.9309   7.80582
59.04   49.1647   7.01175
59.06   38.173   6.17843
59.08   29.693   5.44913
59.1   23.8929   4.88804
59.12   20.1284   4.48647
59.14   17.9038   4.4
59.16   16.6477   4.4
59.18   16.0824   4.4
59.2   16.0886   4.4
59.22   16.6574   4.4
59.24   17.8112   4.4
59.26   19.4142   4.40616
59.28   20.8744   4.56885
59.3   21.8753   4.6771
59.32   23.1681   4.81333
59.34   25.6173   5.06135
59.36   29.913   5.46928
59.38   37.3309   6.1099
59.4   49.9322   7.06627
59.42   70.6678   8.40641
59.44   101.912   10.0952
59.46   139.611   11.8157
59.48   162.124   12.7328
59.5   149.941   12.2451
59.52   121.915   11.0415
59.54   96.6878   9.833
59.56   77.5423   8.80581
59.58   66.3413   8.14502
59.6   63.2158   7.95084
59.62   67.8053   8.23439
59.64   81.5332   9.02958
59.66   108.631   10.4226
59.68   155.787   12.4815
59.7   228.348   15.1112
59.72   316.957   17.8033
59.74   376.338   19.3994
59.76   349.542   18.696
59.78   263.58   16.2351
59.8   182.896   13.5239
59.82   127.914   11.3099
59.84   95.4668   9.77071
59.86   79.731   8.92922
59.88   76.3847   8.73983
59.9   82.4486   9.08012
59.92   92.6173   9.62379
59.94   97.424   9.87036
59.96   88.6693   9.41644
59.98   76.9509   8.77217
60   71.3686   8.44799
60.02   70.161   8.37622
60.04   64.8467   8.05275
60.06   53.6688   7.3259
60.08   42.9995   6.5574
60.1   35.7803   5.98166
60.12   32.0046   5.65726
60.14   30.4467   5.51785
60.16   30.6551   5.53671
60.18   32.3256   5.68556
60.2   35.4926   5.95757
60.22   40.5326   6.36652
60.24   48.2857   6.94879
60.26   60.3416   7.76799
60.28   79.4228   8.91195
60.3   109.735   10.4754
60.32   156.167   12.4967
60.34   220.721   14.8567
60.36   300.712   17.3411
60.38   394.991   19.8744
60.4   476.149   21.8208
60.42   467.262   21.6162
60.44   362.476   19.0388
60.46   246.859   15.7117
60.48   162.632   12.7527
60.5   109.736   10.4755
60.52   78.5751   8.86426
60.54   60.6178   7.78574
60.56   50.4375   7.10193
60.58   44.9427   6.70393
60.6   41.3416   6.42974
60.62   36.4162   6.03458
60.64   30.0522   5.48199
60.66   24.3545   4.93503
60.68   20.0739   4.48039
60.7   16.9931   4.4
60.72   14.7669   4.4
60.74   13.1019   4.4
60.76   11.8173   4.4
60.78   10.8014   4.4
60.8   9.99486   4.4
60.82   9.36868   4.4
60.84   8.92002   4.4
60.86   8.69513   4.4
60.88   8.72954   4.4
60.9   9.13449   4.4
60.92   9.95717   4.4
60.94   10.7915   4.4
60.96   10.9787   4.4
60.98   10.1243   4.4
61   8.72386   4.4
61.02   7.66104   4.4
61.04   6.99479   4.4
61.06   6.63527   4.4
61.08   6.49042   4.4
61.1   6.50771   4.4
61.12   6.68182   4.4
61.14   7.0563   4.4
61.16   7.72444   4.4
61.18   8.81036   4.4
61.2   10.3285   4.4
61.22   11.7544   4.4
61.24   12.5848   4.4
61.26   12.0751   4.4
61.28   11.3227   4.4
61.3   11.1062   4.4
61.32   11.5794   4.4
61.34   12.7559   4.4
61.36   14.7537   4.4
61.38   17.8548   4.4
61.4   22.4276   4.73578
61.42   28.9858   5.38384
61.44   37.1523   6.09527
61.46   46.003   6.78255
61.48   57.7651   7.60033
61.5   77.2966   8.79185
61.52   108.12   10.3981
61.54   152.672   12.356
61.56   200.417   14.1569
61.58   212.781   14.587
61.6   173.507   13.1722
61.62   121.013   11.0006
61.64   81.0213   9.00119
61.66   56.0814   7.48875
61.68   42.0331   6.4833
61.7   33.9216   5.82423
61.72   27.9913   5.29068
61.74   23.3829   4.83559
61.76   20.2219   4.49687
61.78   17.8464   4.4
61.8   15.6159   4.4
61.82   13.8529   4.4
61.84   12.8034   4.4
61.86   12.3917   4.4
61.88   12.1105   4.4
61.9   11.3499   4.4
61.92   11.4301   4.4
61.94   12.4912   4.4
61.96   14.6402   4.4
61.98   17.5011   4.4
62   19.7294   4.44178
62.02   19.4388   4.40894
62.04   17.3158   4.4
62.06   15.8471   4.4
62.08   16.0934   4.4
62.1   17.8357   4.4
62.12   19.5768   4.42457
62.14   19.1079   4.4
62.16   17.2351   4.4
62.18   15.9629   4.4
62.2   16.0475   4.4
62.22   17.6914   4.4
62.24   21.1936   4.60365
62.26   26.8232   5.17911
62.28   34.7363   5.89375
62.3   43.4206   6.58943
62.32   51.4844   7.17526
62.34   63.3317   7.95812
62.36   86.1667   9.2826
62.38   124.381   11.1526
62.4   173.23   13.1617
62.42   203.283   14.2577
62.44   181.389   13.4681
62.46   131.121   11.4508
62.48   86.9495   9.32467
62.5   57.1744   7.56137
62.52   39.0265   6.24712
62.54   28.2734   5.31727
62.56   21.7391   4.66252
62.58   17.685   4.4
62.6   14.7555   4.4
62.62   12.6733   4.4
62.64   11.1828   4.4
62.66   10.1456   4.4
62.68   9.50169   4.4
62.7   9.25605   4.4
62.72   9.49434   4.4
62.74   10.3119   4.4
62.76   11.6859   4.4
62.78   13.0349   4.4
62.8   13.2979   4.4
62.82   12.8374   4.4
62.84   12.9764   4.4
62.86   14.2825   4.4
62.88   16.5954   4.4
62.9   19.9231   4.46353
62.92   25.0443   5.00443
62.94   31.1589   5.58202
62.96   33.5748   5.79437
62.98   29.5298   5.43413
63   23.8767   4.88638
63.02   20.62   4.54092
63.04   20.2063   4.49514
63.06   21.8089   4.67
63.08   21.9842   4.68873
63.1   18.8414   4.4
63.12   15.1367   4.4
63.14   12.0999   4.4
63.16   10.3102   4.4
63.18   9.49431   4.4
63.2   9.40591   4.4
63.22   9.93535   4.4
63.24   11.1797   4.4
63.26   13.4836   4.4
63.28   17.4263   4.4
63.3   23.6792   4.86613
63.32   32.1885   5.67349
63.34   40.374   6.35405
63.36   44.9919   6.7076
63.38   45.3902   6.73722
63.4   39.9775   6.32278
63.42   31.473   5.61008
63.44   24.7214   4.97206
63.46   21.0061   4.58324
63.48   20.0529   4.47805
63.5   21.6522   4.65319
63.52   26.112   5.10999
63.54   34.0047   5.83135
63.56   45.1224   6.71732
63.58   55.5617   7.45397
63.6   57.4409   7.57897
63.62   53.2565   7.2977
63.64   52.4306   7.2409
63.66   59.9104   7.74018
63.68   76.547   8.74912
63.7   97.3309   9.86564
63.72   108.278   10.4057
63.74   99.6189   9.98093
63.76   78.067   8.83555
63.78   57.274   7.56796
63.8   43.2209   6.57426
63.82   35.4623   5.95503
63.84   32.4277   5.69453
63.86   32.5202   5.70265
63.88   35.2652   5.93845
63.9   41.7338   6.46017
63.92   53.7889   7.33409
63.94   74.9967   8.66006
63.96   110.266   10.5007
63.98   162.272   12.7386
64   220.668   14.8549
64.02   248.831   15.7744
64.04   216.714   14.7212
64.06   156.129   12.4951
64.08   104.773   10.2359
64.1   70.6861   8.4075
64.12   50.1475   7.08149
64.14   38.1303   6.17497
64.16   30.9759   5.5656
64.18   26.6011   5.15763
64.2   23.9249   4.89131
64.22   22.2785   4.72001
64.24   21.1804   4.60222
64.26   20.5992   4.53864
64.28   20.7688   4.55728
64.3   21.4955   4.63632
64.32   22.3786   4.7306
64.34   23.2505   4.82188
64.36   24.7681   4.97675
64.38   27.1388   5.20949
64.4   30.8525   5.5545
64.42   36.3845   6.03195
64.44   44.7844   6.69212
64.46   58.0905   7.62171
64.48   80.2797   8.95989
64.5   117.798   10.8535
64.52   178.386   13.3561
64.54   264.504   16.2636
64.56   350.667   18.7261
64.58   365.928   19.1293
64.6   293.168   17.1221
64.62   203.089   14.2509
64.64   135.754   11.6513
64.66   93.667   9.67817
64.68   69.2991   8.32461
64.7   55.917   7.47777
64.72   49.1874   7.01337
64.74   47.235   6.87277
64.76   49.9554   7.06791
64.78   58.3392   7.63801
64.8   73.3442   8.56412
64.82   92.8817   9.63752
64.84   107.823   10.3838
64.86   107.498   10.3681
64.88   92.7387   9.63009
64.9   77.4504   8.80059
64.92   70.972   8.42449
64.94   76.3452   8.73757
64.96   95.6532   9.78024
64.98   130.275   11.4138
65   173.859   13.1856
65.02   197.561   14.0556
65.04   174.245   13.2002
65.06   128.841   11.3508
65.08   90.7056   9.52395
65.1   66.0603   8.12775
65.12   52.1948   7.22459
65.14   45.5381   6.74819
65.16   43.6862   6.60956
65.18   45.8204   6.76908
65.2   52.4285   7.24076
65.22   66.0867   8.12937
65.24   90.7221   9.52481
65.26   130.795   11.4366
65.28   185.899   13.6345
65.3   235.379   15.3421
65.32   240.639   15.5125
65.34   206.611   14.374
65.36   164.871   12.8402
65.38   122.679   11.0761
65.4   86.4488   9.29779
65.42   61.1973   7.82287
65.44   45.2575   6.72737
65.46   35.8776   5.98979
65.48   29.5922   5.43987
65.5   25.7437   5.07383
65.52   23.298   4.8268
65.54   21.8347   4.67277
65.56   21.1528   4.59922
65.58   21.181   4.60228
65.6   22.0259   4.69318
65.62   23.7095   4.86924
65.64   26.687   5.16594
65.66   31.7232   5.63234
65.68   40.0496   6.32848
65.7   53.402   7.30767
65.72   73.2023   8.55583
65.74   97.4489   9.87162
65.76   118.858   10.9022
65.78   138.61   11.7733
65.8   164.463   12.8243
65.82   188.651   13.735
65.84   183.552   13.5481
65.86   144.813   12.0338
65.88   102.49   10.1237
65.9   72.0154   8.48619
65.92   53.4417   7.31038
65.94   43.322   6.58195
65.96   38.6769   6.21907
65.98   37.8902   6.1555
66   40.7603   6.38438
66.02   48.5031   6.96442
66.04   63.7031   7.98142
66.06   89.2942   9.44956
66.08   127.049   11.2716
66.1   165.884   12.8796
66.12   174.19   13.1981
66.14   141.917   11.9129
66.16   100.736   10.0367
66.18   70.0203   8.36781
66.2   51.5285   7.17834
66.22   42.2969   6.5036
66.24   39.04   6.2482
66.26   38.3696   6.19432
66.28   37.7317   6.14262
66.3   36.754   6.06251
66.32   33.6588   5.80162
66.34   28.201   5.31047
66.36   22.994   4.7952
66.38   19.399   4.40443
66.4   17.252   4.4
66.42   16.1987   4.4
66.44   15.8885   4.4
66.46   16.1765   4.4
66.48   16.8842   4.4
66.5   18.5338   4.4
66.52   21.3607   4.62176
66.54   26.1102   5.10981
66.56   34.1166   5.84094
66.58   45.5147   6.74646
66.6   58.999   7.68108
66.62   66.9962   8.18512
66.64   63.9168   7.9948
66.66   57.6027   7.58965
66.68   55.3542   7.44004
66.7   57.1705   7.56112
66.72   58.8645   7.67232
66.74   59.3528   7.70408
66.76   62.7406   7.9209
66.78   72.7226   8.52776
66.8   92.9822   9.64273
66.82   130.281   11.4141
66.84   193.737   13.9189
66.86   290.621   17.0476
66.88   407.569   20.1883
66.9   472.913   21.7466
66.92   417.376   20.4298
66.94   304.38   17.4465
66.96   210.445   14.5067
66.98   152.81   12.3616
67   126.177   11.2328
67.02   121.537   11.0244
67.04   126.685   11.2554
67.06   123.305   11.1043
67.08   106.428   10.3164
67.1   89.0314   9.43564
67.12   76.474   8.74494
67.14   68.3803   8.26924
67.16   66.9205   8.1805
67.18   74.5214   8.63258
67.2   92.1149   9.59765
67.22   114.468   10.699
67.24   122.542   11.0699
67.26   103.824   10.1894
67.28   75.7177   8.70159
67.3   53.1831   7.29268
67.32   38.2876   6.18769
67.34   29.4554   5.42728
67.36   24.4182   4.94148
67.38   21.7042   4.65878
67.4   20.3971   4.51631
67.42   19.6045   4.4277
67.44   18.4628   4.4
67.46   17.24   4.4
67.48   16.6208   4.4
67.5   17.0433   4.4
67.52   18.9013   4.4
67.54   22.7057   4.76504
67.56   28.8749   5.37354
67.58   36.4563   6.03791
67.6   40.5361   6.3668
67.62   37.0299   6.08522
67.64   30.0072   5.47788
67.66   24.3806   4.93767
67.68   21.2603   4.61088
67.7   20.2469   4.49965
67.72   21.0065   4.58329
67.74   23.5692   4.85481
67.76   28.3758   5.32689
67.78   36.1021   6.0085
67.8   46.7697   6.83883
67.82   57.4375   7.57875
67.84   63.0067   7.93768
67.86   65.7037   8.10578
67.88   70.5617   8.4001
67.9   77.2539   8.78942
67.92   88.3922   9.40171
67.94   112.904   10.6256
67.96   159.267   12.6201
67.98   230.532   15.1833
68   307.675   17.5407
68.02   329.555   18.1537
68.04   269.857   16.4273
68.06   188.259   13.7208
68.08   125.498   11.2026
68.1   86.0356   9.27554
68.12   64.0761   8.00475
68.14   53.4314   7.30968
68.16   49.7313   7.05204
68.18   48.4373   6.95969
68.2   44.0015   6.63336
68.22   36.2065   6.01718
68.24   29.0473   5.38955
68.26   24.1268   4.91191
68.28   21.3818   4.62405
68.3   20.5368   4.53175
68.32   21.6229   4.65004
68.34   25.1673   5.0167
68.36   31.6326   5.62429
68.38   42.3281   6.506
68.4   53.8873   7.3408
68.42   57.2343   7.56534
68.44   48.4089   6.95765
68.46   35.7289   5.97737
68.48   25.6128   5.06091
68.5   19.0867   4.4
68.52   15.3062   4.4
68.54   13.2359   4.4
68.56   12.3829   4.4
68.58   12.4066   4.4
68.6   13.4214   4.4
68.62   15.845   4.4
68.64   20.4354   4.52055
68.66   28.0223   5.29361
68.68   38.3957   6.19643
68.7   47.1914   6.8696
68.72   46.4401   6.8147
68.74   36.8654   6.07169
68.76   26.8303   5.17979
68.78   19.8937   4.46023
68.8   16.0104   4.4
68.82   14.4604   4.4
68.84   14.8025   4.4
68.86   17.1091   4.4
68.88   21.7548   4.6642
68.9   28.8517   5.37138
68.92   36.2699   6.02245
68.94   38.7669   6.22631
68.96   35.1476   5.92855
68.98   29.0497   5.38978
69   23.8152   4.88008
69.02   21.2842   4.61348
69.04   21.439   4.63023
69.06   23.0846   4.80465
69.08   25.4478   5.04458
69.1   29.9185   5.46978
69.12   37.6277   6.13414
69.14   45.6028   6.75299
69.16   45.9444   6.77823
69.18   37.6792   6.13834
69.2   28.5932   5.34726
69.22   22.7462   4.7693
69.24   20.5903   4.53765
69.26   21.8073   4.66983
69.28   25.9299   5.09214
69.3   31.5497   5.61691
69.32   34.5675   5.87942
69.34   31.477   5.61043
69.36   26.0355   5.10249
69.38   22.3097   4.72332
69.4   21.3045   4.61568
69.42   22.6596   4.76021
69.44   25.8284   5.08217
69.46   31.2336   5.58871
69.48   38.8032   6.22922
69.5   47.423   6.88644
69.52   57.1891   7.56235
69.54   71.8414   8.47593
69.56   87.912   9.37614
69.58   90.1957   9.49714
69.6   74.9122   8.65518
69.62   57.7129   7.5969
69.64   47.6533   6.90313
69.66   44.833   6.69574
69.68   44.9324   6.70317
69.7   44.1767   6.64656
69.72   44.3091   6.65651
69.74   45.2389   6.72598
69.76   42.2727   6.50174
69.78   34.0179   5.83249
69.8   24.7007   4.96998
69.82   17.5958   4.4
69.84   13.01   4.4
69.86   10.2426   4.4
69.88   8.48568   4.4
69.9   7.08649   4.4
69.92   5.96899   4.4
69.94   5.12688   4.4
69.96   4.52178   4.4
69.98   4.10314   4.4
70   3.83358   4.4
