1.54056
5   0   4.4
5.02   0   4.4
5.04   0   4.4
5.06   0   4.4
5.08   0   4.4
5.1   0   4.4
5.12   0   4.4
5.14   0   4.4
5.16   0   4.4
5.18   0   4.4
5.2   0   4.4
5.22   0   4.4
5.24   0   4.4
5.26   0   4.4
5.28   0   4.4
5.3   0   4.4
5.32   0   4.4
5.34   0   4.4
5.36   0   4.4
5.38   0   4.4
5.4   0   4.4
5.42   0   4.4
5.44   0   4.4
5.46   0   4.4
5.48   0   4.4
5.5   0   4.4
5.52   0   4.4
5.54   0   4.4
5.56   0   4.4
5.58   0   4.4
5.6   0   4.4
5.62   0   4.4
5.64   0   4.4
5.66   0   4.4
5.68   0   4.4
5.7   0   4.4
5.72   0   4.4
5.74   0   4.4
5.76   0   4.4
5.78   0   4.4
5.8   0   4.4
5.82   0   4.4
5.84   0   4.4
5.86   0   4.4
5.88   0   4.4
5.9   0   4.4
5.92   0   4.4
5.94   0   4.4
5.96   0   4.4
5.98   0   4.4
6   0   4.4
6.02   0   4.4
6.04   0   4.4
6.06   0   4.4
6.08   0   4.4
6.1   0   4.4
6.12   0   4.4
6.14   0   4.4
6.16   0   4.4
6.18   0   4.4
6.2   0   4.4
6.22   0   4.4
6.24   0   4.4
6.26   0   4.4
6.28   0   4.4
6.3   0   4.4
6.32   0   4.4
6.34   0   4.4
6.36   0   4.4
6.38   0   4.4
6.4   0   4.4
6.42   0   4.4
6.44   0   4.4
6.46   0   4.4
6.48   0   4.4
6.5   0   4.4
6.52   0   4.4
6.54   0   4.4
6.56   0   4.4
6.58   0   4.4
6.6   0   4.4
6.62   0   4.4
6.64   0   4.4
6.66   0   4.4
6.68   0   4.4
6.7   0   4.4
6.72   0   4.4
6.74   0   4.4
6.76   0   4.4
6.78   0   4.4
6.8   0   4.4
6.82   0   4.4
6.84   0   4.4
6.86   0   4.4
6.88   0   4.4
6.9   0   4.4
6.92   0   4.4
6.94   0   4.4
6.96   0   4.4
6.98   0   4.4
7   0   4.4
7.02   0   4.4
7.04   0   4.4
7.06   0   4.4
7.08   0   4.4
7.1   0   4.4
7.12   0   4.4
7.14   0   4.4
7.16   0   4.4
7.18   0   4.4
7.2   0   4.4
7.22   0   4.4
7.24   0   4.4
7.26   0   4.4
7.28   0   4.4
7.3   0   4.4
7.32   0   4.4
7.34   0   4.4
7.36   0   4.4
7.38   0   4.4
7.4   0   4.4
7.42   0   4.4
7.44   0   4.4
7.46   0   4.4
7.48   0   4.4
7.5   0   4.4
7.52   0   4.4
7.54   0   4.4
7.56   0   4.4
7.58   0   4.4
7.6   0   4.4
7.62   0   4.4
7.64   0   4.4
7.66   0   4.4
7.68   0   4.4
7.7   0   4.4
7.72   0   4.4
7.74   0   4.4
7.76   0   4.4
7.78   0   4.4
7.8   0   4.4
7.82   0   4.4
7.84   0   4.4
7.86   0   4.4
7.88   0   4.4
7.9   0   4.4
7.92   0   4.4
7.94   0   4.4
7.96   0   4.4
7.98   0   4.4
8   0   4.4
8.02   0   4.4
8.04   0   4.4
8.06   0   4.4
8.08   0   4.4
8.1   0   4.4
8.12   0   4.4
8.14   0   4.4
8.16   0   4.4
8.18   0   4.4
8.2   0   4.4
8.22   0   4.4
8.24   0   4.4
8.26   0   4.4
8.28   0   4.4
8.3   0   4.4
8.32   0   4.4
8.34   0   4.4
8.36   0   4.4
8.38   0   4.4
8.4   0   4.4
8.42   0   4.4
8.44   0   4.4
8.46   0   4.4
8.48   0   4.4
8.5   0   4.4
8.52   0   4.4
8.54   0   4.4
8.56   0   4.4
8.58   0   4.4
8.6   0   4.4
8.62   0   4.4
8.64   0   4.4
8.66   0   4.4
8.68   0   4.4
8.7   0   4.4
8.72   0   4.4
8.74   0   4.4
8.76   0   4.4
8.78   0   4.4
8.8   0   4.4
8.82   0   4.4
8.84   0   4.4
8.86   0   4.4
8.88   0   4.4
8.9   0   4.4
8.92   0   4.4
8.94   0   4.4
8.96   0   4.4
8.98   0   4.4
9   0   4.4
9.02   0   4.4
9.04   0   4.4
9.06   0   4.4
9.08   0   4.4
9.1   0   4.4
9.12   0   4.4
9.14   0   4.4
9.16   0   4.4
9.18   0   4.4
9.2   0   4.4
9.22   0   4.4
9.24   0   4.4
9.26   0   4.4
9.28   0   4.4
9.3   0   4.4
9.32   0   4.4
9.34   0   4.4
9.36   0   4.4
9.38   0   4.4
9.4   0   4.4
9.42   0   4.4
9.44   0   4.4
9.46   0   4.4
9.48   0   4.4
9.5   0   4.4
9.52   0   4.4
9.54   0   4.4
9.56   0   4.4
9.58   0   4.4
9.6   0   4.4
9.62   0   4.4
9.64   0   4.4
9.66   0   4.4
9.68   0   4.4
9.7   0   4.4
9.72   0   4.4
9.74   0   4.4
9.76   0   4.4
9.78   0   4.4
9.8   0   4.4
9.82   0   4.4
9.84   0   4.4
9.86   0   4.4
9.88   0   4.4
9.9   0   4.4
9.92   0   4.4
9.94   0   4.4
9.96   0   4.4
9.98   0   4.4
10   0   4.4
10.02   0   4.4
10.04   0   4.4
10.06   0   4.4
10.08   0   4.4
10.1   0   4.4
10.12   0   4.4
10.14   0   4.4
10.16   0   4.4
10.18   0   4.4
10.2   0   4.4
10.22   0   4.4
10.24   0   4.4
10.26   0   4.4
10.28   0   4.4
10.3   0   4.4
10.32   0   4.4
10.34   0   4.4
10.36   0   4.4
10.38   0   4.4
10.4   0   4.4
10.42   0   4.4
10.44   0   4.4
10.46   0   4.4
10.48   0   4.4
10.5   0   4.4
10.52   0   4.4
10.54   0   4.4
10.56   0   4.4
10.58   0   4.4
10.6   0   4.4
10.62   0   4.4
10.64   0   4.4
10.66   0   4.4
10.68   0   4.4
10.7   0   4.4
10.72   0   4.4
10.74   0   4.4
10.76   0   4.4
10.78   0   4.4
10.8   0   4.4
10.82   0   4.4
10.84   0   4.4
10.86   0   4.4
10.88   0   4.4
10.9   0   4.4
10.92   0   4.4
10.94   0   4.4
10.96   0   4.4
10.98   0   4.4
11   0   4.4
11.02   0   4.4
11.04   0   4.4
11.06   0   4.4
11.08   0   4.4
11.1   0   4.4
11.12   0   4.4
11.14   0   4.4
11.16   0   4.4
11.18   0   4.4
11.2   0   4.4
11.22   0   4.4
11.24   0   4.4
11.26   0   4.4
11.28   0   4.4
11.3   0   4.4
11.32   0   4.4
11.34   0   4.4
11.36   0   4.4
11.38   0   4.4
11.4   0   4.4
11.42   0   4.4
11.44   0   4.4
11.46   0   4.4
11.48   0   4.4
11.5   0   4.4
11.52   0   4.4
11.54   0   4.4
11.56   0   4.4
11.58   0   4.4
11.6   0   4.4
11.62   0   4.4
11.64   0   4.4
11.66   0   4.4
11.68   0   4.4
11.7   0   4.4
11.72   0   4.4
11.74   0   4.4
11.76   0   4.4
11.78   0   4.4
11.8   0   4.4
11.82   0   4.4
11.84   0   4.4
11.86   0   4.4
11.88   0   4.4
11.9   0   4.4
11.92   0   4.4
11.94   0   4.4
11.96   0   4.4
11.98   0   4.4
12   0   4.4
12.02   0   4.4
12.04   0   4.4
12.06   0   4.4
12.08   0   4.4
12.1   0   4.4
12.12   0   4.4
12.14   0   4.4
12.16   0   4.4
12.18   0   4.4
12.2   0   4.4
12.22   0   4.4
12.24   0   4.4
12.26   0   4.4
12.28   0   4.4
12.3   0   4.4
12.32   0   4.4
12.34   0   4.4
12.36   0   4.4
12.38   0   4.4
12.4   0   4.4
12.42   0   4.4
12.44   0   4.4
12.46   0   4.4
12.48   0   4.4
12.5   0   4.4
12.52   0   4.4
12.54   0   4.4
12.56   0   4.4
12.58   0   4.4
12.6   0   4.4
12.62   0   4.4
12.64   0   4.4
12.66   0   4.4
12.68   0   4.4
12.7   0   4.4
12.72   0   4.4
12.74   0   4.4
12.76   0   4.4
12.78   0   4.4
12.8   0   4.4
12.82   0   4.4
12.84   0   4.4
12.86   0   4.4
12.88   0   4.4
12.9   0   4.4
12.92   0   4.4
12.94   0   4.4
12.96   0   4.4
12.98   0   4.4
13   0   4.4
13.02   0   4.4
13.04   0   4.4
13.06   0   4.4
13.08   0   4.4
13.1   0   4.4
13.12   0   4.4
13.14   0   4.4
13.16   0   4.4
13.18   0   4.4
13.2   0   4.4
13.22   0   4.4
13.24   0   4.4
13.26   0   4.4
13.28   0   4.4
13.3   0   4.4
13.32   0   4.4
13.34   0   4.4
13.36   0   4.4
13.38   0   4.4
13.4   0   4.4
13.42   0   4.4
13.44   0   4.4
13.46   0   4.4
13.48   0   4.4
13.5   0   4.4
13.52   0   4.4
13.54   0   4.4
13.56   0   4.4
13.58   0   4.4
13.6   0   4.4
13.62   0   4.4
13.64   0   4.4
13.66   0   4.4
13.68   0   4.4
13.7   0   4.4
13.72   0   4.4
13.74   0   4.4
13.76   0   4.4
13.78   0   4.4
13.8   0   4.4
13.82   0   4.4
13.84   0   4.4
13.86   0   4.4
13.88   0   4.4
13.9   0   4.4
13.92   0   4.4
13.94   0   4.4
13.96   0   4.4
13.98   0   4.4
14   0   4.4
14.02   0   4.4
14.04   0   4.4
14.06   0   4.4
14.08   0   4.4
14.1   0   4.4
14.12   0   4.4
14.14   0   4.4
14.16   0   4.4
14.18   0   4.4
14.2   0   4.4
14.22   0   4.4
14.24   0   4.4
14.26   0   4.4
14.28   0   4.4
14.3   0   4.4
14.32   0   4.4
14.34   0   4.4
14.36   0   4.4
14.38   0   4.4
14.4   0   4.4
14.42   0   4.4
14.44   0   4.4
14.46   0   4.4
14.48   0   4.4
14.5   0   4.4
14.52   0   4.4
14.54   0   4.4
14.56   0   4.4
14.58   0   4.4
14.6   0   4.4
14.62   0   4.4
14.64   0   4.4
14.66   0   4.4
14.68   0   4.4
14.7   0   4.4
14.72   0   4.4
14.74   0.0012138   4.4
14.76   0.00124749   4.4
14.78   0.00128261   4.4
14.8   0.00131923   4.4
14.82   0.00135744   4.4
14.84   0.00139733   4.4
14.86   0.00143901   4.4
14.88   0.00148258   4.4
14.9   0.00152816   4.4
14.92   0.00157588   4.4
14.94   0.00162586   4.4
14.96   0.00167825   4.4
14.98   0.00173322   4.4
15   0.00179094   4.4
15.02   0.00185158   4.4
15.04   0.00191535   4.4
15.06   0.00198248   4.4
15.08   0.00205319   4.4
15.1   0.00212775   4.4
15.12   0.00220645   4.4
15.14   0.00228959   4.4
15.16   0.00237752   4.4
15.18   0.00247061   4.4
15.2   0.00256926   4.4
15.22   0.00267395   4.4
15.24   0.00278515   4.4
15.26   0.00290344   4.4
15.28   0.00302941   4.4
15.3   0.00316376   4.4
15.32   0.00330724   4.4
15.34   0.00346069   4.4
15.36   0.00362506   4.4
15.38   0.00380141   4.4
15.4   0.00399094   4.4
15.42   0.00419498   4.4
15.44   0.00441505   4.4
15.46   0.00465288   4.4
15.48   0.00491042   4.4
15.5   0.00518992   4.4
15.52   0.00549393   4.4
15.54   0.00582541   4.4
15.56   0.00618776   4.4
15.58   0.00658492   4.4
15.6   0.00702149   4.4
15.62   0.00750284   4.4
15.64   0.00803532   4.4
15.66   0.00862638   4.4
15.68   0.00928494   4.4
15.7   0.0100216   4.4
15.72   0.0108493   4.4
15.74   0.0117834   4.4
15.76   0.0128431   4.4
15.78   0.0140517   4.4
15.8   0.0154384   4.4
15.82   0.0170397   4.4
15.84   0.018902   4.4
15.86   0.0210848   4.4
15.88   0.0236656   4.4
15.9   0.0267462   4.4
15.92   0.0304632   4.4
15.94   0.0350024   4.4
15.96   0.0406214   4.4
15.98   0.0476859   4.4
16   0.056727   4.4
16.02   0.0685429   4.4
16.04   0.0843979   4.4
16.06   0.106476   4.4
16.08   0.138951   4.4
16.1   0.190151   4.4
16.12   0.27555   4.4
16.14   0.419081   4.4
16.16   0.646978   4.4
16.18   0.958008   4.4
16.2   1.23136   4.4
16.22   1.21587   4.4
16.24   0.929472   4.4
16.26   0.623499   4.4
16.28   0.403645   4.4
16.3   0.266249   4.4
16.32   0.184647   4.4
16.34   0.135558   4.4
16.36   0.104233   4.4
16.38   0.0828194   4.4
16.4   0.0673825   4.4
16.42   0.0558482   4.4
16.44   0.0470051   4.4
16.46   0.0400839   4.4
16.48   0.0345709   4.4
16.5   0.0301119   4.4
16.52   0.0264565   4.4
16.54   0.023424   4.4
16.56   0.0208813   4.4
16.58   0.018729   4.4
16.6   0.0168914   4.4
16.62   0.309566   4.4
16.64   0.316446   4.4
16.66   0.323854   4.4
16.68   0.331781   4.4
16.7   0.340225   4.4
16.72   0.349192   4.4
16.74   0.358691   4.4
16.76   0.368736   4.4
16.78   0.379346   4.4
16.8   0.390545   4.4
16.82   0.402358   4.4
16.84   0.414815   4.4
16.86   0.427953   4.4
16.88   0.441808   4.4
16.9   0.456425   4.4
16.92   0.47185   4.4
16.94   0.488135   4.4
16.96   0.50534   4.4
16.98   0.523528   4.4
17   0.542768   4.4
17.02   0.563138   4.4
17.04   0.584723   4.4
17.06   0.607617   4.4
17.08   0.631923   4.4
17.1   0.657757   4.4
17.12   0.685245   4.4
17.14   0.714528   4.4
17.16   0.745761   4.4
17.18   0.77912   4.4
17.2   0.814799   4.4
17.22   0.853013   4.4
17.24   0.894008   4.4
17.26   0.938057   4.4
17.28   0.985467   4.4
17.3   1.03659   4.4
17.32   1.09181   4.4
17.34   1.15159   4.4
17.36   1.21644   4.4
17.38   1.28693   4.4
17.4   1.36375   4.4
17.42   1.44767   4.4
17.44   1.5396   4.4
17.46   1.64056   4.4
17.48   1.7518   4.4
17.5   1.87474   4.4
17.52   2.01109   4.4
17.54   2.16284   4.4
17.56   2.33241   4.4
17.58   2.52269   4.4
17.6   2.73718   4.4
17.62   2.98014   4.4
17.64   3.25682   4.4
17.66   4.52202   4.4
17.68   4.91409   4.4
17.7   5.36481   4.4
17.72   5.8898   4.4
17.74   6.50499   4.4
17.76   7.23286   4.4
17.78   8.10333   4.4
17.8   9.1569   4.4
17.82   10.4495   4.4
17.84   12.0597   4.4
17.86   14.101   4.4
17.88   16.7422   4.4
17.9   20.2454   4.49949
17.92   25.0514   5.00514
17.94   31.9807   5.65515
17.96   42.6667   6.53197
17.98   60.2436   7.76168
18   89.8718   9.48007
18.02   137.978   11.7464
18.04   207.507   14.4051
18.06   280.72   16.7547
18.08   300.731   17.3416
18.1   244.741   15.6442
18.12   168.953   12.9982
18.14   110.545   10.514
18.16   73.0617   8.54762
18.18   50.6728   7.11848
18.2   37.3773   6.1137
18.22   29.1004   5.39448
18.24   23.5891   4.85687
18.26   19.7097   4.43956
18.28   16.8783   4.4
18.3   14.7643   4.4
18.32   13.1623   4.4
18.34   11.9373   4.4
18.36   10.9973   4.4
18.38   10.2784   4.4
18.4   9.73542   4.4
18.42   9.33591   4.4
18.44   9.05659   4.4
18.46   8.88075   4.4
18.48   8.79662   4.4
18.5   8.79626   4.4
18.52   8.87481   4.4
18.54   9.03006   4.4
18.56   9.26212   4.4
18.58   9.57333   4.4
18.6   9.96833   4.4
18.62   10.4541   4.4
18.64   11.0406   4.4
18.66   11.7406   4.4
18.68   12.5712   4.4
18.7   13.5542   4.4
18.72   14.7178   4.4
18.74   16.0983   4.4
18.76   17.7431   4.4
18.78   19.7144   4.44009
18.8   22.0948   4.70051
18.82   24.9959   4.99959
18.84   28.5707   5.34515
18.86   33.0327   5.74741
18.88   38.6873   6.21991
18.9   45.982   6.78101
18.92   55.598   7.45641
18.94   68.6372   8.28476
18.96   87.0606   9.33063
18.98   114.699   10.7097
19   159.133   12.6148
19.02   233.884   15.2933
19.04   358.38   18.9309
19.06   550.228   23.4569
19.08   792.372   28.1491
19.1   954.375   30.893
19.12   868.408   29.4688
19.14   631.526   25.1302
19.16   416.512   20.4086
19.18   270.043   16.433
19.2   180.438   13.4327
19.22   127.349   11.2849
19.24   94.9749   9.74551
19.26   73.892   8.59604
19.28   59.229   7.69604
19.3   48.5345   6.96667
19.32   40.4809   6.36246
19.34   34.273   5.85431
19.36   29.3976   5.42195
19.38   25.5797   5.05763
19.4   22.4197   4.73494
19.42   19.7946   4.44911
19.44   17.5855   4.4
19.46   15.7232   4.4
19.48   14.1463   4.4
19.5   12.801   4.4
19.52   11.6441   4.4
19.54   10.3512   4.4
19.56   9.48377   4.4
19.58   8.72267   4.4
19.6   8.05126   4.4
19.62   7.45608   4.4
19.64   6.92612   4.4
19.66   6.4523   4.4
19.68   6.02709   4.4
19.7   5.64418   4.4
19.72   5.29827   4.4
19.74   4.98486   4.4
19.76   4.70014   4.4
19.78   4.44085   4.4
19.8   4.20418   4.4
19.82   3.98772   4.4
19.84   3.78939   4.4
19.86   3.60738   4.4
19.88   3.4401   4.4
19.9   3.28619   4.4
19.92   3.14445   4.4
19.94   3.01383   4.4
19.96   2.89341   4.4
19.98   2.78239   4.4
20   2.68006   4.4
20.02   2.58582   4.4
20.04   2.49913   4.4
20.06   2.41954   4.4
20.08   2.34666   4.4
20.1   2.28016   4.4
20.12   2.21978   4.4
20.14   2.16532   4.4
20.16   2.11663   4.4
20.18   2.07362   4.4
20.2   2.03627   4.4
20.22   2.00461   4.4
20.24   1.97875   4.4
20.26   1.95888   4.4
20.28   1.94529   4.4
20.3   1.93835   4.4
20.32   1.93859   4.4
20.34   1.94667   4.4
20.36   1.96344   4.4
20.38   1.98999   4.4
20.4   2.02771   4.4
20.42   2.07838   4.4
20.44   2.14426   4.4
20.46   2.22828   4.4
20.48   2.33426   4.4
20.5   2.46721   4.4
20.52   2.63382   4.4
20.54   2.84317   4.4
20.56   3.10772   4.4
20.58   2.53863   4.4
20.6   2.9977   4.4
20.62   3.59067   4.4
20.64   4.37443   4.4
20.66   5.44241   4.4
20.68   6.96402   4.4
20.7   9.27353   4.4
20.72   13.026   4.4
20.74   19.3546   4.4
20.76   29.8029   5.4592
20.78   45.5334   6.74784
20.8   64.1636   8.01022
20.82   73.8149   8.59156
20.84   63.9511   7.99694
20.86   45.307   6.73105
20.88   29.641   5.44436
20.9   19.2536   4.4
20.92   12.9661   4.4
20.94   9.25762   4.4
20.96   6.96166   4.4
20.98   5.44787   4.4
21   4.38487   4.4
21.02   3.60459   4.4
21.04   3.01426   4.4
21.06   2.55729   4.4
21.08   2.19679   4.4
21.1   1.9077   4.4
21.12   1.67255   4.4
21.14   1.47886   4.4
21.16   1.31754   4.4
21.18   1.18185   4.4
21.2   1.06671   4.4
21.22   0.968241   4.4
21.24   0.88343   4.4
21.26   0.809921   4.4
21.28   0.745846   4.4
21.3   0.689709   4.4
21.32   0.640303   4.4
21.34   0.596647   4.4
21.36   0.557934   4.4
21.38   0.523498   4.4
21.4   0.492788   4.4
21.42   0.465342   4.4
21.44   0.440773   4.4
21.46   0.418756   4.4
21.48   0.399014   4.4
21.5   0.381316   4.4
21.52   0.365463   4.4
21.54   0.351289   4.4
21.56   0.338654   4.4
21.58   0.327438   4.4
21.6   0.317544   4.4
21.62   0.308891   4.4
21.64   0.301413   4.4
21.66   0.295063   4.4
21.68   0.289803   4.4
21.7   0.285613   4.4
21.72   0.282483   4.4
21.74   0.280421   4.4
21.76   0.827822   4.4
21.78   0.84321   4.4
21.8   0.860419   4.4
21.82   0.87956   4.4
21.84   0.900768   4.4
21.86   0.924212   4.4
21.88   0.950092   4.4
21.9   0.978656   4.4
21.92   1.0102   4.4
21.94   1.0451   4.4
21.96   1.08379   4.4
21.98   1.12684   4.4
22   1.17493   4.4
22.02   1.22895   4.4
22.04   1.80061   4.4
22.06   1.88464   4.4
22.08   1.97968   4.4
22.1   2.08833   4.4
22.12   2.21407   4.4
22.14   2.36175   4.4
22.16   2.53825   4.4
22.18   2.75362   4.4
22.2   3.02313   4.4
22.22   3.37158   4.4
22.24   3.84339   4.4
22.26   4.52563   4.4
22.28   5.51811   4.4
22.3   7.2656   4.4
22.32   10.1133   4.4
22.34   14.4063   4.4
22.36   19.6277   4.43032
22.38   22.734   4.76802
22.4   20.5173   4.5296
22.42   15.5595   4.4
22.44   11.2843   4.4
22.46   8.46945   4.4
22.48   6.82294   4.4
22.5   5.91932   4.4
22.52   5.44006   4.4
22.54   5.19946   4.4
22.56   5.1032   4.4
22.58   5.10466   4.4
22.6   5.17942   4.4
22.62   5.31386   4.4
22.64   5.5004   4.4
22.66   5.73531   4.4
22.68   6.01759   4.4
22.7   6.34838   4.4
22.72   6.73064   4.4
22.74   7.16909   4.4
22.76   7.67027   4.4
22.78   8.24276   4.4
22.8   8.89758   4.4
22.82   9.64871   4.4
22.84   10.5139   4.4
22.86   11.5157   4.4
22.88   12.6833   4.4
22.9   14.0543   4.4
22.92   15.6784   4.4
22.94   17.6215   4.4
22.96   19.9735   4.46918
22.98   22.8584   4.78104
23   26.4513   5.14308
23.02   31.0061   5.56831
23.04   36.9039   6.07486
23.06   44.7487   6.68944
23.08   55.5873   7.45569
23.1   71.4258   8.45138
23.12   96.2493   9.81067
23.14   137.372   11.7206
23.16   205.877   14.3484
23.18   313.379   17.7025
23.2   457.028   21.3782
23.22   575.844   23.9968
23.24   558.36   23.6296
23.26   427.847   20.6845
23.28   296.462   17.2181
23.3   206.166   14.3585
23.32   154.156   12.4159
23.34   129.479   11.3789
23.36   124.253   11.1469
23.38   136.682   11.6911
23.4   171.297   13.0881
23.42   237.153   15.3998
23.44   341.446   18.4783
23.46   467.1   21.6125
23.48   531.203   23.0478
23.5   460.212   21.4526
23.52   328.583   18.1269
23.54   218.002   14.7649
23.56   144.404   12.0168
23.58   99.5394   9.97694
23.6   72.6462   8.52328
23.62   55.8539   7.47355
23.64   44.6159   6.67951
23.66   36.6069   6.05036
23.68   30.6421   5.53553
23.7   26.0635   5.10524
23.72   22.4672   4.73995
23.74   19.5883   4.42587
23.76   17.2459   4.4
23.78   15.3128   4.4
23.8   13.6975   4.4
23.82   12.3329   4.4
23.84   11.1491   4.4
23.86   10.1478   4.4
23.88   9.27953   4.4
23.9   8.52123   4.4
23.92   7.85476   4.4
23.94   7.26561   4.4
23.96   6.74204   4.4
23.98   6.2745   4.4
24   5.85512   4.4
24.02   5.47741   4.4
24.04   5.13591   4.4
24.06   4.82607   4.4
24.08   4.54403   4.4
24.1   4.2865   4.4
24.12   4.05069   4.4
24.14   3.83417   4.4
24.16   3.63487   4.4
24.18   3.45099   4.4
24.2   3.28095   4.4
24.22   3.12337   4.4
24.24   2.97706   4.4
24.26   2.84095   4.4
24.28   2.71409   4.4
24.3   2.59567   4.4
24.32   2.48494   4.4
24.34   2.38124   4.4
24.36   2.28398   4.4
24.38   2.19263   4.4
24.4   2.10672   4.4
24.42   2.02581   4.4
24.44   1.94954   4.4
24.46   1.87753   4.4
24.48   1.80949   4.4
24.5   1.74512   4.4
24.52   1.68415   4.4
24.54   1.62636   4.4
24.56   1.57152   4.4
24.58   1.51943   4.4
24.6   1.46991   4.4
24.62   1.42279   4.4
24.64   1.37792   4.4
24.66   1.33516   4.4
24.68   1.29437   4.4
24.7   0.710763   4.4
24.72   0.688059   4.4
24.74   0.666425   4.4
24.76   0.645795   4.4
24.78   0.626108   4.4
24.8   0.607308   4.4
24.82   0.589341   4.4
24.84   0.57216   4.4
24.86   0.555718   4.4
24.88   0.539975   4.4
24.9   1.22343   4.4
24.92   1.22857   4.4
24.94   0.738569   4.4
24.96   0.759885   4.4
24.98   0.782136   4.4
25   0.805379   4.4
25.02   0.829674   4.4
25.04   0.855083   4.4
25.06   0.881678   4.4
25.08   0.909532   4.4
25.1   0.938727   4.4
25.12   0.969349   4.4
25.14   1.00149   4.4
25.16   1.03526   4.4
25.18   1.07077   4.4
25.2   1.10813   4.4
25.22   1.14748   4.4
25.24   1.18897   4.4
25.26   1.23274   4.4
25.28   1.27898   4.4
25.3   1.32786   4.4
25.32   1.3796   4.4
25.34   1.43442   4.4
25.36   1.49257   4.4
25.38   1.55433   4.4
25.4   1.61999   4.4
25.42   1.68991   4.4
25.44   1.76444   4.4
25.46   1.84401   4.4
25.48   1.92908   4.4
25.5   2.02017   4.4
25.52   2.11786   4.4
25.54   2.2228   4.4
25.56   2.33573   4.4
25.58   2.45747   4.4
25.6   2.58897   4.4
25.62   2.7313   4.4
25.64   2.88568   4.4
25.66   3.0535   4.4
25.68   3.23637   4.4
25.7   3.43614   4.4
25.72   3.65495   4.4
25.74   3.8953   4.4
25.76   4.1601   4.4
25.78   4.45278   4.4
25.8   4.77738   4.4
25.82   5.13869   4.4
25.84   5.54246   4.4
25.86   5.99559   4.4
25.88   6.50642   4.4
25.9   7.08515   4.4
25.92   7.74429   4.4
25.94   8.49939   4.4
25.96   9.36992   4.4
25.98   10.3805   4.4
26   11.5626   4.4
26.02   13.9339   4.4
26.04   15.6215   4.4
26.06   17.6477   4.4
26.08   20.1094   4.48435
26.1   23.1404   4.81045
26.12   26.9293   5.18934
26.14   31.7483   5.63456
26.16   38.0026   6.16462
26.18   46.3239   6.80617
26.2   57.7767   7.6011
26.22   74.3491   8.62259
26.24   100.003   10.0001
26.26   142.315   11.9296
26.28   213.676   14.6177
26.3   329.324   18.1473
26.32   495.533   22.2606
26.34   667.489   25.8358
26.36   708.552   26.6186
26.38   571.672   23.9097
26.4   392.354   19.8079
26.42   255.389   15.9809
26.44   167.746   12.9517
26.46   115.389   10.7419
26.48   84.198   9.17595
26.5   64.6658   8.04151
26.52   51.5606   7.18057
26.54   42.2515   6.50012
26.56   35.3799   5.9481
26.58   30.1729   5.49298
26.6   26.1483   5.11354
26.62   22.9877   4.79455
26.64   21.0939   4.59281
26.66   19.0907   4.4
26.68   17.4725   4.4
26.7   16.1597   4.4
26.72   15.0931   4.4
26.74   14.2289   4.4
26.76   13.5334   4.4
26.78   12.9816   4.4
26.8   12.5539   4.4
26.82   12.236   4.4
26.84   12.0169   4.4
26.86   11.8887   4.4
26.88   11.8464   4.4
26.9   11.8867   4.4
26.92   12.0088   4.4
26.94   12.2136   4.4
26.96   12.5041   4.4
26.98   12.8854   4.4
27   13.3648   4.4
27.02   13.9524   4.4
27.04   14.6614   4.4
27.06   15.5089   4.4
27.08   16.5171   4.4
27.1   17.7141   4.4
27.12   19.1364   4.4
27.14   20.8312   4.56412
27.16   22.8604   4.78125
27.18   25.3058   5.03049
27.2   28.2775   5.31766
27.22   31.9253   5.65025
27.24   36.4577   6.03802
27.26   42.1704   6.49388
27.28   49.4936   7.03517
27.3   59.074   7.68596
27.32   71.9375   8.4816
27.34   89.8588   9.47939
27.36   116.234   10.7812
27.38   157.837   12.5633
27.4   227.227   15.0741
27.42   343.755   18.5406
27.44   528.441   22.9878
27.46   779.488   27.9193
27.48   997.372   31.5812
27.5   980.412   31.3115
27.52   748.496   27.3587
27.54   503.477   22.4383
27.56   328.15   18.1149
27.58   218.892   14.795
27.6   154.213   12.4182
27.62   115.495   10.7469
27.64   90.994   9.53908
27.66   74.4753   8.62991
27.68   62.8253   7.92624
27.7   54.4117   7.37643
27.72   48.2934   6.94935
27.74   43.8893   6.6249
27.76   40.8322   6.39001
27.78   38.8968   6.23673
27.8   37.9607   6.16122
27.82   38.6278   6.21513
27.84   39.7153   6.302
27.86   41.9461   6.47658
27.88   45.5789   6.75121
27.9   51.0576   7.14546
27.92   59.1547   7.69121
27.94   71.3153   8.44484
27.96   90.4306   9.5095
27.98   122.175   11.0533
28   176.295   13.2776
28.02   265.884   16.3059
28.04   400.194   20.0048
28.06   556.427   23.5887
28.08   630.651   25.1128
28.1   540.544   23.2496
28.12   382.621   19.5607
28.14   252.224   15.8816
28.16   166.258   12.8941
28.18   114.292   10.6907
28.2   83.4092   9.13286
28.22   64.2988   8.01865
28.24   51.6338   7.18567
28.26   42.7054   6.53494
28.28   36.1362   6.01134
28.3   31.1616   5.58225
28.32   27.3133   5.22622
28.34   24.2855   4.92803
28.36   21.8699   4.67652
28.38   19.9213   4.46333
28.4   18.3362   4.4
28.42   17.039   4.4
28.44   15.9741   4.4
28.46   15.0998   4.4
28.48   14.3844   4.4
28.5   13.8039   4.4
28.52   13.3399   4.4
28.54   12.9781   4.4
28.56   12.7079   4.4
28.58   12.5214   4.4
28.6   12.4127   4.4
28.62   12.3781   4.4
28.64   12.4155   4.4
28.66   12.5243   4.4
28.68   12.7053   4.4
28.7   12.961   4.4
28.72   13.2953   4.4
28.74   13.714   4.4
28.76   14.2244   4.4
28.78   14.8364   4.4
28.8   15.5623   4.4
28.82   16.4178   4.4
28.84   17.4224   4.4
28.86   18.6006   4.4
28.88   19.9833   4.47027
28.9   21.6097   4.64862
28.92   23.5298   4.85075
28.94   25.8081   5.08016
28.96   28.5286   5.34122
28.98   30.8548   5.55471
29   34.8558   5.90388
29.02   39.7611   6.30564
29.04   45.8524   6.77144
29.06   53.5296   7.3164
29.08   63.374   7.96078
29.1   76.259   8.73264
29.12   93.5688   9.6731
29.14   117.694   10.8487
29.16   153.206   12.3777
29.18   209.222   14.4645
29.2   302.685   17.3978
29.22   459.794   21.4428
29.24   709.257   26.6319
29.26   1049.68   32.3987
29.28   1348.7   36.7247
29.3   1331.44   36.4889
29.32   1017.86   31.9039
29.34   683.003   26.1343
29.36   442.426   21.0339
29.38   292.079   17.0903
29.4   202.778   14.24
29.42   149.049   12.2086
29.44   114.754   10.7123
29.46   91.3029   9.55526
29.48   74.3923   8.6251
29.5   61.7526   7.85828
29.52   52.0582   7.21514
29.54   43.8658   6.62312
29.56   37.8329   6.15085
29.58   32.9534   5.74051
29.6   31.5681   5.61855
29.62   28.3232   5.32196
29.64   25.6176   5.06139
29.66   23.3425   4.83141
29.68   21.4154   4.62768
29.7   19.7728   4.44666
29.72   18.3652   4.4
29.74   17.1536   4.4
29.76   16.1071   4.4
29.78   15.2007   4.4
29.8   14.4143   4.4
29.82   13.7316   4.4
29.84   13.1391   4.4
29.86   12.6257   4.4
29.88   12.1823   4.4
29.9   11.8012   4.4
29.92   11.4762   4.4
29.94   11.2019   4.4
29.96   10.9741   4.4
29.98   10.7891   4.4
30   10.644   4.4
30.02   10.5363   4.4
30.04   10.4642   4.4
30.06   10.4262   4.4
30.08   10.4212   4.4
30.1   10.4486   4.4
30.12   10.5081   4.4
30.14   10.5995   4.4
30.16   10.7232   4.4
30.18   10.8799   4.4
30.2   11.0706   4.4
30.22   11.2965   4.4
30.24   11.5595   4.4
30.26   11.8615   4.4
30.28   12.2053   4.4
30.3   12.5938   4.4
30.32   14.292   4.4
30.34   14.8168   4.4
30.36   15.4009   4.4
30.38   16.05   4.4
30.4   16.7713   4.4
30.42   17.573   4.4
30.44   18.4646   4.4
30.46   19.4574   4.41106
30.48   20.565   4.53487
30.5   21.8032   4.66939
30.52   23.1911   4.81571
30.54   33.737   5.80836
30.56   35.747   5.97888
30.58   38.0011   6.1645
30.6   40.5407   6.36716
30.62   43.4172   6.58918
30.64   46.6943   6.83332
30.66   50.452   7.10295
30.68   54.7917   7.40214
30.7   67.2934   8.20326
30.72   73.4381   8.5696
30.74   80.6974   8.98317
30.76   89.3718   9.45367
30.78   98.5807   9.92878
30.8   111.507   10.5597
30.82   127.636   11.2976
30.84   148.147   12.1715
30.86   174.824   13.2221
30.88   210.524   14.5095
30.9   260.259   16.1325
30.92   333.723   18.2681
30.94   450.195   21.2178
30.96   644.742   25.3918
30.98   969.542   31.1375
31   1476.73   38.4282
31.02   2141.69   46.2784
31.04   2653.42   51.5114
31.06   2508.61   50.0861
31.08   1875.42   43.3061
31.1   1269.09   35.6243
31.12   841.971   29.0167
31.14   579.326   24.0692
31.16   424.777   20.6101
31.18   332.343   18.2303
31.2   273.871   16.5491
31.22   234.644   15.3181
31.24   207.29   14.3976
31.26   187.881   13.707
31.28   174.102   13.1948
31.3   167.052   12.9249
31.32   160.71   12.6771
31.34   156.922   12.5268
31.36   155.255   12.4602
31.38   155.425   12.467
31.4   157.256   12.5402
31.42   160.658   12.6751
31.44   165.616   12.8692
31.46   172.178   13.1217
31.48   180.467   13.4338
31.5   193.77   13.9201
31.52   206.296   14.363
31.54   221.478   14.8822
31.56   239.929   15.4897
31.58   262.534   16.2029
31.6   290.614   17.0474
31.62   326.28   18.0632
31.64   373.248   19.3196
31.66   438.616   20.9432
31.68   535.791   23.1472
31.7   687.022   26.2111
31.72   921.049   30.3488
31.74   1255.44   35.4321
31.76   1629.78   40.3706
31.78   1813.73   42.5879
31.8   1678.66   40.9714
31.82   1457.68   38.1796
31.84   1338.76   36.589
31.86   1363.34   36.9235
31.88   1541.68   39.2643
31.9   1914.47   43.7547
31.92   2585.73   50.8501
31.94   3730.18   61.0752
31.96   5536.94   74.4106
31.98   7959.74   89.2174
32   10000   100
32.02   9863.66   99.316
32.04   8015.48   89.5292
32.06   6390.92   79.9432
32.08   5812.81   76.2418
32.1   6358.99   79.7433
32.12   7692.14   87.7049
32.14   8612.33   92.8027
32.16   7706.98   87.7894
32.18   5701.02   75.5051
32.2   3918.15   62.5951
32.22   2704.2   52.0019
32.24   1957.85   44.2476
32.26   1514.56   38.9174
32.28   1247.91   35.3258
32.3   1082.99   32.9088
32.32   981.71   31.3323
32.34   926.108   30.432
32.36   908.446   30.1404
32.38   927.173   30.4495
32.4   986.242   31.4045
32.42   1097.2   33.124
32.44   1285.78   35.8577
32.46   1606   40.075
32.48   2159.96   46.4753
32.5   3106.46   55.7356
32.52   4617.73   67.9539
32.54   6692.05   81.805
32.56   8526.48   92.3389
32.58   8451.18   91.9303
32.6   6583.71   81.14
32.62   4604.05   67.8532
32.64   3232.51   56.8551
32.66   2473.19   49.7312
32.68   2194.31   46.8435
32.7   2297.45   47.9317
32.72   2709.84   52.0562
32.74   3221.84   56.7612
32.76   3311.31   57.544
32.78   2781.04   52.7356
32.8   2123.39   46.0803
32.82   1666.08   40.8176
32.84   1462.55   38.2433
32.86   1507.9   38.8317
32.88   1813.57   42.5861
32.9   2395.16   48.9404
32.92   3106.61   55.7369
32.94   3425.61   58.5287
32.96   2937.92   54.2025
32.98   2121.38   46.0585
33   1447.86   38.0508
33.02   999.729   31.6185
33.04   724.024   26.9077
33.06   555.757   23.5745
33.08   448.09   21.1681
33.1   374.136   19.3426
33.12   320.121   17.8919
33.14   278.96   16.7021
33.16   246.661   15.7054
33.18   220.746   14.8575
33.2   199.572   14.127
33.22   182.003   13.4909
33.24   165.986   12.8835
33.26   153.517   12.3902
33.28   142.78   11.9491
33.3   133.498   11.5541
33.32   125.417   11.199
33.34   118.344   10.8786
33.36   112.125   10.5889
33.38   106.636   10.3265
33.4   101.779   10.0886
33.42   97.4753   9.87296
33.44   93.6589   9.67775
33.46   90.2769   9.50141
33.48   78.3649   8.8524
33.5   75.9659   8.71584
33.52   73.8833   8.59554
33.54   72.094   8.49082
33.56   70.5796   8.40117
33.58   69.3259   8.32622
33.6   68.3225   8.26574
33.62   60.4458   7.77469
33.64   60.1143   7.75334
33.66   60.0147   7.74692
33.68   60.1505   7.75567
33.7   60.5281   7.77998
33.72   61.158   7.82036
33.74   62.0543   7.87745
33.76   63.2357   7.95209
33.78   64.726   8.04525
33.8   67.9944   8.24587
33.82   70.24   8.38093
33.84   72.9086   8.53865
33.86   76.0564   8.72103
33.88   79.7524   8.93042
33.9   84.0823   9.16964
33.92   89.1523   9.44205
33.94   95.0951   9.75167
33.96   102.078   10.1034
33.98   110.313   10.503
34   120.073   10.9578
34.02   131.711   11.4766
34.04   145.695   12.0704
34.06   154.8   12.4419
34.08   175.767   13.2577
34.1   201.704   14.2022
34.12   234.256   15.3054
34.14   275.804   16.6074
34.16   329.895   18.163
34.18   402.067   20.0516
34.2   501.687   22.3984
34.22   643.775   25.3727
34.24   868.431   29.4692
34.26   1239.75   35.2101
34.28   1866.06   43.1979
34.3   2878.84   53.6548
34.32   4325.95   65.7719
34.34   5796.35   76.1338
34.36   6096.85   78.0823
34.38   4881.84   69.8702
34.4   3334.87   57.7483
34.42   2165.94   46.5397
34.44   1420.36   37.6877
34.46   975.364   31.2308
34.48   709.98   26.6455
34.5   543.435   23.3117
34.52   431.536   20.7734
34.54   352.02   18.7622
34.56   293.488   17.1315
34.58   249.505   15.7957
34.6   216.239   14.7051
34.62   191.499   13.8383
34.64   174.296   13.2021
34.66   164.407   12.8221
34.68   161.395   12.7041
34.7   161.594   12.712
34.72   154.912   12.4464
34.74   137.109   11.7094
34.76   117.373   10.8339
34.78   101.768   10.088
34.8   90.736   9.52554
34.82   83.1786   9.12023
34.84   78.0034   8.83195
34.86   74.4749   8.62988
34.88   72.1954   8.49679
34.9   70.9872   8.42539
34.92   70.8006   8.41431
34.94   71.6706   8.46585
34.96   73.7081   8.58534
34.98   77.11   8.78123
35   82.1868   9.06569
35.02   89.4111   9.45574
35.04   99.504   9.97517
35.06   113.596   10.6581
35.08   133.574   11.5574
35.1   162.906   12.7634
35.12   208.476   14.4387
35.14   283.718   16.8439
35.16   411.549   20.2867
35.18   623.911   24.9782
35.2   938.449   30.6341
35.22   1299.56   36.0494
35.24   1461.07   38.2239
35.26   1242.78   35.253
35.28   876.619   29.6077
35.3   577.543   24.0321
35.32   381.131   19.5226
35.34   262.549   16.2034
35.36   192.012   13.8568
35.38   148.245   12.1756
35.4   119.143   10.9153
35.42   98.5609   9.92778
35.44   84.0499   9.16787
35.46   72.5274   8.5163
35.48   63.5881   7.97422
35.5   56.5347   7.51895
35.52   50.8941   7.13401
35.54   46.3385   6.80724
35.56   42.6364   6.52965
35.58   39.6235   6.29472
35.6   37.184   6.09787
35.62   35.2392   5.93626
35.64   33.7414   5.80874
35.66   32.6722   5.71596
35.68   32.0464   5.66096
35.7   31.9264   5.65035
35.72   32.4605   5.69741
35.74   33.9721   5.82856
35.76   37.115   6.09221
35.78   43.0253   6.55937
35.8   53.2407   7.29662
35.82   68.8759   8.29915
35.84   82.8285   9.10102
35.86   92.4379   9.61446
35.88   83.5801   9.14221
35.9   67.9186   8.24127
35.92   57.3316   7.57177
35.94   54.5714   7.38725
35.96   58.1684   7.62682
35.98   64.0823   8.00514
36   60.5782   7.7832
36.02   50.6022   7.11352
36.04   41.1998   6.4187
36.06   34.8175   5.90063
36.08   31.1028   5.57699
36.1   29.2062   5.40428
36.12   28.437   5.33263
36.14   28.3743   5.32675
36.16   28.8045   5.36698
36.18   29.583   5.43902
36.2   30.7734   5.54738
36.22   32.3238   5.6854
36.24   34.2569   5.85294
36.26   36.6171   6.0512
36.28   39.4725   6.28271
36.3   42.9194   6.55129
36.32   47.0911   6.86229
36.34   52.1706   7.22292
36.36   58.4118   7.64276
36.38   66.172   8.13462
36.4   75.9638   8.71572
36.42   88.5425   9.4097
36.44   105.066   10.2502
36.46   127.43   11.2885
36.48   159.069   12.6122
36.5   206.746   14.3787
36.52   283.704   16.8435
36.54   412.854   20.3188
36.56   625.426   25.0085
36.58   945.019   30.7412
36.6   1323.84   36.3847
36.62   1522.31   39.0168
36.64   1326.82   36.4255
36.66   953.778   30.8833
36.68   641.528   25.3284
36.7   435.778   20.8753
36.72   316.044   17.7776
36.74   250.453   15.8257
36.76   217.442   14.7459
36.78   206.209   14.36
36.8   214.73   14.6537
36.82   248.3   15.7575
36.84   318.48   17.846
36.86   438.862   20.949
36.88   608.045   24.6586
36.9   757.85   27.5291
36.92   747.19   27.3348
36.94   585.955   24.2065
36.96   414.927   20.3698
36.98   293.336   17.1271
37   219.184   14.8049
37.02   177.659   13.3289
37.04   155.936   12.4874
37.06   146.096   12.087
37.08   144.26   12.0108
37.1   149.008   12.2069
37.12   160.393   12.6646
37.14   179.741   13.4068
37.16   210.263   14.5004
37.18   258.762   16.0861
37.2   338.505   18.3985
37.22   471.578   21.7158
37.24   686.159   26.1946
37.26   997.931   31.59
37.28   1341.27   36.6233
37.3   1488.88   38.586
37.32   1348.19   36.7177
37.34   1176.53   34.3005
37.36   1171.8   34.2315
37.38   1376.96   37.1074
37.4   1706.59   41.3108
37.42   1853.35   43.0506
37.44   1574.22   39.6765
37.46   1120.79   33.4781
37.48   748.621   27.3609
37.5   501.777   22.4004
37.52   350.569   18.7235
37.54   258.948   16.0919
37.56   200.952   14.1757
37.58   161.956   12.7262
37.6   133.694   11.5626
37.62   112.503   10.6068
37.64   96.1536   9.80579
37.66   83.2599   9.12469
37.68   72.9054   8.53847
37.7   64.4596   8.02867
37.72   57.4767   7.58134
37.74   51.6344   7.18571
37.76   46.6951   6.83338
37.78   42.4804   6.5177
37.8   38.8545   6.23333
37.82   35.712   5.97595
37.84   32.9707   5.74202
37.86   30.5654   5.5286
37.88   28.4438   5.33327
37.9   26.5637   5.154
37.92   24.8908   4.98906
37.94   23.3967   4.83701
37.96   22.4288   4.7359
37.98   23.9607   4.89496
38   22.9644   4.79212
38.02   22.078   4.69872
38.04   21.2902   4.61413
38.06   20.5914   4.53778
38.08   18.5304   4.4
38.1   18.0259   4.4
38.12   17.5888   4.4
38.14   17.2146   4.4
38.16   16.8999   4.4
38.18   16.6416   4.4
38.2   16.4379   4.4
38.22   16.2874   4.4
38.24   16.1895   4.4
38.26   16.1444   4.4
38.28   16.1529   4.4
38.3   16.2168   4.4
38.32   16.3389   4.4
38.34   16.523   4.4
38.36   16.7745   4.4
38.38   17.1003   4.4
38.4   16.8488   4.4
38.42   17.3709   4.4
38.44   18.0034   4.4
38.46   18.7672   4.4
38.48   19.6901   4.43735
38.5   20.8099   4.56178
38.52   22.1786   4.70941
38.54   23.8699   4.88568
38.56   25.9902   5.09806
38.58   28.6996   5.3572
38.6   32.2526   5.67914
38.62   37.094   6.09048
38.64   44.0808   6.63933
38.66   54.9078   7.40998
38.68   72.6358   8.52266
38.7   101.775   10.0883
38.72   146.731   12.1133
38.74   204.961   14.3164
38.76   247.615   15.7358
38.78   234.975   15.3289
38.8   182.564   13.5116
38.82   133.213   11.5418
38.84   100.514   10.0257
38.86   82.5192   9.08401
38.88   73.1231   8.5512
38.9   72.3664   8.50684
38.92   77.3438   8.79453
38.94   89.0678   9.43757
38.96   111.015   10.5364
38.98   149.029   12.2078
39   209.328   14.4682
39.02   289.986   17.029
39.04   356.573   18.8832
39.06   347.696   18.6466
39.08   277.673   16.6635
39.1   208.285   14.4321
39.12   162.116   12.7325
39.14   137.362   11.7202
39.16   127.679   11.2995
39.18   127.971   11.3124
39.2   135.491   11.6401
39.22   149.468   12.2257
39.24   170.581   13.0607
39.26   200.883   14.1733
39.28   244.418   15.6339
39.3   308.815   17.5731
39.32   408.197   20.2039
39.34   567.334   23.8188
39.36   824.37   28.7118
39.38   1219.13   34.916
39.4   1752.59   41.8639
39.42   2384.76   48.834
39.44   2950.48   54.3184
39.46   2947.28   54.2889
39.48   2298.46   47.9423
39.5   1559.61   39.4919
39.52   1016.08   31.8761
39.54   672.327   25.9293
39.56   466.712   21.6035
39.58   342.798   18.5148
39.6   263.875   16.2442
39.62   210.043   14.4929
39.64   172.98   13.1522
39.66   144.048   12.002
39.68   121.859   11.039
39.7   104.485   10.2218
39.72   90.6411   9.52056
39.74   79.4405   8.91294
39.76   75.2614   8.67533
39.78   67.7857   8.23321
39.8   61.5493   7.84534
39.82   56.304   7.5036
39.84   51.8609   7.20145
39.86   48.0749   6.93361
39.88   44.8328   6.69573
39.9   42.0454   6.48424
39.92   39.6418   6.29618
39.94   37.5652   6.12905
39.96   35.7695   5.98076
39.98   34.2172   5.84954
40   32.8776   5.7339
40.02   31.7256   5.63255
40.04   30.7403   5.5444
40.06   29.9046   5.46851
40.08   29.2042   5.40409
40.1   28.6274   5.35046
40.12   28.1646   5.30703
40.14   27.8079   5.27332
40.16   27.551   5.24891
40.18   27.3892   5.23347
40.2   27.3186   5.22672
40.22   29.0935   5.39384
40.24   29.0328   5.38821
40.26   29.281   5.41119
40.28   29.6179   5.44224
40.3   30.0452   5.48135
40.32   30.565   5.52856
40.34   31.1808   5.58397
40.36   31.8969   5.64774
40.38   32.719   5.72005
40.4   33.6537   5.80119
40.42   34.7094   5.89146
40.44   35.8955   5.99129
40.46   37.2237   6.10113
40.48   38.9283   6.23926
40.5   40.59   6.37103
40.52   42.1414   6.49164
40.54   44.2146   6.64941
40.56   46.5267   6.82105
40.58   49.1086   7.00776
40.6   51.9976   7.21094
40.62   55.2379   7.43222
40.64   58.8831   7.67353
40.66   62.9978   7.93712
40.68   67.6612   8.22564
40.7   72.9704   8.54227
40.72   79.0465   8.89081
40.74   86.0411   9.27583
40.76   94.1468   9.70293
40.78   103.611   10.179
40.8   114.757   10.7125
40.82   128.011   11.3142
40.84   143.951   11.998
40.86   163.01   12.7675
40.88   187.038   13.6762
40.9   218.137   14.7695
40.92   257.155   16.036
40.94   306.425   17.505
40.96   379.017   19.4684
40.98   486.784   22.0632
41   655.538   25.6035
41.02   923.371   30.387
41.04   1329.59   36.4635
41.06   1864.02   43.1744
41.08   2333.33   48.3046
41.1   2457.12   49.5693
41.12   2440.83   49.4048
41.14   2713.25   52.0889
41.16   3465.53   58.8688
41.18   4575.64   67.6435
41.2   5290.05   72.7327
41.22   4725.43   68.7418
41.24   3430.52   58.5706
41.26   2285.31   47.8049
41.28   1509.75   38.8554
41.3   1034.87   32.1694
41.32   752.263   27.4274
41.34   579.142   24.0654
41.36   466.502   21.5987
41.38   389.073   19.7249
41.4   334.145   18.2796
41.42   294.905   17.1728
41.44   267.423   16.3531
41.46   249.602   15.7988
41.48   239.939   15.49
41.5   238.409   15.4405
41.52   245.842   15.6793
41.54   264.596   16.2664
41.56   299.956   17.3192
41.58   363.099   19.0552
41.6   475.395   21.8036
41.62   670.634   25.8966
41.64   987.186   31.4195
41.66   1428.53   37.7959
41.68   1835.84   42.8467
41.7   1844.99   42.9533
41.72   1441.79   37.9709
41.74   991.836   31.4934
41.76   664.818   25.7841
41.78   461.044   21.4719
41.8   343.175   18.525
41.82   278.532   16.6893
41.84   248.134   15.7523
41.86   244.628   15.6406
41.88   266.016   16.31
41.9   304.508   17.4502
41.92   326.622   18.0727
41.94   294.102   17.1494
41.96   230.346   15.1771
41.98   174.488   13.2094
42   136.043   11.6637
42.02   111.835   10.5752
42.04   96.998   9.84876
42.06   87.8383   9.37221
42.08   82.1982   9.06632
42.1   79.0152   8.88905
42.12   77.8408   8.82274
42.14   78.5674   8.86382
42.16   81.3314   9.01839
42.18   86.524   9.30183
42.2   94.8971   9.74151
42.22   107.853   10.3852
42.24   128.156   11.3206
42.26   161.394   12.7041
42.28   218.051   14.7665
42.3   314.512   17.7345
42.32   469.098   21.6587
42.34   682.468   26.1241
42.36   875.321   29.5858
42.38   873.052   29.5474
42.4   677.419   26.0273
42.42   463.039   21.5183
42.44   307.68   17.5408
42.46   210.199   14.4982
42.48   152.209   12.3373
42.5   117.366   10.8336
42.52   95.2248   9.75832
42.54   80.2056   8.95576
42.56   67.877   8.23875
42.58   60.1066   7.75284
42.6   54.3699   7.37359
42.62   50.1494   7.08163
42.64   47.1175   6.86422
42.66   45.0717   6.71355
42.68   39.1307   6.25545
42.7   40.4866   6.36291
42.72   41.2237   6.42057
42.74   43.2686   6.57789
42.76   46.4634   6.81641
42.78   51.7883   7.19641
42.8   60.7184   7.7922
42.82   75.883   8.71108
42.84   101.028   10.0513
42.86   139.452   11.809
42.88   188.351   13.7241
42.9   220.283   14.8419
42.92   205.573   14.3378
42.94   164.848   12.8393
42.96   130.438   11.421
42.98   110.94   10.5328
43   104.789   10.2366
43.02   109.576   10.4679
43.04   125.121   11.1857
43.06   155.171   12.4568
43.08   208.904   14.4535
43.1   301.114   17.3526
43.12   447.487   21.1539
43.14   643.766   25.3725
43.16   805.594   28.383
43.18   778.499   27.9016
43.2   599.336   24.4813
43.22   421.363   20.5271
43.24   300.27   17.3283
43.26   234.448   15.3117
43.28   211.745   14.5515
43.3   225.859   15.0286
43.32   278.261   16.6812
43.34   371.088   19.2636
43.36   482.38   21.9631
43.38   529.462   23.01
43.4   450.28   21.2198
43.42   324.614   18.0171
43.44   222.679   14.9224
43.46   155.6   12.474
43.48   114.861   10.7173
43.5   90.4552   9.51079
43.52   75.2636   8.67546
43.54   65.2353   8.07684
43.56   58.3075   7.63593
43.58   53.4253   7.30926
43.6   50.0033   7.0713
43.62   47.6896   6.90577
43.64   46.2677   6.80204
43.66   45.6133   6.75376
43.68   45.6811   6.75878
43.7   46.5169   6.82033
43.72   48.2865   6.94885
43.74   51.2899   7.1617
43.76   55.8869   7.47575
43.78   62.1349   7.88257
43.8   68.6413   8.285
43.82   72.2616   8.50068
43.84   73.1391   8.55214
43.86   73.8889   8.59586
43.88   77.8901   8.82554
43.9   84.6548   9.2008
43.92   94.369   9.71437
43.94   107.495   10.368
43.96   124.991   11.1799
43.98   148.582   12.1894
44   181.398   13.4684
44.02   229.498   15.1492
44.04   304.85   17.46
44.06   429.104   20.7148
44.08   634.472   25.1887
44.1   953.601   30.8804
44.12   1373.25   37.0573
44.14   1708.92   41.3391
44.16   1673.19   40.9047
44.18   1374.79   37.0781
44.2   1089.85   33.0129
44.22   865.756   29.4237
44.24   705.836   26.5676
44.26   639.273   25.2839
44.28   683.052   26.1353
44.3   829.891   28.8078
44.32   1016.23   31.8783
44.34   1062.85   32.6013
44.36   882.58   29.7082
44.38   639.194   25.2823
44.4   451.058   21.2381
44.42   330.755   18.1867
44.44   260.533   16.141
44.46   221.858   14.8949
44.48   202.31   14.2236
44.5   195.519   13.9828
44.52   199.286   14.1169
44.54   214.421   14.6431
44.56   245.198   15.6588
44.58   301.246   17.3564
44.6   399.434   19.9858
44.62   562.053   23.7077
44.64   802.424   28.3271
44.66   1076.01   32.8026
44.68   1201.37   34.6608
44.7   1073.09   32.7581
44.72   880.87   29.6795
44.74   790.502   28.1159
44.76   851.079   29.1733
44.78   1064.58   32.6279
44.8   1360.95   36.891
44.82   1497.94   38.7032
44.84   1281.99   35.8048
44.86   919.953   30.3307
44.88   621.34   24.9267
44.9   423.389   20.5764
44.92   302.579   17.3948
44.94   229.896   15.1623
44.96   184.383   13.5788
44.98   153.995   12.4095
45   132.558   11.5134
45.02   116.905   10.8123
45.04   105.264   10.2598
45.06   96.5478   9.82587
45.08   90.046   9.48926
45.1   85.2826   9.23486
45.12   81.9342   9.05175
45.14   79.7823   8.93209
45.16   78.6838   8.87039
45.18   78.5531   8.86302
45.2   79.351   8.90792
45.22   81.0791   9.00439
45.24   83.7786   9.15306
45.26   87.532   9.35585
45.28   92.4693   9.61609
45.3   98.7631   9.93796
45.32   106.707   10.3299
45.34   116.647   10.8003
45.36   129.086   11.3616
45.38   144.725   12.0302
45.4   164.558   12.828
45.42   190.035   13.7853
45.44   223.336   14.9444
45.46   267.965   16.3696
45.48   330.056   18.1674
45.5   421.152   20.522
45.52   562.778   23.7229
45.54   791.021   28.1251
45.56   1155.87   33.998
45.58   1700.59   41.2382
45.6   2370.51   48.6878
45.62   2904.77   53.896
45.64   3223.66   56.7773
45.66   3536.06   59.4648
45.68   3560.32   59.6684
45.7   2925.33   54.0864
45.72   2053.6   45.3166
45.74   1362.44   36.9113
45.76   909.351   30.1554
45.78   632.456   25.1487
45.8   463.443   21.5277
45.82   356.786   18.8888
45.84   284.51   16.8674
45.86   232.639   15.2525
45.88   193.891   13.9245
45.9   164.129   12.8113
45.92   140.772   11.8647
45.94   122.108   11.0503
45.96   106.963   10.3423
45.98   94.5032   9.72128
46   84.1299   9.17224
46.02   75.4009   8.68337
46.04   68.8605   8.29822
46.06   62.5311   7.90766
46.08   57.0702   7.55448
46.1   52.326   7.23367
46.12   48.1787   6.94108
46.14   43.5364   6.59821
46.16   40.3409   6.35145
46.18   37.5056   6.12418
46.2   34.979   5.9143
46.22   32.7186   5.72002
46.24   30.6892   5.53978
46.26   28.8611   5.37225
46.28   25.8819   5.08743
46.3   24.4212   4.94178
46.32   23.0966   4.80589
46.34   21.8928   4.67897
46.36   20.7967   4.56034
46.38   19.797   4.44939
46.4   18.8841   4.4
46.42   18.0496   4.4
46.44   17.286   4.4
46.46   17.3075   4.4
46.48   16.6881   4.4
46.5   16.1239   4.4
46.52   15.6107   4.4
46.54   15.1449   4.4
46.56   14.7235   4.4
46.58   15.7303   4.4
46.6   15.4291   4.4
46.62   15.1671   4.4
46.64   14.9428   4.4
46.66   14.7552   4.4
46.68   14.6035   4.4
46.7   14.4871   4.4
46.72   14.4059   4.4
46.74   14.36   4.4
46.76   14.35   4.4
46.78   14.3767   4.4
46.8   14.4412   4.4
46.82   14.5454   4.4
46.84   14.6912   4.4
46.86   14.8816   4.4
46.88   15.1197   4.4
46.9   15.4699   4.4
46.92   15.8188   4.4
46.94   16.2311   4.4
46.96   16.7145   4.4
46.98   17.2787   4.4
47   17.9355   4.4
47.02   18.7003   4.4
47.04   19.5929   4.42638
47.06   20.6399   4.54311
47.08   20.2447   4.49941
47.1   21.7823   4.66716
47.12   23.6706   4.86524
47.14   23.216   4.8183
47.16   26.3765   5.13581
47.18   30.3791   5.51172
47.2   35.0015   5.9162
47.22   39.2291   6.26332
47.24   42.6657   6.5319
47.26   46.7202   6.83522
47.28   52.6354   7.25503
47.3   61.1272   7.81839
47.32   73.0647   8.54779
47.34   90.0606   9.49002
47.36   115.402   10.7426
47.38   155.736   12.4794
47.4   223.108   14.9368
47.42   335.198   18.3084
47.44   508.991   22.5608
47.46   733.154   27.0768
47.48   896.47   29.9411
47.5   835.6   28.9067
47.52   621.835   24.9366
47.54   420.968   20.5175
47.56   283.415   16.8349
47.58   200.181   14.1485
47.6   152.502   12.3492
47.62   125.455   11.2007
47.64   110.101   10.4929
47.66   101.93   10.096
47.68   98.8818   9.94393
47.7   100.136   10.0068
47.72   105.62   10.2772
47.74   115.942   10.7676
47.76   132.706   11.5198
47.78   159.379   12.6245
47.8   202.858   14.2428
47.82   275.012   16.5835
47.84   392.539   19.8126
47.86   566.404   23.7992
47.88   773.117   27.805
47.9   896.802   29.9466
47.92   852.996   29.2061
47.94   773.184   27.8062
47.96   795.476   28.2042
47.98   966.518   31.0889
48   1258.68   35.4779
48.02   1486.38   38.5536
48.04   1375.74   37.091
48.06   1021.73   31.9646
48.08   687.155   26.2136
48.1   454.852   21.3273
48.12   310.742   17.6279
48.14   224.399   14.98
48.16   171.376   13.0911
48.18   136.786   11.6955
48.2   112.856   10.6234
48.22   95.721   9.78371
48.24   83.4182   9.13336
48.26   75.036   8.66233
48.28   70.4552   8.39376
48.3   70.2511   8.38159
48.32   75.3574   8.68087
48.34   85.7595   9.26064
48.36   96.2856   9.81252
48.38   94.3416   9.71296
48.4   78.2158   8.84397
48.42   60.2436   7.76168
48.44   46.6636   6.83108
48.46   37.5884   6.13094
48.48   31.6824   5.62871
48.5   27.7467   5.26751
48.52   24.8966   4.98965
48.54   22.7225   4.76681
48.56   20.9936   4.58187
48.58   19.5841   4.4254
48.6   18.7397   4.4
48.62   17.7761   4.4
48.64   16.9716   4.4
48.66   16.3017   4.4
48.68   15.7427   4.4
48.7   15.2943   4.4
48.72   14.9416   4.4
48.74   14.6788   4.4
48.76   14.5028   4.4
48.78   14.4127   4.4
48.8   14.4099   4.4
48.82   14.4982   4.4
48.84   14.6837   4.4
48.86   14.9756   4.4
48.88   15.3866   4.4
48.9   15.9338   4.4
48.92   16.6399   4.4
48.94   18.6218   4.4
48.96   18.9361   4.4
48.98   20.3966   4.51626
49   22.2134   4.7131
49.02   24.487   4.94844
49.04   27.3587   5.23056
49.06   31.0305   5.5705
49.08   35.7994   5.98326
49.1   42.8596   6.54672
49.12   51.4872   7.17546
49.14   63.7241   7.98274
49.16   82.1581   9.06411
49.18   111.889   10.5778
49.2   161.904   12.7241
49.22   244.861   15.648
49.24   371.56   19.2759
49.26   527.938   22.9769
49.28   624.539   24.9908
49.3   561.424   23.6944
49.32   412.566   20.3117
49.34   282.318   16.8023
49.36   191.659   13.8441
49.38   132.869   11.5269
49.4   95.8497   9.79028
49.42   72.6899   8.52584
49.44   57.6991   7.59599
49.46   47.5459   6.89535
49.48   40.3877   6.35513
49.5   33.849   5.81799
49.52   31.284   5.59321
49.54   28.4463   5.33351
49.56   26.3262   5.1309
49.58   24.7613   4.97608
49.6   23.6414   4.86225
49.62   22.8915   4.7845
49.64   22.4618   4.73939
49.66   22.3223   4.72464
49.68   22.4589   4.73908
49.7   22.8725   4.78252
49.72   23.5799   4.85591
49.74   24.6158   4.96143
49.76   26.0397   5.10291
49.78   27.9484   5.28662
49.8   30.5028   5.52293
49.82   33.9867   5.82981
49.84   38.905   6.23738
49.86   46.0357   6.78496
49.88   56.6917   7.52939
49.9   72.0921   8.49071
49.92   92.2664   9.60554
49.94   113.737   10.6647
49.96   136.536   11.6848
49.98   173.281   13.1636
50   235.011   15.3301
50.02   313.529   17.7068
50.04   358.018   18.9214
50.06   318.639   17.8505
50.08   238.879   15.4557
50.1   171.908   13.1114
50.12   128.982   11.357
50.14   105.328   10.2629
50.16   94.3487   9.71333
50.18   91.3386   9.55712
50.2   94.2745   9.7095
50.22   101.594   10.0794
50.24   114.129   10.6831
50.26   133.509   11.5546
50.28   163.373   12.7817
50.3   211.262   14.5348
50.32   291.284   17.067
50.34   425.188   20.6201
50.36   636.572   25.2304
50.38   923.256   30.3851
50.4   1173.56   34.2573
50.42   1164.67   34.1273
50.44   925.695   30.4252
50.46   686.188   26.1952
50.48   546.33   23.3737
50.5   516.467   22.7259
50.52   588.337   24.2557
50.54   737.722   27.161
50.56   870.038   29.4964
50.58   827.302   28.7629
50.6   635.305   25.2053
50.62   443.771   21.0659
50.64   308.744   17.5711
50.66   225.122   15.0041
50.68   176.266   13.2765
50.7   148.234   12.1752
50.72   132.473   11.5097
50.74   124.086   11.1394
50.76   122.487   11.0674
50.78   126.686   11.2555
50.8   137.399   11.7217
50.82   156.791   12.5216
50.84   189.726   13.7741
50.86   246.324   15.6947
50.88   344.72   18.5666
50.9   510.897   22.603
50.92   767.795   27.7091
50.94   1089.7   33.0105
50.96   1296.73   36.0101
50.98   1170.53   34.2131
51   851.407   29.1789
51.02   565.854   23.7877
51.04   372.091   19.2897
51.06   253.583   15.9243
51.08   183.189   13.5347
51.1   140.062   11.8348
51.12   111.842   10.5755
51.14   92.1553   9.59976
51.16   77.793   8.82003
51.18   67.0112   8.18603
51.2   58.7555   7.66522
51.22   52.3265   7.2337
51.24   47.2539   6.87414
51.26   43.2509   6.57655
51.28   40.1256   6.33448
51.3   37.7358   6.14295
51.32   35.9833   5.99861
51.34   34.8096   5.89996
51.36   34.1924   5.84743
51.38   34.1462   5.84348
51.4   34.6926   5.89004
51.42   36.0226   6.00188
51.44   38.3168   6.19006
51.46   41.9743   6.47875
51.48   47.7039   6.9068
51.5   57.0766   7.55491
51.52   70.8881   8.41951
51.54   91.1989   9.54981
51.56   117.883   10.8574
51.58   148.252   12.1759
51.6   188.188   13.7182
51.62   253.8   15.9311
51.64   350.627   18.725
51.66   441.674   21.016
51.68   440.592   20.9903
51.7   345.053   18.5756
51.72   240.441   15.5061
51.74   166.157   12.8902
51.76   122.783   11.0807
51.78   102.866   10.1423
51.8   100.417   10.0208
51.82   111.861   10.5764
51.84   129.244   11.3686
51.86   133.74   11.5646
51.88   113.511   10.6542
51.9   84.1658   9.17419
51.92   61.7624   7.8589
51.94   47.1265   6.86487
51.96   38.4121   6.19775
51.98   33.6362   5.79967
52   31.6404   5.62498
52.02   32.0787   5.66381
52.04   34.7273   5.89299
52.06   41.9057   6.47346
52.08   52.8919   7.27268
52.1   63.4779   7.9673
52.12   63.6318   7.97695
52.14   52.4202   7.24018
52.16   39.7943   6.30827
52.18   30.6273   5.53419
52.2   24.9985   4.99985
52.22   23.5265   4.85041
52.24   22.0432   4.69502
52.26   21.577   4.6451
52.28   21.8751   4.67708
52.3   22.8845   4.78377
52.32   24.7357   4.9735
52.34   27.7813   5.2708
52.36   32.7902   5.72627
52.38   41.2483   6.42248
52.4   55.5547   7.4535
52.42   78.5666   8.86378
52.44   109.811   10.4791
52.46   141.981   11.9156
52.48   149.697   12.2351
52.5   126.748   11.2583
52.52   93.9882   9.69475
52.54   68.167   8.25633
52.56   51.2562   7.15934
52.58   41.6096   6.45055
52.6   36.5353   6.04444
52.62   34.1815   5.84649
52.64   33.5185   5.78952
52.66   34.0702   5.83697
52.68   35.6647   5.97199
52.7   38.3057   6.18916
52.72   42.1301   6.49077
52.74   47.4186   6.88612
52.76   54.6521   7.39271
52.78   65.116   8.06945
52.8   79.3632   8.9086
52.82   100.759   10.0379
52.84   135.079   11.6224
52.86   192.679   13.8809
52.88   288.54   16.9865
52.9   436.529   20.8933
52.92   624.731   24.9946
52.94   754.718   27.4721
52.96   693.903   26.342
52.98   512.41   22.6365
53   346.009   18.6013
53.02   232.937   15.2623
53.04   164.685   12.833
53.06   125.532   11.2041
53.08   103.347   10.166
53.1   90.9068   9.53451
53.12   84.7434   9.20562
53.14   83.5729   9.14182
53.16   87.1928   9.33771
53.18   98.2535   9.91229
53.2   120.407   10.973
53.22   160.029   12.6503
53.24   223.604   14.9534
53.26   308.014   17.5503
53.28   373.961   19.3381
53.3   357.463   18.9067
53.32   279.417   16.7158
53.34   204.674   14.3064
53.36   155.002   12.45
53.38   128.166   11.3211
53.4   117.929   10.8595
53.42   119.586   10.9355
53.44   130.257   11.413
53.46   145.976   12.0821
53.48   159.552   12.6314
53.5   171.066   13.0792
53.52   190.849   13.8148
53.54   228.922   15.1302
53.56   297.831   17.2578
53.58   419.305   20.4769
53.6   625.629   25.0126
53.62   948.178   30.7925
53.64   1365.39   36.9512
53.66   1670.72   40.8745
53.68   1559.96   39.4964
53.7   1159.78   34.0556
53.72   779.896   27.9266
53.74   516.961   22.7368
53.76   355.731   18.8608
53.78   261.547   16.1724
53.8   206.601   14.3736
53.82   173.973   13.1899
53.84   155.181   12.4572
53.86   146.671   12.1108
53.88   148.014   12.1661
53.9   161.518   12.709
53.92   193.585   13.9135
53.94   254.833   15.9635
53.96   357.104   18.8972
53.98   499.881   22.358
54   626.793   25.0358
54.02   620.223   24.9043
54.04   487.208   22.0728
54.06   345.499   18.5876
54.08   245.897   15.6811
54.1   187.814   13.7045
54.12   160.372   12.6638
54.14   155.858   12.4843
54.16   173.359   13.1666
54.18   218.474   14.7809
54.2   299.387   17.3028
54.22   413.901   20.3446
54.24   512.639   22.6415
54.26   498.496   22.327
54.28   382.978   19.5698
54.3   262.752   16.2096
54.32   176.58   13.2883
54.34   122.355   11.0614
54.36   89.6607   9.46893
54.38   69.5371   8.33889
54.4   56.3392   7.50595
54.42   46.3599   6.80881
54.44   39.5097   6.28567
54.46   34.2592   5.85314
54.48   30.1316   5.48923
54.5   26.8208   5.17888
54.52   24.1202   4.91123
54.54   21.8861   4.67825
54.56   20.0157   4.47389
54.58   18.4342   4.4
54.6   17.0861   4.4
54.62   15.9295   4.4
54.64   14.9323   4.4
54.66   14.0699   4.4
54.68   13.3232   4.4
54.7   12.6773   4.4
54.72   12.1208   4.4
54.74   11.6449   4.4
54.76   12.804   4.4
54.78   12.5327   4.4
54.8   12.3305   4.4
54.82   12.197   4.4
54.84   12.1336   4.4
54.86   12.1439   4.4
54.88   12.2342   4.4
54.9   12.4141   4.4
54.92   12.6975   4.4
54.94   13.1042   4.4
54.96   13.6271   4.4
54.98   14.3778   4.4
55   15.3791   4.4
55.02   16.7196   4.4
55.04   18.5371   4.4
55.06   22.0137   4.69188
55.08   25.6802   5.06756
55.1   31.2538   5.59051
55.12   39.9809   6.32304
55.14   53.3733   7.3057
55.16   77.1558   8.78384
55.18   111.487   10.5587
55.2   148.09   12.1692
55.22   160.194   12.6568
55.24   137.762   11.7372
55.26   108.845   10.4329
55.28   92.6866   9.62739
55.3   92.1532   9.59964
55.32   100.058   10.0029
55.34   100.516   10.0257
55.36   84.7747   9.20732
55.38   65.0649   8.06628
55.4   50.9338   7.13679
55.42   43.8335   6.62069
55.44   42.8042   6.54249
55.46   46.1081   6.79029
55.48   49.3528   7.02516
55.5   46.0074   6.78288
55.52   38.3614   6.19366
55.54   31.5868   5.62021
55.56   26.6855   5.1658
55.58   23.787   4.87719
55.6   22.2523   4.71723
55.62   21.5609   4.64337
55.64   21.3933   4.62528
55.66   22.023   4.69287
55.68   22.5017   4.7436
55.7   23.2206   4.81877
55.72   24.9113   4.99112
55.74   25.6459   5.06418
55.76   27.0836   5.20419
55.78   28.777   5.36442
55.8   30.7561   5.54582
55.82   33.0624   5.74999
55.84   35.7502   5.97915
55.86   38.891   6.23626
55.88   42.5775   6.52514
55.9   48.1394   6.93825
55.92   53.4458   7.31066
55.94   59.7096   7.7272
55.96   67.3117   8.20437
55.98   76.6583   8.75547
56   88.3239   9.39808
56.02   103.142   10.1559
56.04   122.361   11.0617
56.06   147.955   12.1637
56.08   183.326   13.5398
56.1   234.962   15.3285
56.12   315.788   17.7704
56.14   449.806   21.2086
56.16   674.135   25.9641
56.18   1029.49   32.0856
56.2   1514.11   38.9115
56.22   1941.35   44.0607
56.24   1921.85   43.8389
56.26   1483.37   38.5146
56.28   1015.57   31.868
56.3   682.843   26.1313
56.32   480.251   21.9146
56.34   367.594   19.1727
56.36   310.737   17.6277
56.38   290.589   17.0467
56.4   302.44   17.3908
56.42   353.568   18.8034
56.44   460.432   21.4577
56.46   638.897   25.2764
56.48   873.618   29.557
56.5   1038.17   32.2206
56.52   957.888   30.9498
56.54   719.325   26.8202
56.56   500.366   22.3689
56.58   352.75   18.7816
56.6   265.433   16.2921
56.62   219.706   14.8225
56.64   202.107   14.2164
56.66   207.781   14.4146
56.68   238.473   15.4426
56.7   298.396   17.2741
56.72   377.927   19.4403
56.74   428.324   20.696
56.76   392.899   19.8217
56.78   310.63   17.6247
56.8   240.824   15.5185
56.82   199.148   14.112
56.84   182.789   13.5199
56.86   187.672   13.6993
56.88   212.88   14.5904
56.9   259.376   16.1052
56.92   325.43   18.0397
56.94   411.981   20.2973
56.96   511.954   22.6264
56.98   562.591   23.719
57   515.187   22.6977
57.02   439.367   20.9611
57.04   403.838   20.0957
57.06   432.402   20.7943
57.08   538.036   23.1956
57.1   731.277   27.0421
57.12   981.982   31.3366
57.14   1185.61   34.4326
57.16   1227.17   35.0309
57.18   1063.5   32.6114
57.2   815.815   28.5625
57.22   629.048   25.0808
57.24   543.595   23.3151
57.26   561.158   23.6888
57.28   685.914   26.19
57.3   920.719   30.3433
57.32   1211.56   34.8075
57.34   1350.66   36.7513
57.36   1181.42   34.3718
57.38   887.778   29.7956
57.4   632.581   25.1512
57.42   442.92   21.0457
57.44   316.353   17.7863
57.46   237.601   15.4143
57.48   189.091   13.7511
57.5   158.768   12.6003
57.52   139.938   11.8295
57.54   129.524   11.3809
57.56   127.001   11.2695
57.58   133.985   11.5752
57.6   153.706   12.3978
57.62   188.947   13.7458
57.64   234.36   15.3088
57.66   260.543   16.1413
57.68   237.027   15.3957
57.7   188.748   13.7386
57.72   146.492   12.1034
57.74   121.487   11.0221
57.76   109.481   10.4633
57.78   107.272   10.3572
57.8   113.523   10.6547
57.82   129.618   11.385
57.84   159.655   12.6355
57.86   209.149   14.462
57.88   279.879   16.7296
57.9   353.642   18.8054
57.92   383.936   19.5943
57.94   372.281   19.2946
57.96   378.162   19.4464
57.98   432.423   20.7948
58   528.432   22.9877
58.02   636.893   25.2367
58.04   718.648   26.8076
58.06   691.004   26.287
58.08   576.648   24.0135
58.1   488.037   22.0916
58.12   473.806   21.7671
58.14   525.643   22.9269
58.16   578.255   24.0469
58.18   533.29   23.0931
58.2   410.541   20.2618
58.22   294.612   17.1643
58.24   215.111   14.6667
58.26   166.388   12.8992
58.28   138.713   11.7776
58.3   123.928   11.1323
58.32   117.18   10.825
58.34   116.172   10.7783
58.36   120.162   10.9618
58.38   129.345   11.373
58.4   144.974   12.0405
58.42   169.535   13.0206
58.44   207.892   14.4184
58.46   271.614   16.4807
58.48   380.251   19.5
58.5   564.154   23.7519
58.52   855.149   29.2429
58.54   1245.27   35.2883
58.56   1566.49   39.579
58.58   1511.27   38.875
58.6   1142.63   33.8028
58.62   768.537   27.7225
58.64   503.927   22.4483
58.66   340.398   18.4499
58.68   243.867   15.6162
58.7   186.332   13.6503
58.72   150.558   12.2702
58.74   127.774   11.3037
58.76   114.33   10.6925
58.78   109.28   10.4537
58.8   111.748   10.5711
58.82   123.444   11.1106
58.84   135.735   11.6505
58.86   131.832   11.4818
58.88   110.015   10.4888
58.9   86.61   9.30645
58.92   69.3222   8.326
58.94   58.1533   7.62583
58.96   51.3449   7.16554
58.98   47.2571   6.87438
59   44.877   6.69903
59.02   43.6637   6.60785
59.04   43.3717   6.58572
59.06   43.9131   6.6267
59.08   45.2948   6.73014
59.1   48.3244   6.95158
59.12   51.554   7.18011
59.14   56.3436   7.50624
59.16   62.9397   7.93345
59.18   72.0546   8.4885
59.2   84.9287   9.21568
59.22   103.914   10.1938
59.24   133.616   11.5592
59.26   182.44   13.507
59.28   264.203   16.2543
59.3   391.149   19.7775
59.32   562.338   23.7137
59.34   717.239   26.7813
59.36   748.079   27.351
59.38   636.438   25.2277
59.4   481.449   21.942
59.42   371.068   19.2631
59.44   327.103   18.086
59.46   346.015   18.6015
59.48   414.539   20.3602
59.5   485.853   22.0421
59.52   474.154   21.7751
59.54   378.836   19.4637
59.56   280.788   16.7567
59.58   215.375   14.6756
59.6   184.195   13.5718
59.62   183.731   13.5547
59.64   214.203   14.6357
59.66   281.184   16.7685
59.68   382.964   19.5695
59.7   480.676   21.9243
59.72   481.952   21.9534
59.74   379.589   19.4831
59.76   264.05   16.2496
59.78   179.099   13.3828
59.8   125.147   11.1869
59.82   92.6281   9.62435
59.84   72.8089   8.53282
59.86   60.0321   7.74804
59.88   51.2417   7.15833
59.9   44.8982   6.70061
59.92   40.1921   6.33972
59.94   36.6553   6.05436
59.96   33.9956   5.83057
59.98   32.1174   5.66722
60   30.7234   5.54287
60.02   29.8416   5.46275
60.04   27.9686   5.28854
60.06   28.2266   5.31287
60.08   29.2859   5.41164
60.1   31.5285   5.61502
60.12   35.4463   5.95368
60.14   41.2742   6.4245
60.16   47.6636   6.90388
60.18   50.2337   7.08758
60.2   47.2137   6.87122
60.22   43.0049   6.55781
60.24   40.5893   6.37097
60.26   40.3659   6.35342
60.28   42.064   6.48568
60.3   45.5104   6.74614
60.32   50.8549   7.13126
60.34   58.5168   7.64963
60.36   69.3506   8.3277
60.38   83.6222   9.14452
60.4   100.042   10.0021
60.42   117.587   10.8437
60.44   142.347   11.9309
60.46   185.751   13.629
60.48   261.882   16.1828
60.5   386.46   19.6586
60.52   564.749   23.7645
60.54   746.261   27.3178
60.56   787.815   28.0681
60.58   652.241   25.539
60.6   484.117   22.0027
60.62   369.416   19.2202
60.64   319.723   17.8808
60.66   332.056   18.2224
60.68   410.068   20.2501
60.7   563.501   23.7382
60.72   784.091   28.0016
60.74   973.08   31.1942
60.76   942.897   30.7066
60.78   719.945   26.8318
60.8   489.869   22.133
60.82   326.348   18.0651
60.84   224.039   14.9679
60.86   163.576   12.7897
60.88   127.328   11.284
60.9   104.619   10.2283
60.92   89.8146   9.47706
60.94   80.1801   8.95434
60.96   74.4061   8.6259
60.98   72.3503   8.5059
61   72.9748   8.54253
61.02   77.9078   8.82654
61.04   88.8128   9.42405
61.06   109.756   10.4765
61.08   148.003   12.1657
61.1   212.191   14.5668
61.12   308.521   17.5648
61.14   414.864   20.3682
61.16   453.712   21.3005
61.18   380.039   19.4946
61.2   269.118   16.4048
61.22   181.552   13.4741
61.24   124.947   11.1779
61.26   91.4487   9.56288
61.28   72.4183   8.50989
61.3   62.0923   7.87987
61.32   57.8067   7.60307
61.34   59.204   7.69441
61.36   67.3036   8.20388
61.38   83.0904   9.11539
61.4   103.484   10.1727
61.42   113.755   10.6656
61.44   100.1   10.005
61.46   75.3079   8.67801
61.48   54.295   7.36851
61.5   40.0934   6.33193
61.52   31.2343   5.58877
61.54   25.7571   5.07515
61.56   22.2156   4.71335
61.58   19.7674   4.44606
61.6   17.9775   4.4
61.62   16.6217   4.4
61.64   15.5517   4.4
61.66   14.7358   4.4
61.68   14.0977   4.4
61.7   13.6029   4.4
61.72   13.2267   4.4
61.74   12.9516   4.4
61.76   12.7654   4.4
61.78   12.6595   4.4
61.8   12.6283   4.4
61.82   12.6686   4.4
61.84   12.779   4.4
61.86   12.96   4.4
61.88   13.1967   4.4
61.9   13.5275   4.4
61.92   13.9408   4.4
61.94   14.4441   4.4
61.96   15.0479   4.4
61.98   15.7654   4.4
62   16.6134   4.4
62.02   17.6138   4.4
62.04   18.1029   4.4
62.06   19.5187   4.418
62.08   21.1989   4.60423
62.1   23.2082   4.81749
62.12   25.636   5.0632
62.14   28.7143   5.35857
62.16   32.4364   5.6953
62.18   37.2356   6.1021
62.2   43.7012   6.61069
62.22   52.8349   7.26876
62.24   65.2274   8.07635
62.26   84.2518   9.17888
62.28   109.078   10.4441
62.3   133.843   11.569
62.32   149.967   12.2461
62.34   166.182   12.8912
62.36   201.505   14.1952
62.38   271.279   16.4705
62.4   387.143   19.676
62.42   543.949   23.3227
62.44   677.731   26.0333
62.46   694.506   26.3535
62.48   642.89   25.3553
62.5   623.048   24.9609
62.52   636.041   25.2199
62.54   660.55   25.7012
62.56   726.833   26.9598
62.58   800.819   28.2988
62.6   750.193   27.3896
62.62   571.565   23.9074
62.64   391.366   19.783
62.66   262.286   16.1953
62.68   180.467   13.4338
62.7   130.571   11.4268
62.72   99.5175   9.97585
62.74   79.0047   8.88846
62.76   65.0025   8.06241
62.78   54.3245   7.37052
62.8   46.1659   6.79455
62.82   39.7831   6.30739
62.84   34.6948   5.89023
62.86   30.5738   5.52936
62.88   27.1017   5.20593
62.9   24.2951   4.929
62.92   22.0242   4.693
62.94   20.2855   4.50394
62.96   18.6015   4.4
62.98   17.163   4.4
63   15.9318   4.4
63.02   14.8805   4.4
63.04   13.9929   4.4
63.06   13.2633   4.4
63.08   12.6927   4.4
63.1   12.2717   4.4
63.12   11.9279   4.4
63.14   11.4946   4.4
63.16   10.9427   4.4
63.18   10.4262   4.4
63.2   10.0239   4.4
63.22   9.73722   4.4
63.24   9.55041   4.4
63.26   9.45064   4.4
63.28   9.65237   4.4
63.3   9.72548   4.4
63.32   9.89301   4.4
63.34   10.1715   4.4
63.36   10.5866   4.4
63.38   11.1767   4.4
63.4   12.0001   4.4
63.42   13.1487   4.4
63.44   14.7779   4.4
63.46   17.178   4.4
63.48   20.9279   4.5747
63.5   27.1373   5.20934
63.52   37.6306   6.13438
63.54   54.6726   7.39409
63.56   79.2742   8.90361
63.58   105.081   10.2509
63.6   112.024   10.5841
63.62   92.2654   9.60549
63.64   65.7393   8.10798
63.66   45.4133   6.73894
63.68   32.5836   5.7082
63.7   24.9926   4.99926
63.72   20.6344   4.54251
63.74   18.086   4.4
63.76   16.5663   4.4
63.78   15.6327   4.4
63.8   15.2052   4.4
63.82   15.4244   4.4
63.84   15.6506   4.4
63.86   16.1517   4.4
63.88   16.9286   4.4
63.9   17.879   4.4
63.92   19.1628   4.4
63.94   21.0061   4.58324
63.96   23.3606   4.83328
63.98   26.1341   5.11216
64   30.0501   5.4818
64.02   35.2073   5.93358
64.04   42.1776   6.49443
64.06   51.9891   7.21035
64.08   66.0369   8.12631
64.1   89.5244   9.46173
64.12   128.685   11.3439
64.14   193.006   13.8926
64.16   290.054   17.031
64.18   407.156   20.1781
64.2   473.864   21.7684
64.22   421.572   20.5322
64.24   312.269   17.6711
64.26   221.57   14.8852
64.28   166.892   12.9187
64.3   144.181   12.0076
64.32   148.819   12.1991
64.34   180.739   13.4439
64.36   241.005   15.5243
64.38   317.943   17.8309
64.4   366.421   19.1421
64.42   335.834   18.3258
64.44   252.551   15.8918
64.46   174.633   13.2149
64.48   120.996   10.9998
64.5   88.3312   9.39847
64.52   69.5819   8.34157
64.54   59.1975   7.69399
64.56   53.966   7.34615
64.58   52.5335   7.248
64.6   54.9039   7.40972
64.62   62.8394   7.92713
64.64   78.4421   8.85675
64.66   106.486   10.3192
64.68   150.681   12.2752
64.7   205.676   14.3414
64.72   238.798   15.4531
64.74   214.038   14.63
64.76   158.397   12.5856
64.78   109.867   10.4817
64.8   77.4218   8.79897
64.82   57.9719   7.61393
64.84   46.871   6.84624
64.86   40.6363   6.37466
64.88   37.2721   6.10509
64.9   35.9421   5.99517
64.92   36.1652   6.01375
64.94   38.4506   6.20085
64.96   42.8821   6.54844
64.98   50.7345   7.12282
65   63.1611   7.9474
65.02   80.0403   8.94652
65.04   96.7424   9.83577
65.06   108.693   10.4256
65.08   123.215   11.1002
65.1   144.657   12.0273
65.12   159.32   12.6222
65.14   153.018   12.3701
65.16   141.844   11.9098
65.18   146.252   12.0935
65.2   175.678   13.2544
65.22   233.687   15.2868
65.24   310.298   17.6153
65.26   358.875   18.944
65.28   335.532   18.3175
65.3   284.964   16.8809
65.32   262.409   16.199
65.34   281.661   16.7827
65.36   324.205   18.0057
65.38   333.187   18.2534
65.4   276.625   16.6321
65.42   201.043   14.179
65.44   142.531   11.9386
65.46   105.2   10.2567
65.48   84.2593   9.17929
65.5   72.8835   8.53718
65.52   68.0476   8.2491
65.54   68.3115   8.26508
65.56   74.0445   8.60491
65.58   87.0091   9.32787
65.6   109.524   10.4654
65.62   141.634   11.901
65.64   172.633   13.139
65.66   179.67   13.4041
65.68   166.982   12.9222
65.7   161.194   12.6962
65.72   179.107   13.3831
65.74   230.905   15.1956
65.76   324.824   18.0229
65.78   455.18   21.3349
65.8   561.87   23.7038
65.82   540.637   23.2516
65.84   415.604   20.3864
65.86   290.577   17.0463
65.88   204.012   14.2833
65.9   153.746   12.3994
65.92   129.035   11.3594
65.94   122.054   11.0478
65.96   130.654   11.4304
65.98   158.31   12.5821
66   212.175   14.5662
66.02   298.413   17.2746
66.04   403.459   20.0863
66.06   459.168   21.4282
66.08   402.392   20.0597
66.1   293.52   17.1324
66.12   201.865   14.2079
66.14   141.553   11.8976
66.16   105.98   10.2947
66.18   86.1418   9.28126
66.2   76.2118   8.72994
66.22   72.8002   8.5323
66.24   75.1731   8.67024
66.26   84.5307   9.19406
66.28   103.749   10.1857
66.3   136.701   11.6919
66.32   184.426   13.5804
66.34   236.852   15.39
66.36   283.515   16.8379
66.38   323.246   17.979
66.4   320.667   17.9072
66.42   257.618   16.0505
66.44   182   13.4908
66.46   125.063   11.1831
66.48   88.6488   9.41535
66.5   66.7519   8.17018
66.52   53.7162   7.32914
66.54   45.6736   6.75823
66.56   40.5164   6.36525
66.58   37.0883   6.09002
66.6   35.0564   5.92084
66.62   34.0412   5.83448
66.64   33.9043   5.82274
66.66   34.6022   5.88236
66.68   36.1722   6.01433
66.7   38.7359   6.22381
66.72   42.2302   6.49848
66.74   47.6262   6.90117
66.76   55.2675   7.43421
66.78   67.3583   8.20721
66.8   84.0823   9.16964
66.82   110.96   10.5338
66.84   155.909   12.4864
66.86   231.634   15.2195
66.88   349.963   18.7073
66.9   504.939   22.4709
66.92   623.635   24.9727
66.94   589.347   24.2765
66.96   442.493   21.0355
66.98   300.847   17.3449
67   203.157   14.2533
67.02   144.171   12.0071
67.04   111.014   10.5363
67.06   93.2593   9.65709
67.08   85.205   9.23066
67.1   83.9771   9.1639
67.12   90.0665   9.49033
67.14   106.105   10.3007
67.16   137.622   11.7312
67.18   191.009   13.8206
67.2   267.71   16.3618
67.22   348.396   18.6654
67.24   380.677   19.5109
67.26   328.59   18.127
67.28   244.36   15.632
67.3   179.984   13.4158
67.32   145.957   12.0813
67.34   137.389   11.7213
67.36   144.042   12.0017
67.38   149.568   12.2298
67.4   148.896   12.2023
67.42   153.295   12.3813
67.44   158.755   12.5998
67.46   144.08   12.0033
67.48   111.429   10.556
67.5   80.7079   8.98376
67.52   58.937   7.67705
67.54   45.2389   6.72598
67.56   36.8531   6.07067
67.58   31.7111   5.63126
67.6   28.5477   5.34301
67.62   26.675   5.16478
67.64   25.8814   5.08738
67.66   25.9354   5.09268
67.68   26.1419   5.11292
67.7   25.3839   5.03824
67.72   23.8357   4.88218
67.74   22.5098   4.74445
67.76   21.9156   4.68141
67.78   21.7351   4.66209
67.8   21.9043   4.6802
67.82   22.527   4.74626
67.84   23.4721   4.8448
67.86   24.485   4.94823
67.88   26.1174   5.11051
67.9   28.1615   5.30674
67.92   30.7003   5.54078
67.94   33.8506   5.81813
67.96   37.7763   6.14624
67.98   42.7082   6.53515
68   48.9777   6.99841
68.02   57.0706   7.55451
68.04   67.725   8.22952
68.06   82.1294   9.06253
68.08   102.385   10.1185
68.1   132.575   11.5141
68.12   180.801   13.4462
68.14   261.641   16.1753
68.16   396.383   19.9094
68.18   605.265   24.6021
68.2   873.729   29.5589
68.22   1066.22   32.653
68.24   988.448   31.4396
68.26   730.25   27.0231
68.28   489.387   22.1221
68.3   324.524   18.0145
68.32   224.599   14.9866
68.34   167.224   12.9315
68.36   134.834   11.6118
68.38   117.475   10.8386
68.4   109.801   10.4786
68.42   112.52   10.6076
68.44   126.847   11.2626
68.46   155.515   12.4706
68.48   198.134   14.076
68.5   250.264   15.8197
68.52   301.399   17.3608
68.54   312.59   17.6802
68.56   269.045   16.4026
68.58   219.343   14.8102
68.6   196.753   14.0269
68.62   205.385   14.3313
68.64   230.047   15.1673
68.66   231.847   15.2265
68.68   191.882   13.8522
68.7   141.092   11.8782
68.72   102.563   10.1273
68.74   78.0381   8.83392
68.76   64.1644   8.01027
68.78   56.7113   7.53069
68.8   53.5884   7.32041
68.82   53.7377   7.3306
68.84   57.1522   7.55991
68.86   64.918   8.05717
68.88   79.6283   8.92347
68.9   105.98   10.2946
68.92   150.321   12.2605
68.94   216.974   14.7301
68.96   294.612   17.1643
68.98   333.95   18.2743
69   302.293   17.3866
69.02   244.979   15.6518
69.04   198.387   14.085
69.06   166.346   12.8975
69.08   138.751   11.7793
69.1   114.515   10.7011
69.12   101.894   10.0943
69.14   104.795   10.237
69.16   123.607   11.1179
69.18   152.53   12.3503
69.2   168.483   12.9801
69.22   148.283   12.1771
69.24   109.945   10.4855
69.26   77.0943   8.78033
69.28   54.8911   7.40886
69.3   41.1383   6.41392
69.32   32.7679   5.72432
69.34   27.4916   5.24324
69.36   23.9686   4.89577
69.38   21.5069   4.63756
69.4   19.755   4.44466
69.42   18.5214   4.4
69.44   17.695   4.4
69.46   17.2111   4.4
69.48   17.0368   4.4
69.5   17.165   4.4
69.52   17.6122   4.4
69.54   18.422   4.4
69.56   19.6733   4.43546
69.58   21.499   4.6367
69.6   24.1279   4.91201
69.62   27.9804   5.28965
69.64   33.8581   5.81877
69.66   43.2126   6.57363
69.68   58.3313   7.63749
69.7   81.0436   9.00242
69.72   114.734   10.7114
69.74   151.431   12.3057
69.76   176.67   13.2917
69.78   196.493   14.0176
69.8   222.323   14.9105
69.82   229.674   15.155
69.84   192.537   13.8758
69.86   138.412   11.7649
69.88   95.186   9.75633
69.9   67.1341   8.19354
69.92   50.526   7.10816
69.94   41.141   6.41412
69.96   35.9907   5.99923
69.98   33.5279   5.79033
70   32.7628   5.72388
