1.54056
5   0   4.4
5.02   0   4.4
5.04   0   4.4
5.06   0   4.4
5.08   0   4.4
5.1   0   4.4
5.12   0   4.4
5.14   0   4.4
5.16   0   4.4
5.18   0   4.4
5.2   0   4.4
5.22   0   4.4
5.24   0   4.4
5.26   0   4.4
5.28   0   4.4
5.3   0   4.4
5.32   0   4.4
5.34   0   4.4
5.36   0   4.4
5.38   0   4.4
5.4   0   4.4
5.42   0   4.4
5.44   0   4.4
5.46   0   4.4
5.48   0   4.4
5.5   0   4.4
5.52   0   4.4
5.54   0   4.4
5.56   0   4.4
5.58   0   4.4
5.6   0   4.4
5.62   0   4.4
5.64   0   4.4
5.66   0   4.4
5.68   0   4.4
5.7   0   4.4
5.72   0   4.4
5.74   0   4.4
5.76   0   4.4
5.78   0   4.4
5.8   0   4.4
5.82   0   4.4
5.84   0   4.4
5.86   0   4.4
5.88   0   4.4
5.9   0   4.4
5.92   0   4.4
5.94   0   4.4
5.96   0   4.4
5.98   0   4.4
6   0   4.4
6.02   0   4.4
6.04   0   4.4
6.06   0   4.4
6.08   0   4.4
6.1   0   4.4
6.12   0   4.4
6.14   0   4.4
6.16   0   4.4
6.18   0   4.4
6.2   0   4.4
6.22   0   4.4
6.24   0   4.4
6.26   0   4.4
6.28   0   4.4
6.3   0   4.4
6.32   0   4.4
6.34   0   4.4
6.36   0   4.4
6.38   0   4.4
6.4   0   4.4
6.42   0   4.4
6.44   0   4.4
6.46   0   4.4
6.48   0   4.4
6.5   0   4.4
6.52   0   4.4
6.54   0   4.4
6.56   0   4.4
6.58   0   4.4
6.6   0   4.4
6.62   0   4.4
6.64   0   4.4
6.66   0   4.4
6.68   0   4.4
6.7   0   4.4
6.72   0   4.4
6.74   0   4.4
6.76   0   4.4
6.78   0   4.4
6.8   0   4.4
6.82   0   4.4
6.84   0   4.4
6.86   0   4.4
6.88   0   4.4
6.9   0   4.4
6.92   0   4.4
6.94   0   4.4
6.96   0   4.4
6.98   0   4.4
7   0   4.4
7.02   0   4.4
7.04   0   4.4
7.06   0   4.4
7.08   0   4.4
7.1   0   4.4
7.12   0   4.4
7.14   0   4.4
7.16   0   4.4
7.18   0   4.4
7.2   0   4.4
7.22   0   4.4
7.24   0   4.4
7.26   0   4.4
7.28   0   4.4
7.3   0   4.4
7.32   0   4.4
7.34   0   4.4
7.36   0   4.4
7.38   0   4.4
7.4   0   4.4
7.42   0   4.4
7.44   0   4.4
7.46   0   4.4
7.48   0   4.4
7.5   0   4.4
7.52   0   4.4
7.54   0   4.4
7.56   0   4.4
7.58   0   4.4
7.6   0   4.4
7.62   0   4.4
7.64   0   4.4
7.66   0   4.4
7.68   0   4.4
7.7   0   4.4
7.72   0   4.4
7.74   0   4.4
7.76   0   4.4
7.78   0   4.4
7.8   0   4.4
7.82   0   4.4
7.84   0   4.4
7.86   0   4.4
7.88   0   4.4
7.9   0   4.4
7.92   0   4.4
7.94   0   4.4
7.96   0   4.4
7.98   0   4.4
8   0   4.4
8.02   0   4.4
8.04   0   4.4
8.06   0   4.4
8.08   0   4.4
8.1   0   4.4
8.12   0   4.4
8.14   0   4.4
8.16   0   4.4
8.18   0   4.4
8.2   0   4.4
8.22   0   4.4
8.24   0   4.4
8.26   0   4.4
8.28   0   4.4
8.3   0   4.4
8.32   0   4.4
8.34   0   4.4
8.36   0   4.4
8.38   0   4.4
8.4   0   4.4
8.42   0   4.4
8.44   0   4.4
8.46   0   4.4
8.48   0   4.4
8.5   0   4.4
8.52   0   4.4
8.54   0   4.4
8.56   0   4.4
8.58   0   4.4
8.6   0   4.4
8.62   0   4.4
8.64   0   4.4
8.66   0   4.4
8.68   0   4.4
8.7   0   4.4
8.72   0   4.4
8.74   0   4.4
8.76   0   4.4
8.78   0   4.4
8.8   0   4.4
8.82   0   4.4
8.84   0   4.4
8.86   0   4.4
8.88   0   4.4
8.9   0   4.4
8.92   0   4.4
8.94   0   4.4
8.96   0   4.4
8.98   0   4.4
9   0   4.4
9.02   0   4.4
9.04   0   4.4
9.06   0   4.4
9.08   0   4.4
9.1   0   4.4
9.12   0   4.4
9.14   0   4.4
9.16   0   4.4
9.18   0   4.4
9.2   0   4.4
9.22   0   4.4
9.24   0   4.4
9.26   0   4.4
9.28   0   4.4
9.3   0   4.4
9.32   0   4.4
9.34   0   4.4
9.36   0   4.4
9.38   0   4.4
9.4   0   4.4
9.42   0   4.4
9.44   0   4.4
9.46   0   4.4
9.48   0   4.4
9.5   0   4.4
9.52   0   4.4
9.54   0   4.4
9.56   0   4.4
9.58   0   4.4
9.6   0   4.4
9.62   0   4.4
9.64   0   4.4
9.66   0   4.4
9.68   0   4.4
9.7   0   4.4
9.72   0   4.4
9.74   0   4.4
9.76   0   4.4
9.78   0   4.4
9.8   0   4.4
9.82   0   4.4
9.84   0   4.4
9.86   0   4.4
9.88   0   4.4
9.9   0   4.4
9.92   0   4.4
9.94   0   4.4
9.96   0   4.4
9.98   0   4.4
10   0   4.4
10.02   0   4.4
10.04   0   4.4
10.06   0   4.4
10.08   0   4.4
10.1   0   4.4
10.12   0   4.4
10.14   0   4.4
10.16   0   4.4
10.18   0   4.4
10.2   0   4.4
10.22   0   4.4
10.24   0   4.4
10.26   0   4.4
10.28   0   4.4
10.3   0   4.4
10.32   0   4.4
10.34   0   4.4
10.36   0   4.4
10.38   0   4.4
10.4   0   4.4
10.42   0   4.4
10.44   0   4.4
10.46   0   4.4
10.48   0   4.4
10.5   0   4.4
10.52   0   4.4
10.54   0   4.4
10.56   0   4.4
10.58   0   4.4
10.6   0   4.4
10.62   0   4.4
10.64   0   4.4
10.66   0   4.4
10.68   0   4.4
10.7   0   4.4
10.72   0   4.4
10.74   0   4.4
10.76   0   4.4
10.78   0   4.4
10.8   0   4.4
10.82   0   4.4
10.84   0   4.4
10.86   0   4.4
10.88   0   4.4
10.9   0   4.4
10.92   0   4.4
10.94   0   4.4
10.96   0   4.4
10.98   0   4.4
11   0   4.4
11.02   0   4.4
11.04   0   4.4
11.06   0   4.4
11.08   0   4.4
11.1   0   4.4
11.12   0   4.4
11.14   0   4.4
11.16   0   4.4
11.18   0   4.4
11.2   0   4.4
11.22   0   4.4
11.24   0   4.4
11.26   0   4.4
11.28   0   4.4
11.3   0   4.4
11.32   0   4.4
11.34   0   4.4
11.36   0   4.4
11.38   0   4.4
11.4   0   4.4
11.42   0   4.4
11.44   0   4.4
11.46   0   4.4
11.48   0   4.4
11.5   0   4.4
11.52   0   4.4
11.54   0   4.4
11.56   0   4.4
11.58   0   4.4
11.6   0   4.4
11.62   0   4.4
11.64   0   4.4
11.66   0   4.4
11.68   0   4.4
11.7   0   4.4
11.72   0   4.4
11.74   0   4.4
11.76   0   4.4
11.78   0   4.4
11.8   0   4.4
11.82   0   4.4
11.84   0   4.4
11.86   0   4.4
11.88   0   4.4
11.9   0   4.4
11.92   0   4.4
11.94   0   4.4
11.96   0   4.4
11.98   0   4.4
12   0   4.4
12.02   0   4.4
12.04   0   4.4
12.06   0   4.4
12.08   0   4.4
12.1   0   4.4
12.12   0   4.4
12.14   0   4.4
12.16   0   4.4
12.18   0   4.4
12.2   0   4.4
12.22   0   4.4
12.24   0   4.4
12.26   0   4.4
12.28   0   4.4
12.3   0   4.4
12.32   0   4.4
12.34   0   4.4
12.36   0   4.4
12.38   0   4.4
12.4   0   4.4
12.42   0   4.4
12.44   0   4.4
12.46   0   4.4
12.48   0   4.4
12.5   0   4.4
12.52   0   4.4
12.54   0   4.4
12.56   0   4.4
12.58   0   4.4
12.6   0   4.4
12.62   0   4.4
12.64   0   4.4
12.66   0   4.4
12.68   0   4.4
12.7   0   4.4
12.72   0   4.4
12.74   0   4.4
12.76   0   4.4
12.78   0   4.4
12.8   0   4.4
12.82   0   4.4
12.84   0   4.4
12.86   0   4.4
12.88   0   4.4
12.9   0   4.4
12.92   0   4.4
12.94   0   4.4
12.96   0   4.4
12.98   0   4.4
13   0   4.4
13.02   0   4.4
13.04   0   4.4
13.06   0   4.4
13.08   0   4.4
13.1   0   4.4
13.12   0   4.4
13.14   0   4.4
13.16   0   4.4
13.18   0   4.4
13.2   0   4.4
13.22   0   4.4
13.24   0   4.4
13.26   0   4.4
13.28   0   4.4
13.3   0   4.4
13.32   0   4.4
13.34   0   4.4
13.36   0   4.4
13.38   0   4.4
13.4   0   4.4
13.42   0   4.4
13.44   0   4.4
13.46   0   4.4
13.48   0   4.4
13.5   0   4.4
13.52   0   4.4
13.54   0   4.4
13.56   0   4.4
13.58   0   4.4
13.6   0   4.4
13.62   0   4.4
13.64   0   4.4
13.66   0   4.4
13.68   0   4.4
13.7   0   4.4
13.72   0   4.4
13.74   0   4.4
13.76   0   4.4
13.78   0   4.4
13.8   0   4.4
13.82   0   4.4
13.84   0   4.4
13.86   0   4.4
13.88   0   4.4
13.9   0   4.4
13.92   0   4.4
13.94   0   4.4
13.96   0   4.4
13.98   0   4.4
14   0   4.4
14.02   0   4.4
14.04   0   4.4
14.06   0   4.4
14.08   0   4.4
14.1   0   4.4
14.12   0   4.4
14.14   0   4.4
14.16   0   4.4
14.18   0   4.4
14.2   0   4.4
14.22   0   4.4
14.24   0   4.4
14.26   0   4.4
14.28   0   4.4
14.3   0   4.4
14.32   0   4.4
14.34   0   4.4
14.36   0   4.4
14.38   0   4.4
14.4   0   4.4
14.42   0   4.4
14.44   0   4.4
14.46   0   4.4
14.48   0   4.4
14.5   0   4.4
14.52   0   4.4
14.54   0   4.4
14.56   0   4.4
14.58   0   4.4
14.6   0   4.4
14.62   0   4.4
14.64   0   4.4
14.66   0.0402665   4.4
14.68   0.0413948   4.4
14.7   0.0425711   4.4
14.72   0.0440398   4.4
14.74   0.0453276   4.4
14.76   0.0466726   4.4
14.78   0.0480785   4.4
14.8   0.0495487   4.4
14.82   0.0510874   4.4
14.84   0.0526989   4.4
14.86   0.0543879   4.4
14.88   0.0561593   4.4
14.9   0.0580186   4.4
14.92   0.0599717   4.4
14.94   0.0620251   4.4
14.96   0.0641857   4.4
14.98   0.0664612   4.4
15   0.0688597   4.4
15.02   0.0713904   4.4
15.04   0.0740631   4.4
15.06   0.0768887   4.4
15.08   0.0798789   4.4
15.1   0.0830469   4.4
15.12   0.086407   4.4
15.14   0.089975   4.4
15.16   0.0937685   4.4
15.18   0.0978068   4.4
15.2   0.102111   4.4
15.22   0.106706   4.4
15.24   0.111618   4.4
15.26   0.116877   4.4
15.28   0.122516   4.4
15.3   0.128572   4.4
15.32   0.135088   4.4
15.34   0.142112   4.4
15.36   0.149697   4.4
15.38   0.157905   4.4
15.4   0.166806   4.4
15.42   0.17648   4.4
15.44   0.187019   4.4
15.46   0.198529   4.4
15.48   0.211133   4.4
15.5   0.224974   4.4
15.52   0.240219   4.4
15.54   0.257064   4.4
15.56   0.275739   4.4
15.58   0.296519   4.4
15.6   0.319733   4.4
15.62   0.345773   4.4
15.64   0.375117   4.4
15.66   0.408345   4.4
15.68   0.44617   4.4
15.7   0.489479   4.4
15.72   0.539377   4.4
15.74   0.597265   4.4
15.76   0.664929   4.4
15.78   0.744686   4.4
15.8   0.839571   4.4
15.82   0.953624   4.4
15.84   1.09231   4.4
15.86   1.26318   4.4
15.88   1.47683   4.4
15.9   1.74853   4.4
15.92   2.10096   4.4
15.94   2.5693   4.4
15.96   3.21233   4.4
15.98   4.13899   4.4
16   5.56583   4.4
16.02   7.91026   4.4
16.04   11.8665   4.4
16.06   18.3159   4.4
16.08   27.7217   5.26514
16.1   37.8886   6.15537
16.12   41.1991   6.41866
16.14   33.9375   5.82559
16.16   23.5642   4.8543
16.18   15.4255   4.4
16.2   10.1126   4.4
16.22   6.88809   4.4
16.24   4.95584   4.4
16.26   3.74875   4.4
16.28   2.94349   4.4
16.3   2.37412   4.4
16.32   1.95449   4.4
16.34   1.63596   4.4
16.36   1.38859   4.4
16.38   1.19283   4.4
16.4   1.03537   4.4
16.42   0.906917   4.4
16.44   0.800805   4.4
16.46   0.712172   4.4
16.48   0.637399   4.4
16.5   0.573756   4.4
16.52   0.519147   4.4
16.54   0.471948   4.4
16.56   0.430881   4.4
16.58   0.394932   4.4
16.6   0.363287   4.4
16.62   0.335287   4.4
16.64   0.310395   4.4
16.66   0.288169   4.4
16.68   0.268242   4.4
16.7   0.250308   4.4
16.72   0.23411   4.4
16.74   0.219432   4.4
16.76   0.20609   4.4
16.78   0.193927   4.4
16.8   0.182808   4.4
16.82   0.172617   4.4
16.84   0.163254   4.4
16.86   0.154631   4.4
16.88   0.146673   4.4
16.9   0.139313   4.4
16.92   0.132493   4.4
16.94   0.126161   4.4
16.96   0.120272   4.4
16.98   0.114786   4.4
17   0.109666   4.4
17.02   0.104881   4.4
17.04   0.100402   4.4
17.06   0.0962036   4.4
17.08   0.092263   4.4
17.1   0.0885595   4.4
17.12   0.0850744   4.4
17.14   0.0817909   4.4
17.16   0.0786937   4.4
17.18   0.0757691   4.4
17.2   0.0730044   4.4
17.22   0.0703883   4.4
17.24   0.0679102   4.4
17.26   0.0655606   4.4
17.28   0.0633308   4.4
17.3   0.0612128   4.4
17.32   0.0591992   4.4
17.34   0.0572834   4.4
17.36   0.055459   4.4
17.38   0.0537203   4.4
17.4   0.0520622   4.4
17.42   0.0504795   4.4
17.44   0.048968   4.4
17.46   0.0475233   4.4
17.48   0.0461415   4.4
17.5   0.0448192   4.4
17.52   0.0435528   4.4
17.54   0.0423394   4.4
17.56   0.041176   4.4
17.58   0.000260709   4.4
17.6   0.000253439   4.4
17.62   0.975302   4.4
17.64   1.00268   4.4
17.66   1.0315   4.4
17.68   1.06158   4.4
17.7   1.09299   4.4
17.72   1.12581   4.4
17.74   1.16014   4.4
17.76   1.19606   4.4
17.78   1.23367   4.4
17.8   1.27309   4.4
17.82   1.31442   4.4
17.84   1.3578   4.4
17.86   1.40336   4.4
17.88   1.45125   4.4
17.9   1.50163   4.4
17.92   1.55468   4.4
17.94   1.61059   4.4
17.96   1.66957   4.4
17.98   1.73185   4.4
18   1.79767   4.4
18.02   1.86732   4.4
18.04   1.94109   4.4
18.06   2.01932   4.4
18.08   2.10237   4.4
18.1   2.19065   4.4
18.12   2.2846   4.4
18.14   2.38472   4.4
18.16   2.49156   4.4
18.18   2.60574   4.4
18.2   2.72794   4.4
18.22   2.85893   4.4
18.24   2.99957   4.4
18.26   3.15085   4.4
18.28   3.31384   4.4
18.3   3.4898   4.4
18.32   3.68013   4.4
18.34   3.88644   4.4
18.36   4.11056   4.4
18.38   4.35461   4.4
18.4   4.62102   4.4
18.42   4.91259   4.4
18.44   5.23258   4.4
18.46   5.58482   4.4
18.48   5.97376   4.4
18.5   6.40468   4.4
18.52   6.88382   4.4
18.54   7.41863   4.4
18.56   8.01805   4.4
18.58   8.69289   4.4
18.6   9.45629   4.4
18.62   10.3244   4.4
18.64   11.3171   4.4
18.66   12.4594   4.4
18.68   13.7827   4.4
18.7   15.327   4.4
18.72   17.1442   4.4
18.74   19.3018   4.4
18.76   21.8897   4.67865
18.78   25.0289   5.00289
18.8   28.8857   5.37454
18.82   33.6929   5.80456
18.84   39.7842   6.30747
18.86   47.6515   6.90301
18.88   58.0491   7.619
18.9   72.2152   8.49796
18.92   92.3942   9.61219
18.94   123.014   11.0912
18.96   172.752   13.1435
18.98   256.633   16.0198
19   395.148   19.8783
19.02   603.802   24.5724
19.04   851.294   29.1769
19.06   980.358   31.3107
19.08   850.23   29.1587
19.1   602.668   24.5493
19.12   394.337   19.8579
19.14   256.128   16.004
19.16   172.453   13.1321
19.18   122.834   11.083
19.2   92.2796   9.60623
19.22   72.1369   8.49335
19.24   57.9927   7.61529
19.26   47.6093   6.89995
19.28   39.7519   6.30491
19.3   33.6676   5.80238
19.32   28.8656   5.37267
19.34   25.0126   5.00126
19.36   22.56   4.74974
19.38   19.9937   4.47143
19.4   17.8581   4.4
19.42   16.0634   4.4
19.44   14.5421   4.4
19.46   13.2428   4.4
19.48   12.1253   4.4
19.5   11.1583   4.4
19.52   10.3171   4.4
19.54   9.5817   4.4
19.56   8.93616   4.4
19.58   8.3674   4.4
19.6   7.86473   4.4
19.62   7.41933   4.4
19.64   7.02385   4.4
19.66   6.67219   4.4
19.68   6.3592   4.4
19.7   6.08058   4.4
19.72   5.83266   4.4
19.74   5.61237   4.4
19.76   5.41709   4.4
19.78   5.2446   4.4
19.8   5.09302   4.4
19.82   4.96077   4.4
19.84   4.84653   4.4
19.86   4.7492   4.4
19.88   4.66789   4.4
19.9   4.60188   4.4
19.92   4.55062   4.4
19.94   4.51374   4.4
19.96   4.491   4.4
19.98   4.48231   4.4
20   4.48773   4.4
20.02   4.50746   4.4
20.04   4.54189   4.4
20.06   4.59152   4.4
20.08   4.65708   4.4
20.1   4.73947   4.4
20.12   4.83981   4.4
20.14   4.95949   4.4
20.16   5.10018   4.4
20.18   5.26388   4.4
20.2   5.453   4.4
20.22   5.6704   4.4
20.24   5.91955   4.4
20.26   6.20457   4.4
20.28   6.53042   4.4
20.3   6.90313   4.4
20.32   7.32998   4.4
20.34   7.8199   4.4
20.36   8.38383   4.4
20.38   9.03537   4.4
20.4   9.7915   4.4
20.42   10.6736   4.4
20.44   11.7091   4.4
20.46   12.9332   4.4
20.48   14.3919   4.4
20.5   16.1462   4.4
20.52   17.33   4.4
20.54   19.9781   4.46968
20.56   23.273   4.82421
20.58   27.4399   5.23831
20.6   32.8091   5.72792
20.62   39.8846   6.31543
20.64   49.4861   7.03464
20.66   63.0812   7.94236
20.68   83.5474   9.14043
20.7   116.564   10.7965
20.72   172.154   13.1208
20.74   264.473   16.2626
20.76   405.648   20.1407
20.78   580.214   24.0876
20.8   688.219   26.2339
20.82   615.523   24.8097
20.84   443.33   21.0554
20.86   291.423   17.0711
20.88   188.956   13.7461
20.9   126.517   11.248
20.92   89.523   9.46166
20.94   66.8911   8.1787
20.96   60.0973   7.75225
20.98   49.9948   7.0707
21   42.6799   6.53298
21.02   37.229   6.10156
21.04   33.085   5.75195
21.06   29.8869   5.46689
21.08   27.391   5.23364
21.1   25.4279   5.04261
21.12   23.8774   4.88645
21.14   22.6521   4.75942
21.16   21.6879   4.65702
21.18   20.9367   4.57566
21.2   20.3622   4.51245
21.22   19.9367   4.46506
21.24   19.6388   4.43157
21.26   19.4519   4.41043
21.28   19.3632   4.40036
21.3   19.3627   4.40031
21.32   19.443   4.40942
21.34   19.5981   4.42698
21.36   19.824   4.45242
21.38   20.1177   4.48528
21.4   20.4774   4.5252
21.42   20.9022   4.5719
21.44   21.3923   4.62518
21.46   21.9485   4.68492
21.48   22.5723   4.75103
21.5   23.2663   4.82352
21.52   24.0336   4.90241
21.54   24.8783   4.98781
21.56   25.8051   5.07987
21.58   26.8198   5.17878
21.6   27.9291   5.2848
21.62   29.141   5.39824
21.64   30.4645   5.51946
21.66   31.9101   5.6489
21.68   33.4901   5.78706
21.7   35.2184   5.93451
21.72   37.1114   6.09191
21.74   39.8616   6.3136
21.76   42.1624   6.49326
21.78   44.6947   6.68541
21.8   47.4885   6.89119
21.82   50.5785   7.11186
21.84   54.0063   7.3489
21.86   57.8205   7.60398
21.88   62.0796   7.87906
21.9   66.8532   8.17638
21.92   72.2258   8.49858
21.94   84.7433   9.20561
21.96   91.8228   9.58242
21.98   99.8911   9.99455
22   109.141   10.4471
22.02   119.816   10.946
22.04   132.223   11.4988
22.06   146.759   12.1144
22.08   163.94   12.8039
22.1   184.447   13.5811
22.12   209.195   14.4636
22.14   239.431   15.4736
22.16   276.892   16.6401
22.18   324.047   18.0013
22.2   384.502   19.6087
22.22   463.708   21.5339
22.24   570.396   23.883
22.26   719.215   26.8182
22.28   941.166   30.6784
22.3   1294.52   35.9794
22.32   1886.54   43.4343
22.34   2876.93   53.6371
22.36   4425.45   66.524
22.38   6457.59   80.3592
22.4   8023.02   89.5713
22.42   7579.22   87.0587
22.44   5636.64   75.0776
22.46   3749.37   61.2321
22.48   2434.43   49.3399
22.5   1623.04   40.2869
22.52   1142.52   33.8012
22.54   851.936   29.1879
22.56   664.927   25.7862
22.58   536.307   23.1583
22.6   443.411   21.0573
22.62   374.119   19.3422
22.64   321.252   17.9235
22.66   280.216   16.7396
22.68   250.37   15.8231
22.7   224.778   14.9926
22.72   204.319   14.294
22.74   187.917   13.7083
22.76   174.793   13.2209
22.78   164.376   12.8209
22.8   156.251   12.5
22.82   150.116   12.2522
22.84   145.762   12.0732
22.86   143.058   11.9607
22.88   141.938   11.9138
22.9   142.403   11.9333
22.92   144.527   12.022
22.94   148.465   12.1846
22.96   154.48   12.429
22.98   162.987   12.7666
23   174.633   13.2149
23.02   190.472   13.8011
23.04   212.363   14.5727
23.06   243.861   15.6161
23.08   291.712   17.0796
23.1   367.25   19.1638
23.12   485.48   22.0336
23.14   656.812   25.6283
23.16   854.934   29.2393
23.18   965.445   31.0716
23.2   909.521   30.1583
23.22   801.971   28.3191
23.24   749.015   27.3681
23.26   778.848   27.9078
23.28   903.563   30.0593
23.3   1156.78   34.0115
23.32   1615.59   40.1944
23.34   2405.21   49.043
23.36   3657.18   60.4746
23.38   5324.17   72.9669
23.4   6658   81.5966
23.42   6360.52   79.7529
23.44   4769.38   69.0607
23.46   3187.71   56.4598
23.48   2076.82   45.5721
23.5   1388.64   37.2645
23.52   980.378   31.311
23.54   733.494   27.0831
23.56   574.742   23.9738
23.58   465.621   21.5782
23.6   386.826   19.6679
23.62   328.077   18.1129
23.64   283.31   16.8318
23.66   248.661   15.769
23.68   221.554   14.8847
23.7   200.226   14.1501
23.72   183.456   13.5446
23.74   170.39   13.0533
23.76   160.439   12.6665
23.78   153.216   12.378
23.8   148.492   12.1857
23.82   146.185   12.0907
23.84   146.353   12.0977
23.86   149.214   12.2153
23.88   147.476   12.1439
23.9   157.447   12.5478
23.92   172.299   13.1263
23.94   193.769   13.9201
23.96   224.75   14.9917
23.98   270.501   16.4469
24   341.409   18.4772
24.02   457.998   21.4009
24.04   656.396   25.6202
24.06   987.271   31.4209
24.08   1493.06   38.6401
24.1   2114.01   45.9784
24.12   2485.48   49.8546
24.14   2210.34   47.0143
24.16   1592.81   39.9101
24.18   1053.52   32.458
24.2   690.72   26.2816
24.22   469.573   21.6696
24.24   338.153   18.389
24.26   257.32   16.0412
24.28   204.1   14.2864
24.3   166.701   12.9113
24.32   139.164   11.7968
24.34   118.232   10.8735
24.36   101.932   10.0961
24.38   88.9818   9.43302
24.4   78.5151   8.86087
24.42   69.9265   8.3622
24.44   62.7844   7.92366
24.46   56.7746   7.5349
24.48   51.664   7.18777
24.5   47.2767   6.8758
24.52   46.2253   6.79892
24.54   42.9887   6.55658
24.56   40.1578   6.33702
24.58   37.6676   6.1374
24.6   35.4661   5.95534
24.62   33.511   5.78886
24.64   31.1159   5.57817
24.66   29.5741   5.43821
24.68   28.1919   5.3096
24.7   26.9498   5.19132
24.72   25.8315   5.08247
24.74   24.8232   4.98229
24.76   23.9133   4.89013
24.78   23.092   4.80541
24.8   22.3507   4.72765
24.82   21.6824   4.65644
24.84   21.7613   4.6649
24.86   21.2403   4.60872
24.88   14.3879   4.4
24.9   14.1489   4.4
24.92   13.9544   4.4
24.94   13.8019   4.4
24.96   13.6899   4.4
24.98   13.6168   4.4
25   13.5817   4.4
25.02   13.584   4.4
25.04   13.6234   4.4
25.06   13.6999   4.4
25.08   13.814   4.4
25.1   13.9664   4.4
25.12   14.1582   4.4
25.14   14.3909   4.4
25.16   14.6665   4.4
25.18   14.9873   4.4
25.2   15.356   4.4
25.22   15.7762   4.4
25.24   16.2518   4.4
25.26   16.7876   4.4
25.28   17.389   4.4
25.3   18.0626   4.4
25.32   18.8161   4.4
25.34   19.6582   4.43376
25.36   20.5996   4.53868
25.38   21.6526   4.65324
25.4   22.8319   4.77827
25.42   24.1549   4.91476
25.44   25.6424   5.06384
25.46   27.3195   5.22681
25.48   29.2163   5.40521
25.5   31.3695   5.60085
25.52   33.8241   5.81585
25.54   36.6359   6.05276
25.56   39.8741   6.31459
25.58   41.2406   6.42188
25.6   45.6813   6.75879
25.62   50.8872   7.13352
25.64   57.045   7.55281
25.66   64.4016   8.02506
25.68   73.2891   8.56091
25.7   84.1618   9.17398
25.72   97.6539   9.882
25.74   114.671   10.7084
25.76   136.541   11.6851
25.78   165.287   12.8564
25.8   204.197   14.2897
25.82   259.145   16.098
25.84   341.642   18.4836
25.86   474.404   21.7808
25.88   697.584   26.4118
25.9   1068   32.6803
25.92   1634.73   40.4319
25.94   2337.41   48.3467
25.96   2777.49   52.7019
25.98   2492.44   49.9244
26   1802.88   42.4603
26.02   1192.89   34.5382
26.04   782.07   27.9655
26.06   533.257   23.0924
26.08   387.997   19.6976
26.1   301.904   17.3754
26.12   249.067   15.7818
26.14   216.659   14.7193
26.16   199.153   14.1122
26.18   195.366   13.9773
26.2   208.119   14.4263
26.22   245.215   15.6593
26.24   319.537   17.8756
26.26   444.497   21.0831
26.28   614.093   24.7809
26.3   747.374   27.3381
26.32   707.932   26.607
26.34   534.933   23.1286
26.36   365.122   19.1082
26.38   245.632   15.6727
26.4   170.913   13.0734
26.42   125.814   11.2167
26.44   97.8472   9.89177
26.46   79.3126   8.90576
26.48   66.1565   8.13366
26.5   56.3339   7.50559
26.52   48.7441   6.9817
26.54   42.7299   6.53681
26.56   38.4612   6.20171
26.58   34.4765   5.87167
26.6   31.153   5.58149
26.62   28.3458   5.32407
26.64   25.9485   5.09397
26.66   23.8817   4.88689
26.68   22.0848   4.69945
26.7   20.511   4.52891
26.72   19.1236   4.4
26.74   17.8935   4.4
26.76   16.7972   4.4
26.78   15.8158   4.4
26.8   14.9336   4.4
26.82   14.1379   4.4
26.84   13.4179   4.4
26.86   12.7647   4.4
26.88   12.1706   4.4
26.9   11.6292   4.4
26.92   11.1351   4.4
26.94   10.6836   4.4
26.96   10.2706   4.4
26.98   9.89262   4.4
27   9.54674   4.4
27.02   9.23035   4.4
27.04   8.94119   4.4
27.06   8.67736   4.4
27.08   8.43719   4.4
27.1   8.21927   4.4
27.12   8.0224   4.4
27.14   7.84558   4.4
27.16   7.68801   4.4
27.18   7.54903   4.4
27.2   7.42818   4.4
27.22   7.32513   4.4
27.24   7.23974   4.4
27.26   7.17202   4.4
27.28   7.12213   4.4
27.3   7.09044   4.4
27.32   7.07749   4.4
27.34   7.08405   4.4
27.36   7.11112   4.4
27.38   7.15996   4.4
27.4   7.23219   4.4
27.42   4.63958   4.4
27.44   4.83725   4.4
27.46   5.06289   4.4
27.48   5.32031   4.4
27.5   5.61377   4.4
27.52   5.94745   4.4
27.54   6.32577   4.4
27.56   6.75678   4.4
27.58   7.25183   4.4
27.6   7.82331   4.4
27.62   8.48571   4.4
27.64   9.25717   4.4
27.66   10.1608   4.4
27.68   11.2266   4.4
27.7   12.6102   4.4
27.72   14.133   4.4
27.74   15.9779   4.4
27.76   18.2395   4.4
27.78   20.3752   4.51388
27.8   23.9381   4.89265
27.82   28.5085   5.33933
27.84   34.4987   5.87356
27.86   42.5681   6.52443
27.88   53.871   7.33969
27.9   70.637   8.40458
27.92   97.3036   9.86426
27.94   141.972   11.9152
27.96   216.773   14.7232
27.98   334.025   18.2764
28   488.872   22.1105
28.02   610.752   24.7134
28.04   580.676   24.0972
28.06   433.263   20.815
28.08   288.166   16.9754
28.1   186.618   13.6608
28.12   123.824   11.1276
28.14   86.6008   9.30596
28.16   64.0842   8.00526
28.18   49.5868   7.04179
28.2   39.6003   6.29288
28.22   32.3651   5.68904
28.24   26.9422   5.19059
28.26   22.776   4.77243
28.28   19.5111   4.41713
28.3   16.9087   4.4
28.32   14.8037   4.4
28.34   13.0794   4.4
28.36   11.6509   4.4
28.38   10.4559   4.4
28.4   9.44774   4.4
28.42   8.59091   4.4
28.44   7.85808   4.4
28.46   7.22796   4.4
28.48   6.68381   4.4
28.5   6.21236   4.4
28.52   5.80302   4.4
28.54   5.44728   4.4
28.56   5.13831   4.4
28.58   4.87062   4.4
28.6   4.63982   4.4
28.62   4.44244   4.4
28.64   4.27584   4.4
28.66   4.13805   4.4
28.68   4.02777   4.4
28.7   3.94435   4.4
28.72   3.88775   4.4
28.74   3.85863   4.4
28.76   3.85842   4.4
28.78   3.88943   4.4
28.8   3.9551   4.4
28.82   4.06028   4.4
28.84   4.21164   4.4
28.86   4.41835   4.4
28.88   4.69303   4.4
28.9   5.05315   4.4
28.92   5.52327   4.4
28.94   6.13848   4.4
28.96   6.95009   4.4
28.98   8.03558   4.4
29   9.51816   4.4
29.02   11.6118   4.4
29.04   14.7267   4.4
29.06   19.6813   4.43636
29.08   27.9901   5.29057
29.1   41.9761   6.47889
29.12   64.1384   8.00864
29.14   94.1544   9.70332
29.16   119.829   10.9466
29.18   117.134   10.8229
29.2   89.1501   9.44193
29.22   59.9323   7.7416
29.24   39.0824   6.25159
29.26   26.0803   5.10689
29.28   18.3526   4.4
29.3   13.688   4.4
29.32   10.6962   4.4
29.34   8.64008   4.4
29.36   7.15031   4.4
29.38   6.03146   4.4
29.4   5.16899   4.4
29.42   4.49003   4.4
29.44   3.94581   4.4
29.46   3.50265   4.4
29.48   3.13675   4.4
29.5   2.24151   4.4
29.52   1.99863   4.4
29.54   1.79298   4.4
29.56   2.67376   4.4
29.58   2.55248   4.4
29.6   2.45263   4.4
29.62   2.37088   4.4
29.64   2.30457   4.4
29.66   2.25162   4.4
29.68   2.21031   4.4
29.7   2.1793   4.4
29.72   2.15749   4.4
29.74   2.14399   4.4
29.76   2.1381   4.4
29.78   2.13924   4.4
29.8   2.14696   4.4
29.82   2.16093   4.4
29.84   2.18087   4.4
29.86   2.20661   4.4
29.88   2.23803   4.4
29.9   2.27507   4.4
29.92   2.31775   4.4
29.94   2.36611   4.4
29.96   2.42026   4.4
29.98   2.48037   4.4
30   2.54665   4.4
30.02   2.61936   4.4
30.04   2.69881   4.4
30.06   2.7854   4.4
30.08   2.87957   4.4
30.1   2.98181   4.4
30.12   3.09272   4.4
30.14   3.21296   4.4
30.16   3.34331   4.4
30.18   3.48462   4.4
30.2   3.63789   4.4
30.22   3.80425   4.4
30.24   3.98498   4.4
30.26   5.76117   4.4
30.28   6.01982   4.4
30.3   6.29983   4.4
30.32   6.60351   4.4
30.34   6.93356   4.4
30.36   7.29306   4.4
30.38   7.68559   4.4
30.4   8.11532   4.4
30.42   8.58715   4.4
30.44   9.1068   4.4
30.46   9.68106   4.4
30.48   10.318   4.4
30.5   11.0272   4.4
30.52   11.8204   4.4
30.54   12.7117   4.4
30.56   13.7182   4.4
30.58   14.8612   4.4
30.6   16.1673   4.4
30.62   17.6697   4.4
30.64   19.4107   4.40576
30.66   22.0616   4.69698
30.68   24.4828   4.94801
30.7   27.3624   5.23091
30.72   30.8265   5.55216
30.74   35.0474   5.92008
30.76   40.2656   6.34551
30.78   46.824   6.8428
30.8   55.2251   7.43136
30.82   66.2336   8.1384
30.84   81.0868   9.00482
30.86   101.989   10.099
30.88   133.249   11.5434
30.9   183.388   13.5421
30.92   267.565   16.3574
30.94   407.479   20.1861
30.96   622.563   24.9512
30.98   892.753   29.879
31   1070.68   32.7212
31.02   971.594   31.1704
31.04   707.634   26.6014
31.06   469.699   21.6725
31.08   308.197   17.5556
31.1   209.763   14.4832
31.12   161.308   12.7007
31.14   126.519   11.2481
31.16   104.291   10.2123
31.18   89.2615   9.44783
31.2   78.7402   8.87357
31.22   73.8601   8.59419
31.24   68.6644   8.2864
31.26   65.124   8.06994
31.28   62.8859   7.93006
31.3   61.7224   7.85636
31.32   61.4931   7.84175
31.34   62.1227   7.8818
31.36   63.5899   7.97433
31.38   65.9224   8.11926
31.4   72.5664   8.51859
31.42   77.0211   8.77617
31.44   82.7786   9.09827
31.46   90.1589   9.4952
31.48   99.634   9.98168
31.5   111.906   10.5786
31.52   128.048   11.3158
31.54   149.789   12.2388
31.56   180.175   13.4229
31.58   225.112   15.0037
31.6   296.343   17.2146
31.62   415.188   20.3762
31.64   613.265   24.7642
31.66   921.893   30.3627
31.68   1324.97   36.4001
31.7   1631.67   40.3939
31.72   1539.88   39.2413
31.74   1157.5   34.0221
31.76   789.424   28.0967
31.78   534.821   23.1262
31.8   379.449   19.4794
31.82   289.315   17.0093
31.84   236.874   15.3907
31.86   205.372   14.3308
31.88   186.158   13.644
31.9   175.044   13.2304
31.92   169.997   13.0383
31.94   170.107   13.0425
31.96   175.236   13.2377
31.98   186.066   13.6406
32   204.581   14.3032
32.02   235.233   15.3373
32.04   286.701   16.9323
32.06   372.886   19.3103
32.08   509.905   22.5811
32.1   700.542   26.4678
32.12   882.866   29.7131
32.14   905.699   30.0948
32.16   754.254   27.4637
32.18   580.04   24.084
32.2   458.117   21.4037
32.22   390.364   19.7576
32.24   361.705   19.0185
32.26   358.537   18.9351
32.28   372.663   19.3045
32.3   400.675   20.0169
32.32   442.353   21.0322
32.34   499.683   22.3536
32.36   576.74   24.0154
32.38   680.402   26.0845
32.4   822.26   28.6751
32.42   1023.34   31.9896
32.44   1324.92   36.3994
32.46   1808.22   42.5232
32.48   2614.88   51.1359
32.5   3947.07   62.8257
32.52   5972.71   77.2833
32.54   8462.88   91.9939
32.56   10000   100
32.58   9048.72   95.1247
32.6   6833.15   82.6628
32.62   5050.72   71.0684
32.64   4142.87   64.3651
32.66   3972.62   63.0287
32.68   4082.75   63.8964
32.7   3790.3   61.5654
32.72   3052.15   55.2463
32.74   2374.89   48.7329
32.76   1994.69   44.662
32.78   1948.42   44.1409
32.8   2245.21   47.3836
32.82   2871.73   53.5885
32.84   3620.36   60.1695
32.86   3843.82   61.9986
32.88   3191.93   56.4972
32.9   2270.94   47.6543
32.92   1543.19   39.2834
32.94   1065.28   32.6386
32.96   771.515   27.7762
32.98   590.697   24.3043
33   473.375   21.7572
33.02   391.71   19.7917
33.04   331.482   18.2066
33.06   285.278   16.8902
33.08   248.845   15.7748
33.1   219.5   14.8155
33.12   195.446   13.9802
33.14   175.431   13.245
33.16   158.561   12.5921
33.18   142.661   11.9441
33.2   130.322   11.4159
33.22   119.612   10.9367
33.24   110.245   10.4997
33.26   101.995   10.0992
33.28   95.6797   9.7816
33.3   89.1936   9.44423
33.32   83.389   9.13176
33.34   78.1712   8.84145
33.36   73.4615   8.57097
33.38   69.1947   8.31833
33.4   65.3157   8.08181
33.42   61.7784   7.85992
33.44   58.5432   7.65135
33.46   55.5766   7.45497
33.48   52.8495   7.26977
33.5   50.3371   7.09487
33.52   48.0177   6.92948
33.54   45.8723   6.77291
33.56   43.8845   6.62453
33.58   42.0397   6.48381
33.6   40.3254   6.35023
33.62   38.0173   6.16581
33.64   36.5499   6.04565
33.66   35.1822   5.93146
33.68   33.9063   5.82292
33.7   32.7154   5.71973
33.72   31.6031   5.62166
33.74   30.564   5.52847
33.76   29.5933   5.43997
33.78   30.134   5.48944
33.8   29.3283   5.41556
33.82   28.581   5.34612
33.84   27.8893   5.28103
33.86   27.2506   5.22021
33.88   26.6628   5.1636
33.9   26.124   5.11116
33.92   25.6327   5.06288
33.94   25.1879   5.01876
33.96   24.7886   4.97882
33.98   24.4344   4.94311
34   24.1249   4.91172
34.02   14.5277   4.4
34.04   14.5594   4.4
34.06   14.6276   4.4
34.08   14.7342   4.4
34.1   14.8815   4.4
34.12   15.0725   4.4
34.14   15.3106   4.4
34.16   15.6   4.4
34.18   13.4368   4.4
34.2   13.9111   4.4
34.22   14.4526   4.4
34.24   15.0704   4.4
34.26   15.7753   4.4
34.28   16.5806   4.4
34.3   17.5023   4.4
34.32   15.2271   4.4
34.34   16.5352   4.4
34.36   18.0316   4.4
34.38   19.7556   4.44473
34.4   21.7576   4.6645
34.42   24.1026   4.90944
34.44   26.8763   5.18424
34.46   30.2112   5.49647
34.48   34.2265   5.85034
34.5   39.1549   6.25739
34.52   47.045   6.85893
34.54   54.8978   7.40931
34.56   65.0742   8.06686
34.58   78.6238   8.86701
34.6   97.361   9.86717
34.62   124.755   11.1694
34.64   167.719   12.9506
34.66   239.069   15.4619
34.68   358.535   18.935
34.7   547.538   23.3995
34.72   804.181   28.3581
34.74   1026.85   32.0445
34.76   1010.11   31.7822
34.78   774.766   27.8346
34.8   526.47   22.9449
34.82   349.402   18.6923
34.84   239.845   15.4869
34.86   175.95   13.2646
34.88   138.827   11.7825
34.9   116.606   10.7984
34.92   103.057   10.1517
34.94   95.1712   9.75557
34.96   91.5044   9.56579
34.98   91.4063   9.56066
35   94.728   9.73283
35.02   101.751   10.0872
35.04   113.254   10.6421
35.06   130.767   11.4354
35.08   157.247   12.5398
35.1   198.671   14.0951
35.12   266.964   16.339
35.14   383.271   19.5773
35.16   577.501   24.0313
35.18   875.349   29.5863
35.2   1244.3   35.2746
35.22   1473.16   38.3817
35.24   1319.65   36.327
35.26   954.861   30.9008
35.28   635.674   25.2126
35.3   418.465   20.4564
35.32   286.183   16.9169
35.34   207.939   14.4201
35.36   160.245   12.6588
35.38   129.253   11.369
35.4   107.844   10.3848
35.42   92.4303   9.61407
35.44   81.0603   9.00335
35.46   72.5623   8.51835
35.48   66.1835   8.13532
35.5   61.4227   7.83726
35.52   57.9408   7.61189
35.54   55.5075   7.45034
35.56   53.9696   7.3464
35.58   53.2306   7.29593
35.6   53.2396   7.29655
35.62   53.9849   7.34744
35.64   55.492   7.44929
35.66   57.8264   7.60437
35.68   61.1002   7.81666
35.7   65.4845   8.09225
35.72   71.2302   8.4398
35.74   79.7563   8.93064
35.76   89.5205   9.46152
35.78   102.357   10.1171
35.8   119.52   10.9325
35.82   143.027   11.9594
35.84   180.092   13.4198
35.86   229.241   15.1407
35.88   305.274   17.4721
35.9   427.073   20.6657
35.92   625.266   25.0053
35.94   940.16   30.662
35.96   1378.71   37.131
35.98   1784.6   42.2445
36   1795.33   42.3714
36.02   1396.7   37.3724
36.04   950.544   30.8309
36.06   625.487   25.0097
36.08   421.489   20.5302
36.1   300.578   17.3372
36.12   228.498   15.1161
36.14   183.209   13.5355
36.16   152.892   12.365
36.18   131.63   11.473
36.2   116.333   10.7858
36.22   105.219   10.2577
36.24   96.2132   9.80883
36.26   90.5467   9.5156
36.28   86.7493   9.31393
36.3   84.5065   9.19274
36.32   83.6205   9.14442
36.34   83.9812   9.16412
36.36   85.551   9.24938
36.38   88.3582   9.3999
36.4   92.4981   9.61759
36.42   98.142   9.90667
36.44   105.556   10.274
36.46   115.13   10.7299
36.48   127.431   11.2886
36.5   143.285   11.9702
36.52   163.909   12.8027
36.54   191.165   13.8262
36.56   228.057   15.1015
36.58   279.896   16.7301
36.6   356.884   18.8914
36.62   478.805   21.8816
36.64   680.582   26.088
36.66   1012.97   31.8272
36.68   1522.17   39.015
36.7   2170.53   46.5889
36.72   2670.78   51.6796
36.74   2697.75   51.9399
36.76   2265   47.592
36.78   1635.01   40.4353
36.8   1103.19   33.2143
36.82   748.445   27.3577
36.84   533.021   23.0872
36.86   405.599   20.1395
36.88   328.83   18.1337
36.9   280.888   16.7597
36.92   250.461   15.826
36.94   231.882   15.2277
36.96   222.255   14.9082
36.98   220.142   14.8372
37   225.045   15.0015
37.02   237.247   15.4028
37.04   257.886   16.0588
37.06   289.321   17.0094
37.08   336.101   18.333
37.1   406.981   20.1738
37.12   517.976   22.7591
37.14   694.797   26.359
37.16   970.803   31.1577
37.18   1369.3   37.0041
37.2   1836.87   42.8588
37.22   2220.75   47.1248
37.24   2590.18   50.8938
37.26   3208.5   56.6436
37.28   3973.62   63.0366
37.3   4164.47   64.5327
37.32   3398.49   58.2966
37.34   2361.53   48.5955
37.36   1555.31   39.4374
37.38   1032.97   32.1398
37.4   717.156   26.7798
37.42   526.871   22.9537
37.44   406.495   20.1617
37.46   324.928   18.0258
37.48   264.668   16.2686
37.5   220.966   14.8649
37.52   187.408   13.6897
37.54   161.077   12.6916
37.56   140.039   11.8338
37.58   122.964   11.0889
37.6   108.914   10.4362
37.62   97.2133   9.85968
37.64   87.3637   9.34686
37.66   79.339   8.90725
37.68   72.174   8.49553
37.7   65.9872   8.12325
37.72   60.6084   7.78514
37.74   55.9031   7.47684
37.76   51.7639   7.19471
37.78   48.4481   6.96047
37.8   45.2073   6.72364
37.82   42.3186   6.50527
37.84   39.7344   6.30352
37.86   37.4153   6.1168
37.88   35.3282   5.94376
37.9   36.5921   6.04914
37.92   34.9778   5.91421
37.94   33.5285   5.79038
37.96   32.2276   5.67693
37.98   31.061   5.57324
38   30.0169   5.47877
38.02   29.0853   5.39308
38.04   28.2577   5.3158
38.06   27.5273   5.24665
38.08   26.8884   5.1854
38.1   26.3365   5.13191
38.12   25.8683   5.08609
38.14   25.4816   5.04793
38.16   25.1751   5.01748
38.18   23.3508   4.83227
38.2   23.2491   4.82173
38.22   23.2298   4.81973
38.24   22.0965   4.70069
38.26   22.2885   4.72107
38.28   22.5807   4.75191
38.3   22.9846   4.79423
38.32   23.5155   4.84928
38.34   24.1936   4.9187
38.36   25.0459   5.00459
38.38   26.1085   5.10965
38.4   27.4306   5.23742
38.42   29.0801   5.39259
38.44   31.1526   5.58145
38.46   33.786   5.81257
38.48   37.1845   6.09791
38.5   41.6657   6.45489
38.52   47.7623   6.91103
38.54   56.4657   7.51436
38.56   69.7472   8.35148
38.58   91.3793   9.55925
38.6   127.549   11.2937
38.62   185.909   13.6348
38.64   269.786   16.4252
38.66   357.365   18.9041
38.68   380.509   19.5066
38.7   312.935   17.69
38.72   224.216   14.9739
38.74   156.654   12.5162
38.76   110.329   10.5038
38.78   85.942   9.27049
38.8   72.541   8.5171
38.82   65.3736   8.0854
38.84   61.8576   7.86496
38.86   60.7477   7.79408
38.88   61.4728   7.84046
38.9   63.7987   7.98741
38.92   67.697   8.22782
38.94   73.3119   8.56224
38.96   80.9857   8.99921
38.98   91.3649   9.5585
39   105.675   10.2798
39.02   126.304   11.2385
39.04   157.676   12.5569
39.06   206.803   14.3806
39.08   282.049   16.7943
39.1   386.257   19.6534
39.12   493.385   22.2123
39.14   535.237   23.1352
39.16   506.509   22.5057
39.18   487.315   22.0752
39.2   525.606   22.9261
39.22   628.855   25.077
39.24   768.86   27.7283
39.26   889.461   29.8238
39.28   1026.68   32.0419
39.3   1312.22   36.2246
39.32   1844.33   42.9457
39.34   2611.94   51.1071
39.36   3274.46   57.2229
39.38   3178.41   56.3774
39.4   2411.54   49.1074
39.42   1618.88   40.2354
39.44   1054.26   32.4693
39.46   701.877   26.493
39.48   491.931   22.1795
39.5   364.754   19.0985
39.52   291.353   17.0691
39.54   235.18   15.3356
39.56   194.487   13.9459
39.58   163.974   12.8052
39.6   140.523   11.8542
39.62   122.142   11.0518
39.64   107.497   10.3681
39.66   95.6634   9.78077
39.68   91.4974   9.56543
39.7   83.6585   9.1465
39.72   77.1587   8.784
39.74   71.7359   8.4697
39.76   67.1909   8.197
39.78   63.3702   7.96054
39.8   60.1543   7.75592
39.82   57.4489   7.57951
39.84   55.1795   7.42829
39.86   53.2863   7.29975
39.88   51.7213   7.19175
39.9   50.4458   7.10252
39.92   49.4285   7.03054
39.94   48.6441   6.97453
39.96   48.0723   6.93342
39.98   47.6969   6.90629
40   47.505   6.89239
40.02   47.4868   6.89107
40.04   47.6352   6.90183
40.06   47.9452   6.92425
40.08   48.414   6.95802
40.1   51.0125   7.14231
40.12   51.854   7.20097
40.14   52.5145   7.24669
40.16   53.698   7.32789
40.18   55.0566   7.42001
40.2   56.5988   7.52322
40.22   58.3355   7.63777
40.24   60.2795   7.76399
40.26   62.4465   7.90231
40.28   64.8549   8.05325
40.3   67.5265   8.21745
40.32   70.4866   8.39563
40.34   73.7653   8.58867
40.36   77.3974   8.79758
40.38   81.4241   9.02353
40.4   85.8938   9.26789
40.42   90.8634   9.53223
40.44   96.4007   9.81839
40.46   102.595   10.1289
40.48   109.525   10.4654
40.5   117.316   10.8312
40.52   126.107   11.2298
40.54   136.072   11.665
40.56   147.42   12.1417
40.58   160.416   12.6655
40.6   175.387   13.2434
40.62   192.413   13.8713
40.64   212.715   14.5847
40.66   236.642   15.3832
40.68   265.113   16.2823
40.7   299.359   17.302
40.72   341.062   18.4679
40.74   392.233   19.8049
40.76   456.894   21.3751
40.78   539.618   23.2297
40.8   647.955   25.455
40.82   794.382   28.1848
40.84   1001.69   31.6495
40.86   1311.55   36.2153
40.88   1816.59   42.6215
40.9   2653.82   51.5152
40.92   4006.34   63.2957
40.94   5975.02   77.2983
40.96   8136.38   90.2019
40.98   9041.65   95.0876
41   7909.88   88.9375
41.02   6045.9   77.7554
41.04   4699.49   68.5528
41.06   4225.42   65.0032
41.08   4598.98   67.8158
41.1   5579.7   74.6974
41.12   6350.76   79.6917
41.14   5803.7   76.182
41.16   4330.63   65.8075
41.18   2961.76   54.4221
41.2   2011.33   44.8478
41.22   1417.79   37.6535
41.24   1058.33   32.532
41.26   835.148   28.8989
41.28   688.823   26.2454
41.3   588.31   24.2551
41.32   518.137   22.7626
41.34   470.418   21.6891
41.36   441.277   21.0066
41.38   429.704   20.7293
41.4   437.891   20.9258
41.42   473.258   21.7545
41.44   552.447   23.5042
41.46   705.543   26.5621
41.48   972.994   31.1929
41.5   1384.68   37.2112
41.52   1871.26   43.2581
41.54   2106.68   45.8986
41.56   1820.14   42.6631
41.58   1310.86   36.2057
41.6   886.952   29.7817
41.62   605.269   24.6022
41.64   433.151   20.8123
41.66   329.317   18.1471
41.68   263.834   16.243
41.7   219.501   14.8156
41.72   187.547   13.6948
41.74   163.503   12.7868
41.76   144.891   12.0371
41.78   130.197   11.4104
41.8   118.453   10.8836
41.82   109.038   10.4421
41.84   106.259   10.3082
41.86   100.754   10.0376
41.88   97.0086   9.84929
41.9   94.81   9.73704
41.92   93.0615   9.64684
41.94   89.8426   9.47854
41.96   85.4132   9.24193
41.98   81.5835   9.03236
42   79.0589   8.89151
42.02   77.8205   8.82159
42.04   77.7352   8.81676
42.06   78.7433   8.87374
42.08   80.9073   8.99485
42.1   84.4233   9.18821
42.12   89.641   9.4679
42.14   97.1214   9.85502
42.16   107.768   10.3812
42.18   123.342   11.1059
42.2   146.381   12.0988
42.22   182.973   13.5268
42.24   244.302   15.6302
42.26   348.38   18.6649
42.28   516.687   22.7308
42.3   755.604   27.4882
42.32   992.504   31.504
42.34   1029.65   32.0882
42.36   823.749   28.701
42.38   571.926   23.915
42.4   383.37   19.5798
42.42   263.653   16.2374
42.44   192.35   13.869
42.46   143.603   11.9835
42.48   115.296   10.7376
42.5   97.7269   9.88569
42.52   85.4494   9.24388
42.54   76.6374   8.75428
42.56   70.2516   8.38163
42.58   67.3878   8.20901
42.6   58.9119   7.67541
42.62   56.9689   7.54777
42.64   55.95   7.47997
42.66   55.7564   7.46702
42.68   56.3484   7.50656
42.7   57.7425   7.59885
42.72   61.3431   7.83218
42.74   64.6991   8.04358
42.76   69.4021   8.33079
42.78   76.0273   8.71936
42.8   85.7227   9.25866
42.82   100.708   10.0354
42.84   124.715   11.1676
42.86   162.592   12.7512
42.88   217.307   14.7413
42.9   278.563   16.6902
42.92   306.415   17.5047
42.94   276.766   16.6363
42.96   228.559   15.1182
42.98   193.585   13.9135
43   176.087   13.2698
43.02   173.889   13.1867
43.04   182.534   13.5105
43.06   199.968   14.141
43.08   226.053   15.0351
43.1   262.344   16.197
43.12   313.446   17.7044
43.14   382.884   19.5674
43.16   483.208   21.982
43.18   636.981   25.2385
43.2   888.208   29.8028
43.22   1312   36.2215
43.24   2008.38   44.815
43.26   3045.03   55.1818
43.28   4236.69   65.0898
43.3   4798.51   69.2713
43.32   4137.73   64.3252
43.34   2943.62   54.2551
43.36   1938.88   44.0327
43.38   1271.87   35.6633
43.4   868.253   29.4661
43.42   629.419   25.0882
43.44   483.295   21.984
43.46   388.287   19.705
43.48   323.257   17.9794
43.5   277.728   16.6652
43.52   246.432   15.6982
43.54   227.171   15.0722
43.56   220.245   14.8407
43.58   228.144   15.1044
43.6   254.148   15.942
43.62   296.868   17.2299
43.64   334.217   18.2816
43.66   323.734   17.9926
43.68   270.954   16.4607
43.7   217.876   14.7606
43.72   181.122   13.4582
43.74   159.757   12.6395
43.76   149.376   12.222
43.78   146.326   12.0965
43.8   148.523   12.187
43.82   154.271   12.4206
43.84   165.642   12.8702
43.86   182.55   13.5111
43.88   206.738   14.3784
43.9   241.402   15.5371
43.92   292.721   17.1091
43.94   372.976   19.3126
43.96   504.909   22.4702
43.98   724.029   26.9078
44   1068.96   32.6949
44.02   1541.32   39.2596
44.04   1974.42   44.4345
44.06   2019.69   44.941
44.08   1721.15   41.4867
44.1   1466.42   38.2939
44.12   1430.56   37.8228
44.14   1575.61   39.694
44.16   1664.52   40.7985
44.18   1449.7   38.075
44.2   1077.36   32.8231
44.22   764.377   27.6474
44.24   558.514   23.6329
44.26   441.671   21.016
44.28   379.941   19.4921
44.3   356.837   18.8901
44.32   365.038   19.106
44.34   409.065   20.2253
44.36   505.255   22.4779
44.38   679.205   26.0616
44.4   953.449   30.878
44.42   1294.69   35.9818
44.44   1506.39   38.8122
44.46   1382.85   37.1867
44.48   1100.36   33.1717
44.5   898.382   29.973
44.52   852.7   29.201
44.54   971.714   31.1723
44.56   1226.84   35.0262
44.58   1472.43   38.3723
44.6   1434.63   37.8765
44.62   1125.31   33.5457
44.64   807.132   28.4101
44.66   593.978   24.3717
44.68   484.025   22.0006
44.7   440.548   20.9892
44.72   404.376   20.1091
44.74   335.69   18.3218
44.76   255.06   15.9706
44.78   193.372   13.9058
44.8   151.604   12.3128
44.82   123.777   11.1255
44.84   104.916   10.2428
44.86   91.5142   9.56631
44.88   81.5055   9.02804
44.9   73.7561   8.58814
44.92   67.6238   8.22337
44.94   62.7123   7.91911
44.96   58.7574   7.66534
44.98   55.5754   7.45489
45   53.0362   7.28259
45.02   51.0469   7.14471
45.04   49.5424   7.03864
45.06   48.4792   6.9627
45.08   47.8318   6.91605
45.1   47.5904   6.89858
45.12   47.7615   6.91097
45.14   48.1705   6.9405
45.16   49.2638   7.01882
45.18   50.9091   7.13506
45.2   53.2154   7.29489
45.22   56.3475   7.5065
45.24   60.5597   7.78201
45.26   66.2675   8.14049
45.28   74.2171   8.61494
45.3   85.8616   9.26615
45.32   104.003   10.1982
45.34   133.397   11.5498
45.36   180.372   13.4303
45.38   249.295   15.7891
45.4   328.812   18.1332
45.42   369.001   19.2094
45.44   333.013   18.2487
45.46   268.437   16.3841
45.48   219.98   14.8317
45.5   195.855   13.9948
45.52   192.215   13.8642
45.54   203.09   14.251
45.56   230.388   15.1785
45.58   274.751   16.5756
45.6   344.11   18.5502
45.62   454.873   21.3277
45.64   643.887   25.3749
45.66   964.534   31.0569
45.68   1480.44   38.4765
45.7   2203.77   46.9444
45.72   2894.2   53.7978
45.74   2954.79   54.358
45.76   2314.23   48.1065
45.78   1568.92   39.6096
45.8   1018.96   31.9212
45.82   671.511   25.9135
45.84   464.492   21.5521
45.86   340.375   18.4492
45.88   261.701   16.1772
45.9   206.957   14.386
45.92   168.587   12.9841
45.94   140.877   11.8692
45.96   118.993   10.9084
45.98   101.884   10.0938
46   88.2661   9.39501
46.02   77.2583   8.78967
46.04   68.2388   8.26068
46.06   60.7593   7.79483
46.08   53.2592   7.29789
46.1   47.9882   6.92735
46.12   43.4946   6.59504
46.14   39.6347   6.29561
46.16   36.2968   6.02468
46.18   33.2008   5.76201
46.2   30.6657   5.53766
46.22   29.2483   5.40817
46.24   27.3043   5.22535
46.26   25.5853   5.05819
46.28   24.0606   4.90516
46.3   22.7047   4.76495
46.32   21.4965   4.63644
46.34   20.4184   4.51867
46.36   19.4552   4.41081
46.38   18.5946   4.4
46.4   19.4791   4.41352
46.42   18.8391   4.4
46.44   18.2763   4.4
46.46   17.7843   4.4
46.48   17.3579   4.4
46.5   16.9925   4.4
46.52   16.6846   4.4
46.54   16.4311   4.4
46.56   16.2299   4.4
46.58   16.0791   4.4
46.6   15.9778   4.4
46.62   15.9253   4.4
46.64   15.9216   4.4
46.66   15.9673   4.4
46.68   16.0635   4.4
46.7   16.2122   4.4
46.72   16.4157   4.4
46.74   16.6775   4.4
46.76   17.002   4.4
46.78   17.8574   4.4
46.8   18.3377   4.4
46.82   18.9019   4.4
46.84   19.5608   4.42276
46.86   20.3275   4.50861
46.88   20.9342   4.57539
46.9   21.9796   4.68824
46.92   23.1987   4.81651
46.94   24.6282   4.96268
46.96   26.3169   5.13
46.98   28.3321   5.32279
47   30.7694   5.54702
47.02   33.7726   5.81142
47.04   37.5779   6.13008
47.06   42.6135   6.5279
47.08   49.6815   7.04851
47.1   60.1682   7.75681
47.12   76.0439   8.72031
47.14   99.1382   9.95681
47.16   128.032   11.3151
47.18   150.799   12.28
47.2   152.947   12.3672
47.22   142.433   11.9345
47.24   142.889   11.9536
47.26   159.746   12.6391
47.28   200.128   14.1467
47.3   276.32   16.6229
47.32   405.91   20.1472
47.34   601.608   24.5277
47.36   830.364   28.816
47.38   941.803   30.6888
47.4   815.574   28.5583
47.42   590.965   24.3098
47.44   406.981   20.1738
47.46   288.744   16.9925
47.48   221.588   14.8858
47.5   187.365   13.6881
47.52   173.495   13.1717
47.54   173.857   13.1855
47.56   187.588   13.6963
47.58   218.728   14.7895
47.6   277.191   16.6491
47.62   378.979   19.4674
47.64   541.24   23.2646
47.66   760.08   27.5695
47.68   946.08   30.7584
47.7   935.895   30.5924
47.72   766.621   27.6879
47.74   609.264   24.6833
47.76   536.554   23.1636
47.78   564.473   23.7586
47.8   707.706   26.6027
47.82   986.837   31.414
47.84   1390.36   37.2876
47.86   1747.56   41.8038
47.88   1714.17   41.4025
47.9   1316   36.2767
47.92   894.544   29.9089
47.94   592.102   24.3331
47.96   403.523   20.0879
47.98   291.364   17.0694
48   224.399   14.98
48.02   182.65   13.5148
48.04   155.629   12.4752
48.06   138.329   11.7613
48.08   128.548   11.3379
48.1   125.836   11.2177
48.12   131.568   11.4703
48.14   149.761   12.2377
48.16   187.823   13.7049
48.18   255.516   15.9849
48.2   358.141   18.9246
48.22   471.29   21.7092
48.24   508.059   22.5402
48.26   422.774   20.5615
48.28   300.102   17.3235
48.3   203.24   14.2562
48.32   140.011   11.8326
48.34   101.519   10.0757
48.36   78.1175   8.83841
48.38   63.1284   7.94534
48.4   52.8107   7.2671
48.42   45.2687   6.7282
48.44   39.5242   6.28683
48.46   35.022   5.91794
48.48   31.821   5.64101
48.5   28.8912   5.37505
48.52   26.4685   5.14475
48.54   24.4404   4.94373
48.56   22.7256   4.76714
48.58   21.2639   4.61128
48.6   20.0099   4.47325
48.62   18.9293   4.4
48.64   17.9954   4.4
48.66   17.1036   4.4
48.68   16.4075   4.4
48.7   15.8083   4.4
48.72   15.2959   4.4
48.74   14.8626   4.4
48.76   14.5023   4.4
48.78   14.2109   4.4
48.8   13.9853   4.4
48.82   13.824   4.4
48.84   12.8536   4.4
48.86   12.8445   4.4
48.88   12.9016   4.4
48.9   13.0286   4.4
48.92   13.231   4.4
48.94   13.5162   4.4
48.96   13.8942   4.4
48.98   14.3777   4.4
49   14.9836   4.4
49.02   15.7337   4.4
49.04   17.8923   4.4
49.06   19.0603   4.4
49.08   20.4901   4.5266
49.1   22.2497   4.71696
49.12   24.4323   4.94291
49.14   27.1688   5.21237
49.16   29.8423   5.46281
49.18   34.3655   5.86221
49.2   40.3553   6.35258
49.22   48.5717   6.96934
49.24   60.3988   7.77167
49.26   78.3615   8.85221
49.28   106.76   10.3325
49.3   152.009   12.3292
49.32   220.812   14.8597
49.34   311.053   17.6367
49.36   405.161   20.1286
49.38   500.656   22.3754
49.4   558.883   23.6407
49.42   499.07   22.3399
49.44   365.581   19.1202
49.46   246.428   15.698
49.48   165.665   12.8711
49.5   116.433   10.7904
49.52   87.5336   9.35594
49.54   70.3808   8.38932
49.56   59.8855   7.73858
49.58   53.4855   7.31338
49.6   50.0505   7.07464
49.62   49.2967   7.02116
49.64   51.6476   7.18663
49.66   58.2405   7.63155
49.68   70.667   8.40636
49.7   89.2244   9.44586
49.72   110.172   10.4963
49.74   118.016   10.8635
49.76   106.936   10.341
49.78   92.4517   9.61518
49.8   85.5255   9.248
49.82   89.1785   9.44344
49.84   105.89   10.2903
49.86   140.866   11.8687
49.88   201.866   14.2079
49.9   293.606   17.1349
49.92   396.957   19.9238
49.94   436.485   20.8922
49.96   367.713   19.1758
49.98   262.31   16.196
50   178.443   13.3583
50.02   124.23   11.1458
50.04   92.1138   9.59759
50.06   73.6027   8.5792
50.08   62.7609   7.92218
50.1   56.2676   7.50118
50.12   52.4716   7.24373
50.14   50.5656   7.11095
50.16   50.144   7.08124
50.18   51.1414   7.15132
50.2   53.2568   7.29772
50.22   56.6796   7.52858
50.24   61.5956   7.84828
50.26   68.3361   8.26657
50.28   77.4352   8.79973
50.3   89.7405   9.47315
50.32   106.649   10.3271
50.34   130.66   11.4307
50.36   166.666   12.9099
50.38   224.367   14.9789
50.4   321.15   17.9207
50.42   482.213   21.9593
50.44   732.072   27.0568
50.46   1048.99   32.3881
50.48   1269.39   35.6286
50.5   1169.36   34.1959
50.52   865.033   29.4114
50.54   585.541   24.198
50.56   396.017   19.9002
50.58   282.41   16.8051
50.6   218.451   14.7801
50.62   183.716   13.5542
50.64   168.2   12.9692
50.66   162.713   12.7559
50.68   167.413   12.9388
50.7   183.42   13.5433
50.72   215.343   14.6746
50.74   273.654   16.5425
50.76   377.464   19.4284
50.78   553.798   23.5329
50.8   825.05   28.7237
50.82   1158.21   34.0326
50.84   1353.49   36.7898
50.86   1200.75   34.6519
50.88   866.982   29.4446
50.9   577.574   24.0328
50.92   383.353   19.5794
50.94   265.222   16.2857
50.96   195.261   13.9736
50.98   152.529   12.3503
51   124.728   11.1682
51.02   105.578   10.2751
51.04   91.9311   9.58807
51.06   82.0768   9.05963
51.08   75.0082   8.66072
51.1   70.1071   8.373
51.12   67.0053   8.18568
51.14   65.5162   8.09421
51.16   65.6088   8.09992
51.18   67.414   8.2106
51.2   71.1982   8.4379
51.22   77.8178   8.82144
51.24   88.6111   9.41335
51.26   106.49   10.3194
51.28   137.042   11.7065
51.3   189.309   13.7589
51.32   274.119   16.5565
51.34   394.813   19.8699
51.36   515.226   22.6986
51.38   535.814   23.1477
51.4   433.22   20.8139
51.42   307.521   17.5363
51.44   213.956   14.6272
51.46   155.628   12.4751
51.48   123.334   11.1056
51.5   105.577   10.2751
51.52   97.1416   9.85604
51.54   95.2968   9.76201
51.56   99.8119   9.99059
51.58   112.237   10.5942
51.6   134.968   11.6176
51.62   168.518   12.9814
51.64   202.808   14.2411
51.66   211.792   14.5531
51.68   191.317   13.8317
51.7   167.98   12.9607
51.72   156.338   12.5035
51.74   158.154   12.5759
51.76   172.87   13.148
51.78   202.028   14.2137
51.8   252.037   15.8757
51.82   336.797   18.352
51.84   478.367   21.8716
51.86   700.487   26.4667
51.88   999.112   31.6087
51.9   1255.67   35.4354
51.92   1247.26   35.3166
51.94   1018.6   31.9155
51.96   800.987   28.3017
51.98   700.403   26.4651
52   733.914   27.0909
52.02   917.504   30.2903
52.04   1263.83   35.5503
52.06   1717.6   41.444
52.08   1998.81   44.7081
52.1   1792.17   42.334
52.12   1320.37   36.3369
52.14   911.265   30.1872
52.16   646.921   25.4346
52.18   507.521   22.5282
52.2   463.312   21.5247
52.22   496.341   22.2787
52.24   592.69   24.3452
52.26   701.991   26.4951
52.28   704.768   26.5475
52.3   568.881   23.8512
52.32   409.894   20.2458
52.34   290.868   17.0549
52.36   215.392   14.6762
52.38   171.672   13.1024
52.4   147.812   12.1578
52.42   133.467   11.5528
52.44   120.77   10.9895
52.46   107.156   10.3516
52.48   94.3789   9.71488
52.5   82.98   9.10934
52.52   74.1284   8.60978
52.54   67.9299   8.24196
52.56   63.8283   7.98926
52.58   61.2927   7.82897
52.6   59.9763   7.74444
52.62   59.7023   7.72672
52.64   60.4224   7.77318
52.66   62.1874   7.8859
52.68   65.2319   8.07663
52.7   70.12   8.37377
52.72   76.3794   8.73953
52.74   85.1337   9.22679
52.76   97.4526   9.87181
52.78   115.263   10.7361
52.8   142.348   11.931
52.82   186.204   13.6457
52.84   260.178   16.13
52.86   382.897   19.5678
52.88   572.434   23.9256
52.9   810.618   28.4714
52.92   967.669   31.1074
52.94   881.013   29.6819
52.96   649.477   25.4848
52.98   441.117   21.0028
53   300.306   17.3293
53.02   215.314   14.6736
53.04   166.268   12.8945
53.06   137.848   11.7409
53.08   120.997   10.9999
53.1   111.124   10.5415
53.12   106.024   10.2968
53.14   104.526   10.2238
53.16   106.436   10.3168
53.18   111.594   10.5638
53.2   120.338   10.9699
53.22   133.457   11.5524
53.24   152.446   12.3469
53.26   180.099   13.4201
53.28   221.652   14.888
53.3   286.386   16.9229
53.32   388.907   19.7207
53.34   547.916   23.4076
53.36   773.861   27.8184
53.38   1036.53   32.1952
53.4   1289.25   35.9062
53.42   1570.05   39.6239
53.44   1842.04   42.919
53.46   1829.27   42.77
53.48   1494   38.6523
53.5   1150.61   33.9206
53.52   951.586   30.8478
53.54   851.184   29.1751
53.56   728.033   26.9821
53.58   555.336   23.5656
53.6   401.984   20.0495
53.62   294.227   17.153
53.64   225.234   15.0078
53.66   182.359   13.504
53.68   155.929   12.4872
53.7   139.929   11.8291
53.72   131.401   11.463
53.74   129.264   11.3694
53.76   133.606   11.5588
53.78   148.259   12.1762
53.8   178.572   13.3631
53.82   234.7   15.3199
53.84   329.111   18.1414
53.86   466.342   21.5949
53.88   607.02   24.6378
53.9   636.218   25.2234
53.92   520.587   22.8164
53.94   374.444   19.3506
53.96   266.072   16.3117
53.98   200.911   14.1743
54   168.431   12.9781
54.02   159.55   12.6313
54.04   171.492   13.0955
54.06   208.623   14.4438
54.08   280.538   16.7493
54.1   394.565   19.8637
54.12   531.959   23.0642
54.14   611.135   24.7211
54.16   547.838   23.4059
54.18   402.331   20.0582
54.2   272.118   16.496
54.22   183.31   13.5392
54.24   128.508   11.3362
54.26   95.5059   9.77271
54.28   74.9316   8.65631
54.3   61.2078   7.82354
54.32   51.438   7.17203
54.34   44.1511   6.64463
54.36   38.5413   6.20816
54.38   34.1205   5.84128
54.4   29.6828   5.44819
54.42   26.812   5.17803
54.44   24.4445   4.94413
54.46   22.4721   4.74048
54.48   20.8164   4.56249
54.5   19.4191   4.40672
54.52   18.2373   4.4
54.54   17.2384   4.4
54.56   16.3988   4.4
54.58   15.7012   4.4
54.6   15.1343   4.4
54.62   14.6919   4.4
54.64   14.3731   4.4
54.66   14.1831   4.4
54.68   14.1347   4.4
54.7   14.2515   4.4
54.72   14.5744   4.4
54.74   15.1769   4.4
54.76   16.2005   4.4
54.78   17.9256   4.4
54.8   20.8674   4.56809
54.82   25.8128   5.08063
54.84   33.3781   5.77738
54.86   43.9311   6.62806
54.88   52.9411   7.27607
54.9   53.0642   7.28451
54.92   46.3996   6.81172
54.94   37.4595   6.12042
54.96   33.694   5.80465
54.98   33.9299   5.82494
55   38.4007   6.19683
55.02   48.3628   6.95434
55.04   65.9731   8.12238
55.06   95.1523   9.7546
55.08   135.151   11.6254
55.1   170.916   13.0735
55.12   174.395   13.2059
55.14   152.17   12.3357
55.16   131.176   11.4532
55.18   114.884   10.7184
55.2   99.9029   9.99514
55.22   86.4965   9.30035
55.24   72.8993   8.53811
55.26   63.2075   7.95031
55.28   62.0645   7.87811
55.3   71.0381   8.42841
55.32   88.987   9.43329
55.34   106.163   10.3035
55.36   103.739   10.1852
55.38   80.7782   8.98767
55.4   56.9777   7.54836
55.42   39.791   6.30801
55.44   28.8619   5.37233
55.46   22.2418   4.71612
55.48   18.1701   4.4
55.5   15.5221   4.4
55.52   13.7182   4.4
55.54   12.4013   4.4
55.56   11.4317   4.4
55.58   10.7122   4.4
55.6   10.0931   4.4
55.62   9.24006   4.4
55.64   8.98726   4.4
55.66   9.11259   4.4
55.68   9.04815   4.4
55.7   9.05792   4.4
55.72   9.13568   4.4
55.74   9.27774   4.4
55.76   9.48247   4.4
55.78   9.89447   4.4
55.8   10.2309   4.4
55.82   10.6357   4.4
55.84   11.1141   4.4
55.86   11.6732   4.4
55.88   12.3223   4.4
55.9   13.8701   4.4
55.92   14.7596   4.4
55.94   15.7853   4.4
55.96   16.9707   4.4
55.98   18.3457   4.4
56   19.9484   4.46636
56.02   21.8274   4.67199
56.04   24.0465   4.90372
56.06   26.689   5.16614
56.08   29.8666   5.46504
56.1   33.7308   5.80782
56.12   38.491   6.20411
56.14   44.662   6.68296
56.16   52.2398   7.22771
56.18   62.0759   7.87883
56.2   75.1711   8.67013
56.22   93.2258   9.65535
56.24   119.443   10.929
56.26   160.211   12.6575
56.28   227.629   15.0874
56.3   341.097   18.4688
56.32   523.568   22.8816
56.34   781.177   27.9495
56.36   1033.79   32.1526
56.38   1069.02   32.6958
56.4   846.791   29.0997
56.42   578.949   24.0614
56.44   379.596   19.4832
56.46   253.528   15.9226
56.48   179.49   13.3974
56.5   135.418   11.6369
56.52   108.24   10.4038
56.54   90.5541   9.51599
56.56   78.6934   8.87093
56.58   70.6728   8.40671
56.6   66.4979   8.15463
56.62   64.1798   8.01123
56.64   64.2628   8.01641
56.66   66.965   8.18321
56.68   73.5125   8.57394
56.7   85.0658   9.22311
56.72   105.376   10.2653
56.74   139.901   11.828
56.76   194.806   13.9573
56.78   270.098   16.4347
56.8   349.692   18.7001
56.82   403.226   20.0805
56.84   389.98   19.7479
56.86   324.37   18.0103
56.88   254.093   15.9403
56.9   194.78   13.9564
56.92   154.161   12.4162
56.94   132.331   11.5035
56.96   120.826   10.9921
56.98   111.766   10.572
57   106.691   10.3292
57.02   110.093   10.4925
57.04   125.698   11.2115
57.06   158.433   12.587
57.08   213.829   14.6229
57.1   290.983   17.0582
57.12   360.833   18.9956
57.14   367.886   19.1804
57.16   324.381   18.0106
57.18   291.134   17.0627
57.2   288.521   16.9859
57.22   296.157   17.2092
57.24   285.827   16.9064
57.26   273.96   16.5517
57.28   293.824   17.1413
57.3   366.912   19.155
57.32   506.372   22.5027
57.34   703.853   26.5302
57.36   865.423   29.4181
57.38   828.563   28.7848
57.4   631.995   25.1395
57.42   437.23   20.9101
57.44   302.601   17.3954
57.46   223.324   14.944
57.48   183.674   13.5526
57.5   172.341   13.1279
57.52   184.815   13.5947
57.54   219.521   14.8162
57.56   265.839   16.3046
57.58   285.605   16.8999
57.6   249.519   15.7962
57.62   191.586   13.8415
57.64   144.952   12.0396
57.66   115.323   10.7388
57.68   99.0093   9.95034
57.7   91.5969   9.57063
57.72   90.0965   9.49192
57.74   93.1297   9.65037
57.76   100.586   10.0293
57.78   113.485   10.6529
57.8   134.377   11.5921
57.82   168.362   12.9754
57.84   224.36   14.9787
57.86   313.846   17.7157
57.88   448.476   21.1772
57.9   618.53   24.8703
57.92   776.155   27.8596
57.94   816.589   28.576
57.96   734.887   27.1088
57.98   672.34   25.9295
58   703.892   26.531
58.02   808.325   28.4311
58.04   859.101   29.3104
58.06   755.183   27.4806
58.08   601.525   24.526
58.1   507.013   22.5169
58.12   490.621   22.15
58.14   509.255   22.5667
58.16   476.323   21.8248
58.18   373.699   19.3313
58.2   267.105   16.3433
58.22   188.934   13.7453
58.24   138.189   11.7554
58.26   106.425   10.3162
58.28   86.0668   9.27722
58.3   72.3915   8.50832
58.32   62.3641   7.89709
58.34   55.081   7.42166
58.36   49.6139   7.04372
58.38   45.4514   6.74176
58.4   42.3053   6.50425
58.42   39.9663   6.32189
58.44   38.3714   6.19447
58.46   37.4381   6.11867
58.48   37.1567   6.09563
58.5   37.559   6.12854
58.52   38.706   6.22141
58.54   40.6857   6.37854
58.56   43.7355   6.61328
58.58   48.3626   6.95432
58.6   55.4148   7.44411
58.62   66.2167   8.13737
58.64   84.4899   9.19184
58.66   115.787   10.7604
58.68   168.166   12.9679
58.7   249.395   15.7922
58.72   353.856   18.8111
58.74   426.939   20.6625
58.76   394.198   19.8544
58.78   292.792   17.1112
58.8   198.961   14.1053
58.82   134.712   11.6065
58.84   94.6517   9.72891
58.86   71.5854   8.46081
58.88   57.7683   7.60054
58.9   49.2274   7.01623
58.92   43.4291   6.59008
58.94   39.4825   6.28351
58.96   36.8134   6.0674
58.98   35.0869   5.92342
59   34.0967   5.83924
59.02   33.7152   5.80648
59.04   33.7265   5.80745
59.06   34.3835   5.86374
59.08   35.5318   5.96085
59.1   37.1934   6.09864
59.12   39.4184   6.27841
59.14   42.2889   6.50299
59.16   45.9263   6.7769
59.18   50.5043   7.10664
59.2   56.2694   7.5013
59.22   63.5737   7.97331
59.24   72.9285   8.53982
59.26   85.0972   9.22481
59.28   101.277   10.0636
59.3   123.505   11.1133
59.32   155.613   12.4745
59.34   205.149   14.323
59.36   285.848   16.907
59.38   418.887   20.4667
59.4   627.746   25.0549
59.42   911.49   30.1909
59.44   1169.53   34.1984
59.46   1198.88   34.6248
59.48   1035.77   32.1833
59.5   907.968   30.1325
59.52   910.103   30.1679
59.54   986.896   31.4149
59.56   978.133   31.2751
59.58   802.892   28.3354
59.6   572.562   23.9283
59.62   389.103   19.7257
59.64   267.367   16.3514
59.66   192.285   13.8667
59.68   145.995   12.0828
59.7   116.176   10.7785
59.72   95.7558   9.78549
59.74   81.0495   9.00275
59.76   70.1174   8.37361
59.78   61.8504   7.8645
59.8   55.6839   7.46217
59.82   50.9281   7.13639
59.84   47.4124   6.88567
59.86   44.9554   6.70488
59.88   43.4607   6.59247
59.9   42.9078   6.5504
59.92   43.3564   6.58456
59.94   44.9714   6.70607
59.96   48.0876   6.93452
59.98   53.362   7.30493
60   62.0683   7.87835
60.02   76.5161   8.74735
60.04   100.361   10.018
60.06   138.22   11.7567
60.08   192.27   13.8661
60.1   252.049   15.8761
60.12   300.451   17.3335
60.14   345.277   18.5816
60.16   373.29   19.3207
60.18   336.094   18.3329
60.2   255.288   15.9777
60.22   184.646   13.5885
60.24   141.827   11.9091
60.26   124.972   11.1791
60.28   131.031   11.4469
60.3   158.231   12.579
60.32   200.137   14.147
60.34   229.21   15.1397
60.36   210.601   14.5121
60.38   163.396   12.7827
60.4   123.669   11.1207
60.42   102.474   10.1229
60.44   98.3584   9.91758
60.46   104.061   10.201
60.48   103.844   10.1904
60.5   87.3885   9.34818
60.52   65.56   8.09691
60.54   48.1662   6.94019
60.56   36.5057   6.04199
60.58   29.1478   5.39887
60.6   24.5229   4.95206
60.62   21.5345   4.64053
60.64   20.6772   4.54722
60.66   19.4938   4.41517
60.68   19.3681   4.40092
60.7   19.668   4.43486
60.72   21.1104   4.5946
60.74   24.3051   4.93002
60.76   29.9709   5.47456
60.78   38.6138   6.214
60.8   46.4035   6.81201
60.82   46.7201   6.83521
60.84   39.1414   6.25631
60.86   30.7553   5.54574
60.88   25.0273   5.00273
60.9   22.1983   4.71151
60.92   21.3124   4.61653
60.94   22.9753   4.79326
60.96   27.3718   5.2318
60.98   32.9861   5.74335
61   35.7849   5.98204
61.02   33.062   5.74996
61.04   27.2464   5.21981
61.06   23.0609   4.80217
61.08   20.9052   4.57222
61.1   20.505   4.52825
61.12   21.5886   4.64635
61.14   24.2304   4.92244
61.16   29.0887   5.39339
61.18   37.6582   6.13663
61.2   52.3413   7.23473
61.22   75.7552   8.70375
61.24   107.561   10.3711
61.26   134.897   11.6145
61.28   132.316   11.5029
61.3   102.942   10.1461
61.32   72.2418   8.49952
61.34   50.4279   7.10126
61.36   36.9659   6.07996
61.38   29.1343   5.39762
61.4   24.5921   4.95904
61.42   21.868   4.67632
61.44   20.1834   4.4926
61.46   19.1508   4.4
61.48   18.5679   4.4
61.5   18.3195   4.4
61.52   18.3354   4.4
61.54   18.5725   4.4
61.56   19.0053   4.4
61.58   19.5009   4.41598
61.6   20.2984   4.50538
61.62   21.2787   4.61289
61.64   22.1704   4.70854
61.66   23.5638   4.85425
61.68   25.1942   5.01938
61.7   27.0959   5.20537
61.72   29.3137   5.41421
61.74   31.9059   5.64853
61.76   34.948   5.91169
61.78   38.5386   6.20795
61.8   42.8299   6.54446
61.82   47.7678   6.91142
61.84   53.9805   7.34714
61.86   61.6034   7.84878
61.88   71.0929   8.43166
61.9   83.1075   9.11633
61.92   98.6297   9.93125
61.94   119.135   10.9149
61.96   147.406   12.1411
61.98   188.363   13.7245
62   251.848   15.8697
62.02   355.975   18.8673
62.04   528.803   22.9957
62.06   801.393   28.3089
62.08   1173.15   34.2513
62.1   1510.44   38.8643
62.12   1548.01   39.3448
62.14   1284.93   35.8459
62.16   982.505   31.3449
62.18   797.109   28.2331
62.2   732.278   27.0606
62.22   697.207   26.4047
62.24   593.092   24.3535
62.26   452.724   21.2773
62.28   340.78   18.4602
62.3   271.004   16.4622
62.32   236.978   15.3941
62.34   231.901   15.2283
62.36   256.025   16.0008
62.38   318.463   17.8455
62.4   435.564   20.8702
62.42   620.367   24.9072
62.44   843.88   29.0496
62.46   966.83   31.0939
62.48   878.147   29.6335
62.5   680.121   26.0791
62.52   479.66   21.9011
62.54   325.112   18.0309
62.56   223.703   14.9567
62.58   161.131   12.6938
62.6   122.285   11.0583
62.62   97.0035   9.84903
62.64   79.5152   8.91713
62.66   66.7583   8.17058
62.68   57.0857   7.55551
62.7   49.5456   7.03886
62.72   43.5417   6.59862
62.74   38.6772   6.2191
62.76   34.5576   5.87857
62.78   31.2305   5.58842
62.8   28.4309   5.33207
62.82   26.0538   5.10429
62.84   24.0199   4.90101
62.86   22.2689   4.71899
62.88   20.7544   4.5557
62.9   19.4395   4.40902
62.92   18.296   4.4
62.94   17.3018   4.4
62.96   16.4399   4.4
62.98   15.6977   4.4
63   15.0665   4.4
63.02   14.5416   4.4
63.04   14.4018   4.4
63.06   14.1025   4.4
63.08   13.9288   4.4
63.1   13.9086   4.4
63.12   14.0984   4.4
63.14   14.6152   4.4
63.16   15.6876   4.4
63.18   17.9389   4.4
63.2   21.3855   4.62444
63.22   26.525   5.15025
63.24   32.1656   5.67147
63.26   34.0987   5.83941
63.28   30.1975   5.49522
63.3   24.5988   4.95972
63.32   20.3601   4.51222
63.34   17.8938   4.4
63.36   16.8655   4.4
63.38   16.9685   4.4
63.4   18.0783   4.4
63.42   20.1733   4.49147
63.44   22.5513   4.74883
63.46   23.5969   4.85767
63.48   22.6394   4.75809
63.5   21.3205   4.61742
63.52   20.7549   4.55576
63.54   21.099   4.59336
63.56   22.2605   4.71811
63.58   23.0838   4.80456
63.6   25.4718   5.04696
63.62   29.3752   5.41989
63.64   34.5777   5.88028
63.66   42.0812   6.487
63.68   52.9036   7.27349
63.7   70.3575   8.38794
63.72   97.0998   9.85392
63.74   135.097   11.6231
63.76   178.738   13.3693
63.78   211.085   14.5288
63.8   236.243   15.3702
63.82   287.366   16.9519
63.84   384.059   19.5974
63.86   503.948   22.4488
63.88   552.952   23.5149
63.9   465.572   21.5771
63.92   327.235   18.0896
63.94   216.284   14.7066
63.96   143.501   11.9792
63.98   99.6714   9.98355
64   73.5928   8.57863
64.02   57.4417   7.57903
64.04   46.7783   6.83946
64.06   39.3473   6.27274
64.08   33.9969   5.83068
64.1   30.0859   5.48506
64.12   27.3603   5.23071
64.14   25.3028   5.03019
64.16   23.9699   4.8959
64.18   23.0925   4.80546
64.2   22.6971   4.76415
64.22   22.7644   4.7712
64.24   23.3102   4.82806
64.26   24.3885   4.93847
64.28   26.0973   5.10855
64.3   28.5853   5.34652
64.32   32.0604   5.66219
64.34   37.1718   6.09687
64.36   44.2359   6.65101
64.38   55.1911   7.42907
64.4   73.1278   8.55148
64.42   103.075   10.1526
64.44   151.282   12.2997
64.46   221.153   14.8712
64.48   294.682   17.1663
64.5   318.993   17.8604
64.52   276.053   16.6148
64.54   223.033   14.9343
64.56   199.233   14.115
64.58   212.216   14.5676
64.6   252.66   15.8953
64.62   283.04   16.8238
64.64   255.956   15.9986
64.66   191.65   13.8438
64.68   133.634   11.56
64.7   94.1028   9.70066
64.72   70.0419   8.3691
64.74   56.2534   7.50023
64.76   49.0423   7.00302
64.78   45.6845   6.75903
64.8   45.896   6.77466
64.82   50.1684   7.08297
64.84   59.62   7.7214
64.86   74.0571   8.60564
64.88   88.548   9.41
64.9   90.9425   9.53638
64.92   80.3279   8.96258
64.94   69.5566   8.34006
64.96   65.8745   8.11631
64.98   71.5946   8.46136
65   88.6368   9.41471
65.02   118.786   10.8989
65.04   158.596   12.5935
65.06   187.657   13.6988
65.08   183.181   13.5344
65.1   156.75   12.52
65.12   125.143   11.1867
65.14   99.0816   9.95397
65.16   84.0878   9.16994
65.18   79.9801   8.94316
65.2   86.2705   9.28819
65.22   105.101   10.2519
65.24   141.915   11.9128
65.26   203.601   14.2689
65.28   290.975   17.058
65.3   372.918   19.3111
65.32   376.738   19.4097
65.34   297.438   17.2464
65.36   208.636   14.4442
65.38   144.426   12.0177
65.4   105.166   10.255
65.42   83.4601   9.13565
65.44   72.7495   8.52933
65.46   69.2213   8.31993
65.48   71.7411   8.47001
65.5   81.4557   9.02528
65.52   101.478   10.0736
65.54   135.893   11.6573
65.56   185.577   13.6227
65.58   236.311   15.3724
65.6   253.341   15.9167
65.62   226.83   15.0609
65.64   180.478   13.4342
65.66   141.687   11.9032
65.68   120.311   10.9686
65.7   116.03   10.7717
65.72   128.421   11.3323
65.74   160.453   12.667
65.76   215.902   14.6936
65.78   294.163   17.1512
65.8   367.676   19.1749
65.82   385.981   19.6464
65.84   369.708   19.2278
65.86   381.789   19.5394
65.88   452.118   21.2631
65.9   555.917   23.5779
65.92   593.684   24.3656
65.94   499.038   22.3391
65.96   357.558   18.9092
65.98   245.154   15.6574
66   172.363   13.1287
66.02   129.399   11.3754
66.04   105.251   10.2592
66.06   92.345   9.60963
66.08   86.7453   9.31372
66.1   86.9555   9.32499
66.12   94.2728   9.70942
66.14   111.585   10.5634
66.16   144.605   12.0252
66.18   200.591   14.163
66.2   282.508   16.808
66.22   368.535   19.1973
66.24   398.542   19.9635
66.26   362.63   19.0429
66.28   315.318   17.7572
66.3   263.674   16.238
66.32   199.761   14.1337
66.34   142.764   11.9484
66.36   102.871   10.1426
66.38   77.3798   8.79658
66.4   61.5359   7.84448
66.42   51.4737   7.17452
66.44   44.7937   6.69281
66.46   40.1605   6.33723
66.48   36.8618   6.07139
66.5   34.5018   5.87382
66.52   32.709   5.71918
66.54   31.6009   5.62146
66.56   30.9007   5.55884
66.58   30.6241   5.5339
66.6   30.6895   5.53981
66.62   31.075   5.57449
66.64   31.7739   5.63683
66.66   32.7932   5.72653
66.68   34.1532   5.84407
66.7   35.889   5.99074
66.72   38.0527   6.16869
66.74   42.0054   6.48116
66.76   45.3121   6.73143
66.78   49.3686   7.02628
66.8   54.0344   7.35081
66.82   60.2875   7.7645
66.84   68.1977   8.25819
66.86   78.4094   8.85491
66.88   91.9891   9.59109
66.9   110.891   10.5305
66.92   138.94   11.7873
66.94   183.333   13.5401
66.96   255.813   15.9942
66.98   370.286   19.2428
67   532.307   23.0718
67.02   699.219   26.4428
67.04   749.045   27.3687
67.06   651.091   25.5165
67.08   524.632   22.9048
67.1   436.305   20.8879
67.12   402.091   20.0522
67.14   428.124   20.6912
67.16   520.802   22.8211
67.18   690.412   26.2757
67.2   930.31   30.501
67.22   1201.89   34.6682
67.24   1522.43   39.0184
67.26   1898.23   43.5687
67.28   2056.49   45.3485
67.3   1750.2   41.8354
67.32   1263.49   35.5457
67.34   880.677   29.6762
67.36   653.274   25.5592
67.38   547.22   23.3927
67.4   502.286   22.4117
67.42   441.681   21.0162
67.44   348.294   18.6626
67.46   261.192   16.1614
67.48   197.761   14.0627
67.5   155.462   12.4685
67.52   127.866   11.3078
67.54   109.602   10.4691
67.56   97.2629   9.86219
67.58   89.0615   9.43724
67.6   84.3004   9.18152
67.62   83.1433   9.1183
67.64   86.7412   9.3135
67.66   97.413   9.8698
67.68   118.255   10.8745
67.7   150.829   12.2812
67.72   186.418   13.6535
67.74   196.956   14.0341
67.76   168.261   12.9716
67.78   128.629   11.3415
67.8   97.9748   9.89822
67.82   78.5699   8.86397
67.84   67.5133   8.21665
67.86   61.738   7.85735
67.88   59.1731   7.69241
67.9   58.7254   7.66325
67.92   59.9318   7.74156
67.94   62.6774   7.91691
67.96   67.0625   8.18917
67.98   73.3735   8.56583
68   82.1177   9.06188
68.02   94.1222   9.70166
68.04   110.751   10.5238
68.06   134.415   11.5937
68.08   169.787   13.0302
68.1   226.192   15.0397
68.12   320.771   17.9101
68.14   479.494   21.8974
68.16   729.488   27.009
68.18   1063.65   32.6136
68.2   1337.93   36.5777
68.22   1290.91   35.9292
68.24   978.757   31.2851
68.26   664.021   25.7686
68.28   443.983   21.0709
68.3   311.285   17.6433
68.32   239.154   15.4646
68.34   206.367   14.3655
68.36   200.168   14.1481
68.38   211.483   14.5425
68.4   221.735   14.8908
68.42   207.385   14.4009
68.44   177.919   13.3386
68.46   156.063   12.4925
68.48   148.168   12.1724
68.5   148.078   12.1687
68.52   148.181   12.173
68.54   155.106   12.4541
68.56   179.568   13.4003
68.58   230.997   15.1986
68.6   315.202   17.7539
68.62   420.071   20.4956
68.64   495.493   22.2597
68.66   522.54   22.8591
68.68   541.318   23.2662
68.7   526.221   22.9395
68.72   443.259   21.0537
68.74   336.101   18.3331
68.76   241.942   15.5545
68.78   171.368   13.0907
68.8   126.15   11.2316
68.82   100.258   10.0129
68.84   87.4974   9.354
68.86   82.2201   9.06753
68.88   76.7733   8.76204
68.9   65.5532   8.09649
68.92   52.7216   7.26097
68.94   42.2323   6.49864
68.96   34.7125   5.89173
68.98   29.4798   5.42953
69   25.7618   5.07561
69.02   22.9963   4.79545
69.04   20.8432   4.56544
69.06   19.1113   4.4
69.08   17.6896   4.4
69.1   16.5078   4.4
69.12   15.5178   4.4
69.14   14.685   4.4
69.16   13.9839   4.4
69.18   13.3953   4.4
69.2   12.756   4.4
69.22   12.3568   4.4
69.24   12.0368   4.4
69.26   11.79   4.4
69.28   11.6125   4.4
69.3   11.5023   4.4
69.32   11.4587   4.4
69.34   11.4827   4.4
69.36   11.5771   4.4
69.38   11.7463   4.4
69.4   11.997   4.4
69.42   12.3384   4.4
69.44   12.783   4.4
69.46   13.3473   4.4
69.48   14.0534   4.4
69.5   14.9307   4.4
69.52   16.0189   4.4
69.54   17.3721   4.4
69.56   19.0655   4.4
69.58   21.2058   4.60498
69.6   23.9485   4.89372
69.62   27.5297   5.24687
69.64   32.3331   5.68622
69.66   39.0474   6.24879
69.68   47.7335   6.90894
69.7   63.5488   7.97175
69.72   89.5111   9.46103
69.74   131.337   11.4602
69.76   192.859   13.8874
69.78   263.451   16.2312
69.8   299.129   17.2953
69.82   271.426   16.475
69.84   225.976   15.0325
69.86   205.587   14.3383
69.88   219.838   14.8269
69.9   256.75   16.0234
69.92   275.144   16.5875
69.94   242.095   15.5594
69.96   189.562   13.7681
69.98   152.902   12.3654
70   141.805   11.9082
