1.54056
5   0   4.4
5.02   0   4.4
5.04   0   4.4
5.06   0   4.4
5.08   0   4.4
5.1   0   4.4
5.12   0   4.4
5.14   0   4.4
5.16   0   4.4
5.18   0   4.4
5.2   0   4.4
5.22   0   4.4
5.24   0   4.4
5.26   0   4.4
5.28   0   4.4
5.3   0   4.4
5.32   0   4.4
5.34   0   4.4
5.36   0   4.4
5.38   0   4.4
5.4   0   4.4
5.42   0   4.4
5.44   0   4.4
5.46   0   4.4
5.48   0   4.4
5.5   0   4.4
5.52   0   4.4
5.54   0   4.4
5.56   0   4.4
5.58   0   4.4
5.6   0   4.4
5.62   0   4.4
5.64   0   4.4
5.66   0   4.4
5.68   0   4.4
5.7   0   4.4
5.72   0   4.4
5.74   0   4.4
5.76   0   4.4
5.78   0   4.4
5.8   0   4.4
5.82   0   4.4
5.84   0   4.4
5.86   0   4.4
5.88   0   4.4
5.9   0   4.4
5.92   0   4.4
5.94   0   4.4
5.96   0   4.4
5.98   0   4.4
6   0   4.4
6.02   0   4.4
6.04   0   4.4
6.06   0   4.4
6.08   0   4.4
6.1   0   4.4
6.12   0   4.4
6.14   0   4.4
6.16   0   4.4
6.18   0   4.4
6.2   0   4.4
6.22   0   4.4
6.24   0   4.4
6.26   0   4.4
6.28   0   4.4
6.3   0   4.4
6.32   0   4.4
6.34   0   4.4
6.36   0   4.4
6.38   0   4.4
6.4   0   4.4
6.42   0   4.4
6.44   0   4.4
6.46   0   4.4
6.48   0   4.4
6.5   0   4.4
6.52   0   4.4
6.54   0   4.4
6.56   0   4.4
6.58   0   4.4
6.6   0   4.4
6.62   0   4.4
6.64   0   4.4
6.66   0   4.4
6.68   0   4.4
6.7   0   4.4
6.72   0   4.4
6.74   0   4.4
6.76   0   4.4
6.78   0   4.4
6.8   0   4.4
6.82   0   4.4
6.84   0   4.4
6.86   0   4.4
6.88   0   4.4
6.9   0   4.4
6.92   0   4.4
6.94   0   4.4
6.96   0   4.4
6.98   0   4.4
7   0   4.4
7.02   0   4.4
7.04   0   4.4
7.06   0   4.4
7.08   0   4.4
7.1   0   4.4
7.12   0   4.4
7.14   0   4.4
7.16   0   4.4
7.18   0   4.4
7.2   0   4.4
7.22   0   4.4
7.24   0   4.4
7.26   0   4.4
7.28   0   4.4
7.3   0   4.4
7.32   0   4.4
7.34   0   4.4
7.36   0   4.4
7.38   0   4.4
7.4   0   4.4
7.42   0   4.4
7.44   0   4.4
7.46   0   4.4
7.48   0   4.4
7.5   0   4.4
7.52   0   4.4
7.54   0   4.4
7.56   0   4.4
7.58   0   4.4
7.6   0   4.4
7.62   0   4.4
7.64   0   4.4
7.66   0   4.4
7.68   0   4.4
7.7   0   4.4
7.72   0   4.4
7.74   0   4.4
7.76   0   4.4
7.78   0   4.4
7.8   0   4.4
7.82   0   4.4
7.84   0   4.4
7.86   0   4.4
7.88   0   4.4
7.9   0   4.4
7.92   0   4.4
7.94   0   4.4
7.96   0   4.4
7.98   0   4.4
8   0   4.4
8.02   0   4.4
8.04   0   4.4
8.06   0   4.4
8.08   0   4.4
8.1   0   4.4
8.12   0   4.4
8.14   0   4.4
8.16   0   4.4
8.18   0   4.4
8.2   0   4.4
8.22   0   4.4
8.24   0   4.4
8.26   0   4.4
8.28   0   4.4
8.3   0   4.4
8.32   0   4.4
8.34   0   4.4
8.36   0   4.4
8.38   0   4.4
8.4   0   4.4
8.42   0   4.4
8.44   0   4.4
8.46   0   4.4
8.48   0   4.4
8.5   0   4.4
8.52   0   4.4
8.54   0   4.4
8.56   0   4.4
8.58   0   4.4
8.6   0   4.4
8.62   0   4.4
8.64   0   4.4
8.66   0   4.4
8.68   0   4.4
8.7   0   4.4
8.72   0   4.4
8.74   0   4.4
8.76   0   4.4
8.78   0   4.4
8.8   0   4.4
8.82   0   4.4
8.84   0   4.4
8.86   0   4.4
8.88   0   4.4
8.9   0   4.4
8.92   0   4.4
8.94   0   4.4
8.96   0   4.4
8.98   0   4.4
9   0   4.4
9.02   0   4.4
9.04   0   4.4
9.06   0   4.4
9.08   0   4.4
9.1   0   4.4
9.12   0   4.4
9.14   0   4.4
9.16   0   4.4
9.18   0   4.4
9.2   0   4.4
9.22   0   4.4
9.24   0   4.4
9.26   0   4.4
9.28   0   4.4
9.3   0   4.4
9.32   0   4.4
9.34   0   4.4
9.36   0   4.4
9.38   0   4.4
9.4   0   4.4
9.42   0   4.4
9.44   0   4.4
9.46   0   4.4
9.48   0   4.4
9.5   0   4.4
9.52   0   4.4
9.54   0   4.4
9.56   0   4.4
9.58   0   4.4
9.6   0   4.4
9.62   0   4.4
9.64   0   4.4
9.66   0   4.4
9.68   0   4.4
9.7   0   4.4
9.72   0   4.4
9.74   0   4.4
9.76   0   4.4
9.78   0   4.4
9.8   0   4.4
9.82   0   4.4
9.84   0   4.4
9.86   0   4.4
9.88   0   4.4
9.9   0   4.4
9.92   0   4.4
9.94   0   4.4
9.96   0   4.4
9.98   0   4.4
10   0   4.4
10.02   0   4.4
10.04   0   4.4
10.06   0   4.4
10.08   0   4.4
10.1   0   4.4
10.12   0   4.4
10.14   0   4.4
10.16   0   4.4
10.18   0   4.4
10.2   0   4.4
10.22   0   4.4
10.24   0   4.4
10.26   0   4.4
10.28   0   4.4
10.3   0   4.4
10.32   0   4.4
10.34   0   4.4
10.36   0   4.4
10.38   0   4.4
10.4   0   4.4
10.42   0   4.4
10.44   0   4.4
10.46   0   4.4
10.48   0   4.4
10.5   0   4.4
10.52   0   4.4
10.54   0   4.4
10.56   0   4.4
10.58   0   4.4
10.6   0   4.4
10.62   0   4.4
10.64   0   4.4
10.66   0   4.4
10.68   0   4.4
10.7   0   4.4
10.72   0   4.4
10.74   0   4.4
10.76   0   4.4
10.78   0   4.4
10.8   0   4.4
10.82   0   4.4
10.84   0   4.4
10.86   0   4.4
10.88   0   4.4
10.9   0   4.4
10.92   0   4.4
10.94   0   4.4
10.96   0   4.4
10.98   0   4.4
11   0   4.4
11.02   0   4.4
11.04   0   4.4
11.06   0   4.4
11.08   0   4.4
11.1   0   4.4
11.12   0   4.4
11.14   0   4.4
11.16   0   4.4
11.18   0   4.4
11.2   0   4.4
11.22   0   4.4
11.24   0   4.4
11.26   0   4.4
11.28   0   4.4
11.3   0   4.4
11.32   0   4.4
11.34   0   4.4
11.36   0   4.4
11.38   0   4.4
11.4   0   4.4
11.42   0   4.4
11.44   0   4.4
11.46   0   4.4
11.48   0   4.4
11.5   0   4.4
11.52   0   4.4
11.54   0   4.4
11.56   0   4.4
11.58   0   4.4
11.6   0   4.4
11.62   0   4.4
11.64   0   4.4
11.66   0   4.4
11.68   0   4.4
11.7   0   4.4
11.72   0   4.4
11.74   0   4.4
11.76   0   4.4
11.78   0   4.4
11.8   0   4.4
11.82   0   4.4
11.84   0   4.4
11.86   0   4.4
11.88   0   4.4
11.9   0   4.4
11.92   0   4.4
11.94   0   4.4
11.96   0   4.4
11.98   0   4.4
12   0   4.4
12.02   0   4.4
12.04   0   4.4
12.06   0   4.4
12.08   0   4.4
12.1   0   4.4
12.12   0   4.4
12.14   0   4.4
12.16   0   4.4
12.18   0   4.4
12.2   0   4.4
12.22   0   4.4
12.24   0   4.4
12.26   0   4.4
12.28   0   4.4
12.3   0   4.4
12.32   0   4.4
12.34   0   4.4
12.36   0   4.4
12.38   0   4.4
12.4   0   4.4
12.42   0   4.4
12.44   0   4.4
12.46   0   4.4
12.48   0   4.4
12.5   0   4.4
12.52   0   4.4
12.54   0   4.4
12.56   0   4.4
12.58   0   4.4
12.6   0   4.4
12.62   0   4.4
12.64   0   4.4
12.66   0   4.4
12.68   0   4.4
12.7   0   4.4
12.72   0   4.4
12.74   0   4.4
12.76   0   4.4
12.78   0   4.4
12.8   0   4.4
12.82   0   4.4
12.84   0   4.4
12.86   0   4.4
12.88   0   4.4
12.9   0   4.4
12.92   0   4.4
12.94   0   4.4
12.96   0   4.4
12.98   0   4.4
13   0   4.4
13.02   0   4.4
13.04   0   4.4
13.06   0   4.4
13.08   0   4.4
13.1   0   4.4
13.12   0   4.4
13.14   0   4.4
13.16   0   4.4
13.18   0   4.4
13.2   0   4.4
13.22   0   4.4
13.24   0   4.4
13.26   0   4.4
13.28   0   4.4
13.3   0   4.4
13.32   0   4.4
13.34   0   4.4
13.36   0   4.4
13.38   0   4.4
13.4   0   4.4
13.42   0   4.4
13.44   0   4.4
13.46   0   4.4
13.48   0   4.4
13.5   0   4.4
13.52   0   4.4
13.54   0   4.4
13.56   0   4.4
13.58   0   4.4
13.6   0   4.4
13.62   0   4.4
13.64   0   4.4
13.66   0   4.4
13.68   0   4.4
13.7   0   4.4
13.72   0   4.4
13.74   0   4.4
13.76   0   4.4
13.78   0   4.4
13.8   0   4.4
13.82   0   4.4
13.84   0   4.4
13.86   0   4.4
13.88   0   4.4
13.9   0   4.4
13.92   0   4.4
13.94   0   4.4
13.96   0   4.4
13.98   0   4.4
14   0   4.4
14.02   0   4.4
14.04   0   4.4
14.06   0   4.4
14.08   0   4.4
14.1   0   4.4
14.12   0   4.4
14.14   0   4.4
14.16   0   4.4
14.18   0   4.4
14.2   0   4.4
14.22   0   4.4
14.24   0   4.4
14.26   0   4.4
14.28   0   4.4
14.3   0   4.4
14.32   0   4.4
14.34   0   4.4
14.36   0   4.4
14.38   0   4.4
14.4   0   4.4
14.42   0   4.4
14.44   0   4.4
14.46   0   4.4
14.48   0   4.4
14.5   0   4.4
14.52   0   4.4
14.54   0   4.4
14.56   0   4.4
14.58   0   4.4
14.6   0   4.4
14.62   0   4.4
14.64   0   4.4
14.66   0   4.4
14.68   0.170922   4.4
14.7   0.175671   4.4
14.72   0.180621   4.4
14.74   0.185783   4.4
14.76   0.191169   4.4
14.78   0.196793   4.4
14.8   0.203616   4.4
14.82   0.209786   4.4
14.84   0.21624   4.4
14.86   0.222996   4.4
14.88   0.230074   4.4
14.9   0.237494   4.4
14.92   0.245279   4.4
14.94   0.253452   4.4
14.96   0.262041   4.4
14.98   0.271073   4.4
15   0.280581   4.4
15.02   0.290597   4.4
15.04   0.301159   4.4
15.06   0.312307   4.4
15.08   0.324086   4.4
15.1   0.336543   4.4
15.12   0.349731   4.4
15.14   0.36371   4.4
15.16   0.378543   4.4
15.18   0.394302   4.4
15.2   0.411064   4.4
15.22   0.428918   4.4
15.24   0.447959   4.4
15.26   0.468296   4.4
15.28   0.490048   4.4
15.3   0.51335   4.4
15.32   0.538352   4.4
15.34   0.565224   4.4
15.36   0.594156   4.4
15.38   0.625366   4.4
15.4   0.659096   4.4
15.42   0.695627   4.4
15.44   0.735276   4.4
15.46   0.778407   4.4
15.48   0.825441   4.4
15.5   0.876862   4.4
15.52   0.933231   4.4
15.54   0.995204   4.4
15.56   1.06354   4.4
15.58   1.13916   4.4
15.6   1.2231   4.4
15.62   1.31666   4.4
15.64   1.42133   4.4
15.66   1.53895   4.4
15.68   1.67175   4.4
15.7   1.82243   4.4
15.72   1.99434   4.4
15.74   2.19165   4.4
15.76   2.41958   4.4
15.78   2.68476   4.4
15.8   2.99574   4.4
15.82   3.36358   4.4
15.84   3.80293   4.4
15.86   4.33338   4.4
15.88   4.98162   4.4
15.9   5.78477   4.4
15.92   6.79548   4.4
15.94   8.09044   4.4
15.96   9.78517   4.4
15.98   12.0635   4.4
16   15.2449   4.4
16.02   19.9436   4.46583
16.04   27.3832   5.23289
16.06   39.8178   6.31013
16.08   60.6785   7.78964
16.1   93.5921   9.6743
16.12   137.803   11.739
16.14   174.68   13.2167
16.16   169.304   13.0117
16.18   128.004   11.3139
16.2   85.8011   9.26289
16.22   55.9853   7.48233
16.24   37.4291   6.11793
16.26   26.2185   5.1204
16.28   19.2918   4.4
16.3   14.8031   4.4
16.32   11.7267   4.4
16.34   9.51861   4.4
16.36   7.87818   4.4
16.38   6.62596   4.4
16.4   5.64837   4.4
16.42   4.87072   4.4
16.44   4.2422   4.4
16.46   3.72716   4.4
16.48   3.3   4.4
16.5   2.9419   4.4
16.52   2.6388   4.4
16.54   2.38004   4.4
16.56   2.15741   4.4
16.58   1.96451   4.4
16.6   1.79628   4.4
16.62   1.64871   4.4
16.64   1.51855   4.4
16.66   1.40317   4.4
16.68   1.30043   4.4
16.7   1.20855   4.4
16.72   1.12605   4.4
16.74   1.05171   4.4
16.76   0.984472   4.4
16.78   0.923474   4.4
16.8   0.867965   4.4
16.82   0.817306   4.4
16.84   0.77095   4.4
16.86   0.728423   4.4
16.88   0.689316   4.4
16.9   0.653271   4.4
16.92   0.619978   4.4
16.94   0.589164   4.4
16.96   0.560588   4.4
16.98   0.534041   4.4
17   0.509333   4.4
17.02   0.486299   4.4
17.04   0.464792   4.4
17.06   0.44468   4.4
17.08   0.425844   4.4
17.1   0.408179   4.4
17.12   0.39159   4.4
17.14   0.375992   4.4
17.16   0.361306   4.4
17.18   0.347464   4.4
17.2   0.334402   4.4
17.22   0.322062   4.4
17.24   0.310393   4.4
17.26   0.299346   4.4
17.28   0.288878   4.4
17.3   0.278949   4.4
17.32   0.269524   4.4
17.34   0.260567   4.4
17.36   0.25205   4.4
17.38   0.243944   4.4
17.4   0.236222   4.4
17.42   0.228861   4.4
17.44   0.221838   4.4
17.46   0.215134   4.4
17.48   0.208729   4.4
17.5   0.202606   4.4
17.52   0.196748   4.4
17.54   0.19114   4.4
17.56   0.185769   4.4
17.58   0.180621   4.4
17.6   0.175684   4.4
17.62   0.170946   4.4
17.64   0.00100249   4.4
17.66   0.000974482   4.4
17.68   0.000947635   4.4
17.7   1.01894   4.4
17.72   1.04784   4.4
17.74   1.07799   4.4
17.76   1.10946   4.4
17.78   1.14232   4.4
17.8   1.17667   4.4
17.82   1.21259   4.4
17.84   1.25018   4.4
17.86   1.28955   4.4
17.88   1.3308   4.4
17.9   1.37406   4.4
17.92   1.41947   4.4
17.94   1.46716   4.4
17.96   1.5173   4.4
17.98   1.57005   4.4
18   1.6256   4.4
18.02   1.68414   4.4
18.04   1.7459   4.4
18.06   1.81113   4.4
18.08   1.88007   4.4
18.1   1.95303   4.4
18.12   2.03031   4.4
18.14   2.11226   4.4
18.16   2.19928   4.4
18.18   2.29178   4.4
18.2   2.39024   4.4
18.22   2.49517   4.4
18.24   2.60716   4.4
18.26   2.72685   4.4
18.28   2.85497   4.4
18.3   2.99233   4.4
18.32   3.13983   4.4
18.34   3.2985   4.4
18.36   3.46948   4.4
18.38   3.65409   4.4
18.4   3.85382   4.4
18.42   4.07035   4.4
18.44   4.30563   4.4
18.46   4.56187   4.4
18.48   4.84164   4.4
18.5   5.1479   4.4
18.52   5.4841   4.4
18.54   5.85426   4.4
18.56   6.2631   4.4
18.58   6.71619   4.4
18.6   7.22014   4.4
18.62   7.78282   4.4
18.64   8.4137   4.4
18.66   9.12421   4.4
18.68   9.92829   4.4
18.7   10.843   4.4
18.72   11.8896   4.4
18.74   13.0945   4.4
18.76   14.4911   4.4
18.78   16.1221   4.4
18.8   18.0425   4.4
18.82   20.3244   4.50826
18.84   23.0638   4.80247
18.86   26.3899   5.13711
18.88   30.4808   5.52095
18.9   35.5862   5.96542
18.92   42.0647   6.48573
18.94   50.4459   7.10253
18.96   61.5462   7.84514
18.98   76.7143   8.75867
19   98.416   9.92048
19.02   131.533   11.4688
19.04   185.581   13.6228
19.06   276.79   16.637
19.08   426.726   20.6573
19.1   649.968   25.4945
19.12   906.176   30.1028
19.14   1021.13   31.9552
19.16   867.151   29.4474
19.18   608.35   24.6647
19.2   396.97   19.9241
19.22   258.242   16.0699
19.24   174.594   13.2134
19.26   124.937   11.1775
19.28   94.2102   9.70619
19.3   73.8393   8.59298
19.32   59.4737   7.71192
19.34   48.8977   6.99269
19.36   40.878   6.39359
19.38   34.6578   5.88708
19.4   29.7415   5.45358
19.42   26.4178   5.13982
19.44   23.2172   4.81843
19.46   20.58   4.53652
19.48   18.3831   4.4
19.5   16.5352   4.4
19.52   14.9676   4.4
19.54   13.6274   4.4
19.56   12.4739   4.4
19.58   11.475   4.4
19.6   10.6052   4.4
19.62   9.8443   4.4
19.64   9.17574   4.4
19.66   8.58617   4.4
19.68   8.0646   4.4
19.7   7.60197   4.4
19.72   7.19073   4.4
19.74   6.82461   4.4
19.76   6.4983   4.4
19.78   6.20737   4.4
19.8   5.94806   4.4
19.82   5.71717   4.4
19.84   5.51203   4.4
19.86   5.33033   4.4
19.88   5.17014   4.4
19.9   5.02983   4.4
19.92   4.90803   4.4
19.94   4.80361   4.4
19.96   4.71565   4.4
19.98   4.6434   4.4
20   4.58631   4.4
20.02   4.54399   4.4
20.04   4.51621   4.4
20.06   4.50287   4.4
20.08   4.50405   4.4
20.1   4.51999   4.4
20.12   4.55109   4.4
20.14   4.59792   4.4
20.16   4.66126   4.4
20.18   4.74209   4.4
20.2   4.84164   4.4
20.22   4.96143   4.4
20.24   5.10328   4.4
20.26   5.26941   4.4
20.28   5.46247   4.4
20.3   5.68569   4.4
20.32   5.94291   4.4
20.34   6.23879   4.4
20.36   6.57898   4.4
20.38   6.97035   4.4
20.4   7.42132   4.4
20.42   7.94227   4.4
20.44   8.54608   4.4
20.46   9.2489   4.4
20.48   10.0712   4.4
20.5   11.039   4.4
20.52   12.1861   4.4
20.54   13.5567   4.4
20.56   15.2097   4.4
20.58   17.2246   4.4
20.6   18.7238   4.4
20.62   21.8608   4.67555
20.64   25.8417   5.08347
20.66   30.9922   5.56706
20.68   37.8141   6.14932
20.7   47.1373   6.86566
20.72   60.4788   7.77681
20.74   80.8431   8.99128
20.76   114.084   10.681
20.78   170.181   13.0453
20.8   262.38   16.1981
20.82   399.587   19.9897
20.84   556.831   23.5973
20.86   626.899   25.038
20.88   531.91   23.0632
20.9   373.009   19.3134
20.92   243.377   15.6005
20.94   158.336   12.5832
20.96   107.067   10.3473
20.98   85.5024   9.24675
21   66.9152   8.18017
21.02   54.685   7.39493
21.04   46.1471   6.79316
21.06   39.9447   6.32018
21.08   35.3227   5.94329
21.1   31.8178   5.64073
21.12   29.1271   5.39696
21.14   27.0448   5.20046
21.16   25.4272   5.04254
21.18   24.172   4.91651
21.2   23.205   4.81715
21.22   22.4712   4.74038
21.24   21.9298   4.68293
21.26   21.5499   4.64218
21.28   21.3079   4.61605
21.3   21.1859   4.60281
21.32   21.17   4.60109
21.34   21.25   4.60977
21.36   21.4177   4.62792
21.38   21.6674   4.65483
21.4   21.9951   4.6899
21.42   22.3981   4.73266
21.44   22.8749   4.78277
21.46   23.4252   4.83996
21.48   24.0498   4.90406
21.5   24.7502   4.97495
21.52   25.5289   5.05261
21.54   26.3894   5.13706
21.56   27.3361   5.22839
21.58   28.3742   5.32675
21.6   29.5102   5.43233
21.62   30.7515   5.5454
21.64   32.1068   5.66629
21.66   33.5864   5.79538
21.68   35.202   5.93313
21.7   36.9671   6.08006
21.72   38.8975   6.23679
21.74   41.0114   6.40401
21.76   43.3297   6.58253
21.78   45.8769   6.77325
21.8   49.2543   7.01814
21.82   52.3656   7.23641
21.84   55.8074   7.47044
21.86   59.626   7.72179
21.88   63.8762   7.99226
21.9   68.6233   8.28392
21.92   73.9457   8.59917
21.94   79.9378   8.9408
21.96   86.7148   9.31208
21.98   94.4174   9.71686
22   103.22   10.1597
22.02   113.338   10.646
22.04   125.046   11.1824
22.06   138.69   11.7767
22.08   161.822   12.7209
22.1   181.015   13.4542
22.12   203.953   14.2812
22.14   231.67   15.2207
22.16   265.582   16.2967
22.18   307.663   17.5403
22.2   360.724   18.9927
22.22   428.881   20.7095
22.24   518.38   22.7679
22.26   639.28   25.284
22.28   809.394   28.4499
22.3   1063.39   32.6096
22.32   1469.41   38.3329
22.34   2152.27   46.3926
22.36   3291.4   57.3707
22.38   5056.7   71.1105
22.4   7319.51   85.5541
22.42   8922.86   94.4609
22.44   8235.66   90.7506
22.46   6040.34   77.7196
22.48   3998.09   63.2305
22.5   2595.52   50.9462
22.52   1734.95   41.6527
22.54   1225.41   35.0059
22.56   915.886   30.2636
22.58   715.387   26.7467
22.6   576.676   24.0141
22.62   476.012   21.8177
22.64   403.194   20.0797
22.66   345.455   18.5864
22.68   300.405   17.3322
22.7   264.734   16.2707
22.72   236.149   15.3672
22.74   213.027   14.5954
22.76   194.194   13.9353
22.78   178.79   13.3712
22.8   166.175   12.8909
22.82   155.871   12.4848
22.84   147.516   12.1456
22.86   140.837   11.8675
22.88   135.632   11.6461
22.9   131.756   11.4785
22.92   129.108   11.3626
22.94   127.631   11.2974
22.96   127.308   11.2831
22.98   128.161   11.3208
23   130.259   11.4131
23.02   133.726   11.564
23.04   138.756   11.7795
23.06   145.645   12.0684
23.08   154.837   12.4433
23.1   167.015   12.9234
23.12   183.309   13.5392
23.14   205.774   14.3448
23.16   238.374   15.4394
23.18   288.413   16.9827
23.2   367.345   19.1662
23.22   488.426   22.1004
23.24   654.426   25.5817
23.26   817.114   28.5852
23.28   859.318   29.3141
23.3   773.439   27.8108
23.32   681.686   26.1091
23.34   647.143   25.439
23.36   679.254   26.0625
23.38   781.166   27.9493
23.4   972.049   31.1777
23.42   1304.68   36.1203
23.44   1880.69   43.367
23.46   2845.89   53.3469
23.48   4322.14   65.743
23.5   6131.11   78.3014
23.52   7204.22   84.8777
23.54   6393.77   79.961
23.56   4597.18   67.8025
23.58   3033.31   55.0755
23.6   1983.45   44.536
23.62   1345.18   36.6767
23.64   967.423   31.1034
23.66   736.568   27.1398
23.68   586.056   24.2086
23.7   481.765   21.9491
23.72   406.499   20.1618
23.74   350.901   18.7324
23.76   309.37   17.5889
23.78   278.346   16.6837
23.8   255.524   15.9851
23.82   239.43   15.4735
23.84   229.195   15.1392
23.86   224.44   14.9813
23.88   225.238   15.0079
23.9   223.665   14.9554
23.92   238.184   15.4332
23.94   262.309   16.1959
23.96   300.15   17.3248
23.98   359.735   18.9667
24   457.308   21.3848
24.02   623.694   24.9739
24.04   908.095   30.1346
24.06   1368   36.9865
24.08   2015.74   44.897
24.1   2639.25   51.3736
24.12   2701.35   51.9745
24.14   2126.73   46.1164
24.16   1451.74   38.1017
24.18   951.785   30.851
24.2   635.048   25.2002
24.22   445.75   21.1128
24.24   331.833   18.2163
24.26   259.291   16.1025
24.28   209.722   14.4818
24.3   173.89   13.1867
24.32   146.976   12.1234
24.34   126.199   11.2338
24.36   109.804   10.4788
24.38   96.6261   9.82986
24.4   85.8613   9.26613
24.42   76.9423   8.77168
24.44   69.4599   8.33426
24.46   63.1126   7.94434
24.48   57.6745   7.59437
24.5   52.974   7.27832
24.52   48.8785   6.99131
24.54   45.2842   6.72935
24.56   42.1091   6.48915
24.58   39.2875   6.26798
24.6   36.7665   6.06354
24.62   34.5028   5.87391
24.64   32.4608   5.69744
24.66   33.5164   5.78934
24.68   31.9149   5.64933
24.7   30.4637   5.51939
24.72   29.1455   5.39866
24.74   27.9456   5.28636
24.76   26.2925   5.12762
24.78   25.3081   5.03072
24.8   24.4089   4.94054
24.82   23.5871   4.85665
24.84   22.8357   4.77867
24.86   22.1487   4.70624
24.88   21.5211   4.63908
24.9   20.9483   4.57693
24.92   20.4264   4.51956
24.94   19.9521   4.46678
24.96   20.2724   4.50249
24.98   12.9627   4.4
25   12.8235   4.4
25.02   12.716   4.4
25.04   12.6391   4.4
25.06   12.5919   4.4
25.08   12.574   4.4
25.1   12.5848   4.4
25.12   12.6243   4.4
25.14   12.6926   4.4
25.16   12.79   4.4
25.18   12.917   4.4
25.2   13.0743   4.4
25.22   13.2631   4.4
25.24   13.4844   4.4
25.26   13.74   4.4
25.28   14.0316   4.4
25.3   14.3615   4.4
25.32   14.7321   4.4
25.34   15.1464   4.4
25.36   15.6079   4.4
25.38   16.1206   4.4
25.4   16.689   4.4
25.42   17.3185   4.4
25.44   18.0152   4.4
25.46   18.7863   4.4
25.48   19.64   4.4317
25.5   20.5859   4.53716
25.52   21.6352   4.65137
25.54   22.8012   4.77507
25.56   24.0994   4.90912
25.58   25.5482   5.05452
25.6   24.6292   4.96278
25.62   26.5157   5.14934
25.64   28.6297   5.35067
25.66   31.0092   5.56859
25.68   33.7011   5.80526
25.7   36.7627   6.06322
25.72   40.2652   6.34549
25.74   44.298   6.65567
25.76   48.974   6.99814
25.78   54.4381   7.37822
25.8   60.8783   7.80245
25.82   68.5416   8.27898
25.84   77.7583   8.81807
25.86   88.9775   9.43279
25.88   102.821   10.1401
25.9   120.169   10.9622
25.92   142.301   11.929
25.94   171.132   13.0818
25.96   209.699   14.481
25.98   263.233   16.2245
26   341.725   18.4858
26.02   465.09   21.566
26.04   670.341   25.8909
26.06   1014.75   31.8552
26.08   1561.22   39.5122
26.1   2307.28   48.0341
26.12   2965.11   54.4528
26.14   2933.38   54.1607
26.16   2252.29   47.4583
26.18   1523.8   39.0358
26.2   1002.49   31.6622
26.22   680.501   26.0864
26.24   494.847   22.2451
26.26   391.192   19.7786
26.28   336.967   18.3566
26.3   318.904   17.8579
26.32   337.677   18.376
26.34   403.312   20.0826
26.36   527.779   22.9734
26.38   701.665   26.489
26.4   833.323   28.8673
26.42   778.34   27.8988
26.44   586.929   24.2266
26.46   403.481   20.0868
26.48   274.901   16.5802
26.5   194.202   13.9356
26.52   145.027   12.0427
26.54   114.106   10.682
26.56   93.305   9.65945
26.58   78.3448   8.85126
26.6   67.0523   8.18855
26.62   58.245   7.63184
26.64   51.2091   7.15605
26.66   45.4787   6.74379
26.68   41.4153   6.43547
26.7   37.4527   6.11986
26.72   34.09   5.83866
26.74   31.2069   5.58632
26.76   28.7129   5.35845
26.78   26.5385   5.15156
26.8   24.6296   4.96282
26.82   22.9434   4.78993
26.84   21.446   4.63098
26.86   20.1097   4.48439
26.88   18.9122   4.4
26.9   17.8348   4.4
26.92   16.8623   4.4
26.94   15.9819   4.4
26.96   15.1827   4.4
26.98   14.4556   4.4
27   13.7928   4.4
27.02   13.1876   4.4
27.04   12.6344   4.4
27.06   12.1283   4.4
27.08   11.6649   4.4
27.1   11.2406   4.4
27.12   10.8523   4.4
27.14   10.4972   4.4
27.16   10.1729   4.4
27.18   9.87739   4.4
27.2   9.609   4.4
27.22   9.36626   4.4
27.24   9.14797   4.4
27.26   8.95322   4.4
27.28   8.78134   4.4
27.3   8.63193   4.4
27.32   8.50489   4.4
27.34   8.40049   4.4
27.36   8.31948   4.4
27.38   8.26334   4.4
27.4   8.23483   4.4
27.42   8.23934   4.4
27.44   8.28725   4.4
27.46   8.39663   4.4
27.48   8.593   4.4
27.5   8.89909   4.4
27.52   9.29192   4.4
27.54   9.605   4.4
27.56   9.64154   4.4
27.58   9.53932   4.4
27.6   9.511   4.4
27.62   6.79231   4.4
27.64   7.09179   4.4
27.66   7.49337   4.4
27.68   7.98769   4.4
27.7   8.57555   4.4
27.72   9.26619   4.4
27.74   10.0756   4.4
27.76   11.0262   4.4
27.78   12.1477   4.4
27.8   13.4794   4.4
27.82   15.0732   4.4
27.84   16.9986   4.4
27.86   19.3501   4.4
27.88   21.5371   4.64081
27.9   25.3402   5.03391
27.92   30.0198   5.47903
27.94   36.1035   6.00862
27.96   44.211   6.64914
27.98   55.3881   7.44232
28   71.5916   8.46118
28.02   96.7216   9.83472
28.04   138.225   11.7569
28.06   208.239   14.4305
28.08   321.589   17.9329
28.1   484.016   22.0004
28.12   650.515   25.5052
28.14   687.305   26.2165
28.16   552.114   23.4971
28.18   377.813   19.4374
28.2   245.27   15.6611
28.22   160.582   12.6721
28.24   109.989   10.4876
28.26   79.8056   8.9334
28.28   60.8535   7.80087
28.3   48.0951   6.93506
28.32   38.9978   6.24482
28.34   32.2521   5.67909
28.36   27.1113   5.20685
28.38   23.1089   4.80717
28.4   19.9364   4.46502
28.42   17.3825   4.4
28.44   15.2985   4.4
28.46   13.5776   4.4
28.48   12.1418   4.4
28.5   10.9328   4.4
28.52   9.90658   4.4
28.54   9.02931   4.4
28.56   8.27479   4.4
28.58   7.62242   4.4
28.6   7.05588   4.4
28.62   6.56213   4.4
28.64   6.13068   4.4
28.66   5.75302   4.4
28.68   5.42227   4.4
28.7   5.13279   4.4
28.72   4.88004   4.4
28.74   4.66032   4.4
28.76   4.47069   4.4
28.78   4.30884   4.4
28.8   4.17306   4.4
28.82   4.06215   4.4
28.84   3.97542   4.4
28.86   3.9127   4.4
28.88   3.87434   4.4
28.9   3.86131   4.4
28.92   3.87523   4.4
28.94   3.91854   4.4
28.96   3.99468   4.4
28.98   4.10836   4.4
29   4.26598   4.4
29.02   4.47503   4.4
29.04   4.74949   4.4
29.06   5.1042   4.4
29.08   5.56133   4.4
29.1   6.15211   4.4
29.12   6.92147   4.4
29.14   7.93569   4.4
29.16   9.29644   4.4
29.18   11.1701   4.4
29.2   13.857   4.4
29.22   17.9486   4.4
29.24   24.6076   4.96061
29.26   35.8636   5.98862
29.28   54.5246   7.38408
29.3   82.8342   9.10133
29.32   117.016   10.8174
29.34   136.199   11.6704
29.36   119.674   10.9396
29.38   85.6056   9.25233
29.4   56.402   7.51013
29.42   36.8927   6.07394
29.44   25.042   5.0042
29.46   18.0082   4.4
29.48   13.6799   4.4
29.5   10.8286   4.4
29.52   8.82543   4.4
29.54   7.35242   4.4
29.56   6.23481   4.4
29.58   5.36648   4.4
29.6   4.67839   4.4
29.62   3.4728   4.4
29.64   3.03614   4.4
29.66   4.24189   4.4
29.68   3.98622   4.4
29.7   3.77985   4.4
29.72   3.61347   4.4
29.74   3.47996   4.4
29.76   3.37388   4.4
29.78   3.29098   4.4
29.8   3.22793   4.4
29.82   3.18212   4.4
29.84   3.15148   4.4
29.86   3.13435   4.4
29.88   3.12945   4.4
29.9   3.13573   4.4
29.92   3.15241   4.4
29.94   3.17886   4.4
29.96   3.21464   4.4
29.98   3.25942   4.4
30   3.31301   4.4
30.02   3.37532   4.4
30.04   3.44634   4.4
30.06   3.52618   4.4
30.08   3.61501   4.4
30.1   3.7131   4.4
30.12   3.82081   4.4
30.14   3.93858   4.4
30.16   4.06693   4.4
30.18   4.20649   4.4
30.2   4.358   4.4
30.22   4.52229   4.4
30.24   4.70034   4.4
30.26   4.89325   4.4
30.28   5.10229   4.4
30.3   5.3289   4.4
30.32   5.57472   4.4
30.34   5.84162   4.4
30.36   6.13176   4.4
30.38   7.99751   4.4
30.4   8.38522   4.4
30.42   8.8065   4.4
30.44   9.26519   4.4
30.46   9.76571   4.4
30.48   10.3132   4.4
30.5   10.9137   4.4
30.52   11.5742   4.4
30.54   12.3029   4.4
30.56   13.1096   4.4
30.58   14.0058   4.4
30.6   15.0056   4.4
30.62   16.1254   4.4
30.64   17.3857   4.4
30.66   18.8113   4.4
30.68   20.4326   4.52024
30.7   22.2876   4.72098
30.72   24.4242   4.94208
30.74   27.5951   5.25311
30.76   30.5131   5.52387
30.78   33.9534   5.82695
30.8   37.9188   6.15782
30.82   42.8545   6.54633
30.84   48.8707   6.99076
30.86   56.3086   7.50391
30.88   65.653   8.10265
30.9   77.6119   8.80976
30.92   93.2558   9.6569
30.94   114.3   10.6911
30.96   143.757   11.9899
30.98   187.458   13.6915
31   257.001   16.0312
31.02   373.454   19.3249
31.04   568.108   23.835
31.06   872.072   29.5309
31.08   1269.91   35.6357
31.1   1573.72   39.6701
31.12   1483.24   38.5128
31.14   1102.73   33.2073
31.16   744.559   27.2866
31.18   489.156   22.1169
31.2   331.941   18.2192
31.22   239.155   15.4646
31.24   183.349   13.5407
31.26   147.742   12.1549
31.28   123.563   11.1159
31.3   106.42   10.316
31.32   93.9686   9.69374
31.34   84.8246   9.21003
31.36   78.1106   8.83802
31.38   76.4166   8.74166
31.4   73.1055   8.55018
31.42   71.0001   8.42615
31.44   69.9305   8.36245
31.46   69.7946   8.35432
31.48   70.5449   8.3991
31.5   72.1828   8.49605
31.52   74.7578   8.64626
31.54   78.3737   8.85289
31.56   87.173   9.33665
31.58   93.5807   9.67371
31.6   101.844   10.0918
31.62   112.527   10.6079
31.64   126.482   11.2464
31.66   145.036   12.0431
31.68   170.412   13.0542
31.7   206.722   14.3778
31.72   262.139   16.1907
31.74   352.457   18.7738
31.76   504.097   22.4521
31.78   750.947   27.4034
31.8   1112.01   33.3468
31.82   1507.72   38.8293
31.84   1648.87   40.6063
31.86   1379.03   37.1353
31.88   979.982   31.3047
31.9   666.202   25.8109
31.92   464.891   21.5613
31.94   346.68   18.6193
31.96   279.501   16.7183
31.98   241.231   15.5316
32   219.701   14.8223
32.02   209.108   14.4606
32.04   207.028   14.3885
32.06   213.041   14.5959
32.08   228.685   15.1223
32.1   258.476   16.0772
32.12   311.445   17.6478
32.14   401.482   20.037
32.16   542.771   23.2975
32.18   729.447   27.0083
32.2   878.995   29.6479
32.22   853.376   29.2126
32.24   694.133   26.3464
32.26   540.602   23.2509
32.28   440.801   20.9953
32.3   389.653   19.7396
32.32   372.64   19.3039
32.34   378.259   19.4489
32.36   400.275   20.0069
32.38   436.741   20.8983
32.4   488.624   22.1048
32.42   559.205   23.6475
32.44   654.402   25.5813
32.46   784.211   28.0038
32.48   966.374   31.0866
32.5   1235.19   35.1453
32.52   1659.11   40.7322
32.54   2364.32   48.6242
32.56   3543.22   59.525
32.58   5398.66   73.4755
32.6   7895.84   88.8585
32.62   10000   100
32.64   9752.98   98.7572
32.66   7490.96   86.5504
32.68   5186.51   72.0174
32.7   3610.57   60.088
32.72   2741.46   52.3589
32.74   2419.08   49.1842
32.76   2531.75   50.3165
32.78   3012.55   54.8867
32.8   3673.28   60.6076
32.82   3939.23   62.7633
32.84   3415.97   58.4463
32.86   2622.83   51.2136
32.88   2037.03   45.1335
32.9   1762.83   41.9861
32.92   1801.74   42.4469
32.94   2169.32   46.576
32.96   2885.03   53.7125
32.98   3814.67   61.763
33   4334.66   65.8381
33.02   3813.54   61.7538
33.04   2770.65   52.637
33.06   1873.43   43.2831
33.08   1268.46   35.6154
33.1   895.406   29.9233
33.12   669.162   25.8682
33.14   526.207   22.9392
33.16   429.358   20.721
33.18   359.45   18.9592
33.2   306.687   17.5125
33.22   265.63   16.2982
33.24   232.935   15.2622
33.26   206.4   14.3666
33.28   184.513   13.5836
33.3   164.673   12.8325
33.32   149.217   12.2154
33.34   137.325   11.7186
33.36   125.948   11.2226
33.38   116.049   10.7726
33.4   107.373   10.3621
33.42   99.7196   9.98597
33.44   92.9285   9.63994
33.46   86.8706   9.32044
33.48   81.4409   9.02446
33.5   76.5534   8.74948
33.52   72.1366   8.49333
33.54   68.1309   8.25414
33.56   64.4863   8.03034
33.58   61.1605   7.82052
33.6   58.1174   7.62348
33.62   55.3262   7.43816
33.64   52.7605   7.26364
33.66   50.3974   7.09911
33.68   47.5314   6.8943
33.7   45.5346   6.74794
33.72   43.6876   6.60966
33.74   41.9771   6.47898
33.76   40.3917   6.35544
33.78   38.9211   6.23868
33.8   37.5564   6.12833
33.82   36.2899   6.02411
33.84   35.1146   5.92575
33.86   35.7629   5.98021
33.88   34.8017   5.8993
33.9   33.9178   5.8239
33.92   33.1073   5.75389
33.94   32.3669   5.68919
33.96   31.6938   5.62973
33.98   31.0859   5.57548
34   30.5415   5.52643
34.02   30.0592   5.48262
34.04   29.6383   5.44411
34.06   29.2788   5.41099
34.08   28.9808   5.38338
34.1   28.7453   5.36147
34.12   19.3025   4.4
34.14   19.4406   4.40915
34.16   19.6384   4.43153
34.18   19.9004   4.46098
34.2   20.2317   4.49796
34.22   20.6389   4.543
34.24   21.1299   4.59673
34.26   21.7144   4.65987
34.28   19.3377   4.4
34.3   20.2287   4.49763
34.32   21.2533   4.61013
34.34   22.4331   4.73636
34.36   23.7949   4.878
34.38   25.372   5.03707
34.4   27.2067   5.216
34.42   29.3523   5.41778
34.44   31.8777   5.64603
34.46   31.0806   5.57499
34.48   34.7699   5.8966
34.5   39.2024   6.26118
34.52   44.596   6.67802
34.54   51.2543   7.15921
34.56   59.61   7.72075
34.58   70.2968   8.38432
34.6   84.2781   9.18031
34.62   104.799   10.2371
34.64   131.308   11.459
34.66   170.866   13.0716
34.68   234.19   15.3033
34.7   340.348   18.4485
34.72   516.642   22.7298
34.74   787.548   28.0633
34.76   1127.94   33.5848
34.78   1352.62   36.778
34.8   1228.93   35.056
34.82   897.542   29.959
34.84   598.84   24.4712
34.86   396.431   19.9106
34.88   273.56   16.5396
34.9   201.778   14.2049
34.92   159.118   12.6142
34.94   132.545   11.5128
34.96   115.384   10.7417
34.98   104.342   10.2148
35   97.7259   9.88564
35.02   94.631   9.72785
35.04   94.6227   9.72742
35.06   97.6113   9.87984
35.08   103.824   10.1894
35.1   113.849   10.67
35.12   128.77   11.3477
35.14   150.496   12.2677
35.16   182.565   13.5117
35.18   232.002   15.2316
35.2   312.795   17.686
35.22   451.658   21.2523
35.24   680.767   26.0915
35.26   1033.75   32.152
35.28   1477.24   38.4348
35.3   1768.04   42.0481
35.32   1602.8   40.035
35.34   1167.23   34.1648
35.36   775.019   27.8392
35.38   508.623   22.5527
35.4   345.93   18.5992
35.42   249.68   15.8013
35.44   191.117   13.8245
35.46   153.143   12.3751
35.48   126.938   11.2667
35.5   108.065   10.3954
35.52   95.5464   9.77479
35.54   85.1327   9.22674
35.56   77.2911   8.79153
35.58   71.4101   8.45045
35.6   67.077   8.19005
35.62   64.0132   8.00082
35.64   62.0355   7.87626
35.66   61.0323   7.81232
35.68   60.9507   7.80709
35.7   61.7911   7.86073
35.72   63.6085   7.9755
35.74   66.5223   8.15612
35.76   70.7377   8.41057
35.78   76.5941   8.7518
35.8   84.6679   9.20152
35.82   95.9688   9.79637
35.84   112.209   10.5929
35.86   135.97   11.6606
35.88   170.38   13.053
35.9   217.152   14.7361
35.92   272.224   16.4992
35.94   323.436   17.9843
35.96   391.852   19.7953
35.98   521.634   22.8393
36   754.804   27.4737
36.02   1119.28   33.4557
36.04   1538.51   39.2238
36.06   1727.25   41.5602
36.08   1471.93   38.3658
36.1   1042.81   32.2926
36.12   692.344   26.3124
36.14   462.564   21.5073
36.16   324.392   18.0109
36.18   242.869   15.5842
36.2   193.009   13.8928
36.22   160.595   12.6726
36.24   138.421   11.7653
36.26   121.568   11.0258
36.28   110.599   10.5166
36.3   103.003   10.149
36.32   98.0258   9.9008
36.34   95.1942   9.75675
36.36   94.2313   9.70728
36.38   95.0078   9.74719
36.4   97.5206   9.87525
36.42   101.891   10.0941
36.44   108.381   10.4106
36.46   117.433   10.8366
36.48   129.745   11.3906
36.5   146.406   12.0998
36.52   169.162   13.0062
36.54   201.025   14.1783
36.56   247.717   15.739
36.58   320.66   17.907
36.6   441.364   21.0087
36.62   643.934   25.3758
36.64   967.825   31.1099
36.66   1420.11   37.6844
36.68   1850.41   43.0163
36.7   1889.51   43.4685
36.72   1498.68   38.7128
36.74   1047.37   32.3631
36.76   719.492   26.8233
36.78   517.889   22.7572
36.8   408.749   20.2176
36.82   357.02   18.895
36.84   343.583   18.536
36.86   363.814   19.0739
36.88   426.48   20.6514
36.9   553.146   23.5191
36.92   773.152   27.8056
36.94   1100.74   33.1774
36.96   1453.47   38.1245
36.98   1558   39.4715
37   1292.26   35.9481
37.02   924.699   30.4089
37.04   641.142   25.3208
37.06   461.305   21.478
37.08   357.42   18.9056
37.1   300.481   17.3344
37.12   270.895   16.4589
37.14   258.187   16.0682
37.16   257.705   16.0532
37.18   267.989   16.3704
37.2   289.65   17.0191
37.22   325.51   18.0419
37.24   382.071   19.5466
37.26   472.543   21.738
37.28   620.353   24.9069
37.3   858.985   29.3085
37.32   1219.23   34.9175
37.34   1674.98   40.9265
37.36   2022.62   44.9736
37.38   2041.73   45.1855
37.4   1963.92   44.3162
37.42   2134.67   46.2025
37.44   2709.91   52.0568
37.46   3663.63   60.5279
37.48   4536.96   67.357
37.5   4425.28   66.5228
37.52   3383.32   58.1663
37.54   2287.97   47.8327
37.56   1501.34   38.7471
37.58   1007.57   31.7423
37.6   711.872   26.6809
37.62   531.941   23.0639
37.64   415.665   20.3879
37.66   335.23   18.3093
37.68   276.94   16.6415
37.7   232.714   15.255
37.72   198.48   14.0883
37.74   171.437   13.0934
37.76   149.702   12.2353
37.78   131.969   11.4878
37.8   117.311   10.831
37.82   105.053   10.2495
37.84   94.6965   9.73122
37.86   85.8662   9.2664
37.88   78.2755   8.84734
37.9   71.7023   8.46772
37.92   65.9725   8.12235
37.94   60.9481   7.80693
37.96   56.5186   7.51789
37.98   52.5946   7.25221
38   49.4464   7.03181
38.02   46.3371   6.80713
38.04   43.5513   6.59934
38.06   44.3364   6.65856
38.08   42.172   6.494
38.1   40.2302   6.34273
38.12   38.4867   6.20376
38.14   36.9209   6.07626
38.16   35.5156   5.9595
38.18   32.5149   5.70219
38.2   31.4344   5.60664
38.22   30.4751   5.52042
38.24   29.6283   5.44319
38.26   28.8871   5.37467
38.28   28.246   5.3147
38.3   27.7007   5.26314
38.32   27.2483   5.21999
38.34   26.8871   5.18528
38.36   26.617   5.15916
38.38   26.439   5.14188
38.4   26.3558   5.13379
38.42   26.3721   5.13537
38.44   25.0864   5.00863
38.46   25.3622   5.03609
38.48   25.7653   5.07596
38.5   26.313   5.12962
38.52   27.0288   5.19892
38.54   27.9441   5.28622
38.56   29.1017   5.3946
38.58   30.5604   5.52815
38.6   32.4026   5.69233
38.62   34.7462   5.89459
38.64   37.7645   6.14529
38.66   41.7233   6.45936
38.68   47.0594   6.85998
38.7   54.5671   7.38696
38.72   65.8131   8.11253
38.74   83.8426   9.15656
38.76   113.842   10.6697
38.78   162.697   12.7553
38.8   235.062   15.3317
38.82   316.611   17.7936
38.84   354.835   18.8371
38.86   307.799   17.5442
38.88   227.931   15.0974
38.9   163.716   12.7951
38.92   123.298   11.104
38.94   101.321   10.0659
38.96   91.4659   9.56378
38.98   85.4871   9.24593
39   90.3397   9.50472
39.02   102.959   10.1469
39.04   127.21   11.2787
39.06   169.298   13.0114
39.08   235.087   15.3325
39.1   319.232   17.8671
39.12   378.606   19.4578
39.14   355.448   18.8533
39.16   280.708   16.7543
39.18   213.748   14.6201
39.2   171.387   13.0915
39.22   150.187   12.2551
39.24   143.711   11.9879
39.26   147.208   12.1329
39.28   158.367   12.5844
39.3   176.869   13.2992
39.32   203.945   14.2809
39.34   242.522   15.5731
39.36   298.189   17.2681
39.38   381.218   19.5248
39.4   509.854   22.58
39.42   714.444   26.7291
39.44   1036.88   32.2007
39.46   1507.42   38.8255
39.48   2125.61   46.1043
39.5   2889.9   53.7578
39.52   3527.98   59.3968
39.54   3391.71   58.2384
39.56   2565.64   50.6521
39.58   1727.28   41.5605
39.6   1126.63   33.5653
39.62   752.101   27.4245
39.64   528.998   23
39.66   393.908   19.8471
39.68   307.065   17.5233
39.7   247.351   15.7274
39.72   206.222   14.3604
39.74   173.917   13.1877
39.76   149.137   12.2122
39.78   129.758   11.3911
39.8   114.357   10.6938
39.82   101.949   10.097
39.84   97.7643   9.88758
39.86   89.6086   9.46618
39.88   82.8782   9.10375
39.9   77.2948   8.79175
39.92   72.6472   8.52333
39.94   68.7729   8.29295
39.96   65.5458   8.09604
39.98   62.8667   7.92885
40   60.6574   7.78829
40.02   58.8556   7.67174
40.04   57.4118   7.57705
40.06   56.2861   7.5024
40.08   55.4469   7.44626
40.1   54.8691   7.40736
40.12   54.5329   7.38464
40.14   54.4234   7.37722
40.16   54.5291   7.38438
40.18   54.8425   7.40557
40.2   55.3587   7.44034
40.22   56.076   7.48839
40.24   56.9951   7.54951
40.26   58.1197   7.62362
40.28   59.4556   7.71074
40.3   60.6977   7.79087
40.32   64.7305   8.04553
40.34   66.8361   8.17534
40.36   69.2087   8.31918
40.38   71.8703   8.47764
40.4   74.8473   8.65143
40.42   78.1712   8.84145
40.44   81.8795   9.04873
40.46   86.0164   9.2745
40.48   90.6348   9.52023
40.5   95.7976   9.78763
40.52   101.58   10.0787
40.54   108.082   10.3962
40.56   115.394   10.7422
40.58   123.66   11.1202
40.6   132.734   11.521
40.62   143.441   11.9767
40.64   155.718   12.4787
40.66   169.881   13.0338
40.68   186.335   13.6505
40.7   205.602   14.3388
40.72   228.366   15.1118
40.74   255.536   15.9855
40.76   288.342   16.9806
40.78   328.481   18.124
40.8   378.348   19.4512
40.82   441.411   21.0098
40.84   522.87   22.8663
40.86   630.99   25.1195
40.88   780.158   27.9313
40.9   998   31.5911
40.92   1339.11   36.5939
40.94   1902.35   43.616
40.96   2834.02   53.2355
40.98   4281.84   65.4357
41   6173.76   78.5733
41.02   7637.86   87.3949
41.04   7299.35   85.4362
41.06   5663.96   75.2593
41.08   4167.25   64.5542
41.1   3314.06   57.5679
41.12   3084.4   55.5374
41.14   3295.29   57.4047
41.16   3554.45   59.6192
41.18   3460.69   58.8276
41.2   3269.03   57.1754
41.22   3457.39   58.7996
41.24   4233.25   65.0634
41.26   5496.73   74.1399
41.28   6466.3   80.4133
41.3   5982.12   77.3442
41.32   4461.16   66.7919
41.34   3026.35   55.0123
41.36   2029.61   45.0512
41.38   1410.16   37.5521
41.4   1037.98   32.2177
41.42   808.703   28.4377
41.44   658.77   25.6665
41.46   554.934   23.557
41.48   480.482   21.9199
41.5   426.535   20.6527
41.52   388.221   19.7033
41.54   362.245   19.0327
41.56   347.37   18.6379
41.58   343.438   18.5321
41.6   351.741   18.7548
41.62   375.845   19.3867
41.64   423.78   20.5859
41.66   512.31   22.6343
41.68   672.119   25.9253
41.7   948.24   30.7935
41.72   1383.38   37.1938
41.74   1945.64   44.1095
41.76   2344.8   48.4231
41.78   2168.16   46.5635
41.8   1609.67   40.1207
41.82   1089.05   33.0008
41.84   730.186   27.022
41.86   508.707   22.5545
41.88   376.446   19.4022
41.9   295.278   17.1837
41.92   242.28   15.5653
41.94   205.652   14.3406
41.96   179.549   13.3996
41.98   160.655   12.675
42   146.009   12.0834
42.02   133.787   11.5666
42.04   121.331   11.015
42.06   110.965   10.534
42.08   102.91   10.1445
42.1   100.691   10.0345
42.12   96.3304   9.81481
42.14   93.3253   9.6605
42.16   91.544   9.56786
42.18   90.9674   9.53768
42.2   91.677   9.57481
42.22   93.8619   9.68824
42.24   97.8507   9.89195
42.26   104.178   10.2068
42.28   113.725   10.6642
42.3   128.033   11.3152
42.32   150.058   12.2498
42.34   185.733   13.6284
42.36   246.226   15.6916
42.38   349.183   18.6865
42.4   514.84   22.6901
42.42   746.292   27.3183
42.44   963.037   31.0328
42.46   974.563   31.218
42.48   766.648   27.6884
42.5   522.944   22.868
42.52   349.568   18.6967
42.54   240.361   15.5036
42.56   175.418   13.2445
42.58   136.563   11.686
42.6   112.043   10.585
42.62   95.5352   9.77421
42.64   81.8854   9.04906
42.66   73.4838   8.57227
42.68   67.3413   8.20618
42.7   62.8764   7.92946
42.72   59.7193   7.72783
42.74   57.6391   7.59204
42.76   52.6871   7.25859
42.78   52.6568   7.2565
42.8   53.5603   7.31849
42.82   55.543   7.45272
42.84   58.9317   7.6767
42.86   66.0762   8.12873
42.88   75.131   8.66781
42.9   90.3376   9.50461
42.92   115.655   10.7543
42.94   155.131   12.4552
42.96   207.275   14.397
42.98   250.385   15.8236
43   243.145   15.5931
43.02   197.562   14.0557
43.04   152.943   12.367
43.06   123.032   11.092
43.08   106.384   10.3143
43.1   98.7757   9.9386
43.12   96.7574   9.83654
43.14   98.2797   9.91361
43.16   102.382   10.1184
43.18   108.74   10.4279
43.2   117.383   10.8343
43.22   128.573   11.339
43.24   140.636   11.859
43.26   158.624   12.5946
43.28   181.501   13.4722
43.3   212.433   14.5751
43.32   252.098   15.8776
43.34   307.334   17.531
43.36   388.72   19.716
43.38   514.838   22.69
43.4   713.168   26.7052
43.42   1012.87   31.8256
43.44   1410.88   37.5617
43.46   1781.97   42.2134
43.48   1955.43   44.2202
43.5   2102.46   45.8525
43.52   2529.08   50.29
43.54   3316.05   57.5852
43.56   4122.57   64.2072
43.58   4123.48   64.2143
43.6   3220.95   56.7534
43.62   2202.22   46.9278
43.64   1455.07   38.1453
43.66   983.378   31.3589
43.68   702.26   26.5002
43.7   534.213   23.113
43.72   429.102   20.7148
43.74   360.107   18.9765
43.76   314.29   17.7282
43.78   286.01   16.9118
43.8   274.051   16.5545
43.82   280.531   16.749
43.84   309.326   17.5877
43.86   360.773   18.994
43.88   414.533   20.3601
43.9   418.426   20.4555
43.92   362.663   19.0437
43.94   297.889   17.2595
43.96   253.702   15.928
43.98   230.673   15.1879
44   224.041   14.968
44.02   229.677   15.1551
44.04   245.725   15.6756
44.06   272.734   16.5147
44.08   313.825   17.7151
44.1   376.022   19.3913
44.12   473.63   21.763
44.14   633.169   25.1628
44.16   896.112   29.9351
44.18   1310.83   36.2054
44.2   1887.91   43.45
44.22   2457.87   49.5769
44.24   2670.2   51.674
44.26   2600.08   50.991
44.28   2567.96   50.675
44.3   2449.92   49.4966
44.32   2038.1   45.1453
44.34   1581.67   39.7702
44.36   1312.57   36.2294
44.38   1269.92   35.636
44.4   1397.76   37.3866
44.42   1508.68   38.8417
44.44   1360.15   36.8802
44.46   1031.58   32.1182
44.48   733.717   27.0872
44.5   528.215   22.9829
44.52   400.747   20.0187
44.54   325.216   18.0338
44.56   281.295   16.7719
44.58   257.108   16.0346
44.6   247.267   15.7247
44.62   250.666   15.8324
44.64   269.984   16.4312
44.66   313.251   17.6989
44.68   396.556   19.9137
44.7   544.717   23.3392
44.72   783.317   27.9878
44.74   1102.87   33.2095
44.76   1357.86   36.8491
44.78   1298.76   36.0384
44.8   994.73   31.5393
44.82   698.956   26.4378
44.84   502.632   22.4195
44.86   399.616   19.9904
44.88   361.584   19.0154
44.9   347.826   18.6501
44.92   310.625   17.6245
44.94   247.353   15.7274
44.96   190.228   13.7923
44.98   148.969   12.2053
45   121.475   11.0216
45.02   103.361   10.1666
45.04   91.0366   9.54131
45.06   78.461   8.85782
45.08   72.0045   8.48555
45.1   67.1102   8.19208
45.12   63.3805   7.96119
45.14   60.5647   7.78233
45.16   58.4962   7.64828
45.18   57.0623   7.55396
45.2   56.1872   7.49581
45.22   55.8231   7.47148
45.24   55.9432   7.47952
45.26   56.5393   7.51926
45.28   57.6192   7.59073
45.3   59.2071   7.69461
45.32   61.3439   7.83223
45.34   64.0901   8.00563
45.36   67.529   8.2176
45.38   71.5267   8.45734
45.4   76.7304   8.75959
45.42   83.0851   9.1151
45.44   90.8549   9.53178
45.46   100.396   10.0198
45.48   112.196   10.5923
45.5   126.935   11.2665
45.52   145.583   12.0658
45.54   169.581   13.0223
45.56   201.187   14.1841
45.58   244.175   15.6261
45.6   305.093   17.4669
45.62   395.146   19.8783
45.64   532.589   23.0779
45.66   744.534   27.2862
45.68   1059.66   32.5524
45.7   1486.7   38.5577
45.72   2056.54   45.349
45.74   2834.69   53.2418
45.76   3563.37   59.694
45.78   3546.5   59.5525
45.8   2743.18   52.3754
45.82   1853.95   43.0575
45.84   1206.41   34.7334
45.86   798.824   28.2635
45.88   555.569   23.5705
45.9   407.854   20.1954
45.92   314.333   17.7294
45.94   250.421   15.8247
45.96   204.329   14.2944
45.98   169.856   13.0329
46   143.393   11.9747
46.02   122.652   11.0748
46.04   106.107   10.3008
46.06   92.7056   9.62838
46.08   81.7027   9.03896
46.1   72.5608   8.51826
46.12   64.8839   8.05506
46.14   59.4103   7.70781
46.16   53.8749   7.33995
46.18   49.1105   7.00789
46.2   44.9817   6.70684
46.22   41.3814   6.43284
46.24   36.9911   6.08203
46.26   34.2415   5.85162
46.28   31.8094   5.63998
46.3   29.6492   5.44511
46.32   27.7233   5.26529
46.34   26.0005   5.09907
46.36   24.4546   4.94516
46.38   23.0638   4.80248
46.4   21.6505   4.65301
46.42   20.5212   4.53003
46.44   19.4992   4.41579
46.46   18.573   4.4
46.48   17.7329   4.4
46.5   16.9704   4.4
46.52   16.2782   4.4
46.54   16.5855   4.4
46.56   16.0425   4.4
46.58   15.5546   4.4
46.6   15.118   4.4
46.62   14.7292   4.4
46.64   14.3855   4.4
46.66   15.8228   4.4
46.68   15.6114   4.4
46.7   15.4414   4.4
46.72   15.3119   4.4
46.74   15.2222   4.4
46.76   15.1723   4.4
46.78   15.1622   4.4
46.8   15.1926   4.4
46.82   15.2647   4.4
46.84   15.38   4.4
46.86   15.5408   4.4
46.88   15.7497   4.4
46.9   16.0103   4.4
46.92   16.3273   4.4
46.94   16.7062   4.4
46.96   17.154   4.4
46.98   17.6796   4.4
47   18.8494   4.4
47.02   19.5825   4.42521
47.04   20.4377   4.52081
47.06   21.4393   4.63026
47.08   22.6196   4.75601
47.1   24.023   4.90133
47.12   25.7124   5.07074
47.14   27.7812   5.27079
47.16   30.0556   5.4823
47.18   33.4602   5.78448
47.2   38.1758   6.17865
47.22   45.1539   6.71967
47.24   55.9078   7.47715
47.26   68.9167   8.30161
47.28   91.491   9.56509
47.3   114.389   10.6953
47.32   121.858   11.0389
47.34   110.991   10.5352
47.36   98.0593   9.90249
47.38   92.2453   9.60444
47.4   94.7845   9.73573
47.42   105.418   10.2673
47.44   125.113   11.1854
47.46   157.855   12.564
47.48   212.846   14.5893
47.5   306.402   17.5043
47.52   460.314   21.4549
47.54   688.973   26.2483
47.56   949.82   30.8192
47.58   1064.16   32.6215
47.6   906.458   30.1074
47.62   646.191   25.4203
47.64   435.664   20.8726
47.66   299.266   17.2993
47.68   219.038   14.7999
47.7   173.779   13.1825
47.72   148.508   12.1864
47.74   134.877   11.6137
47.76   128.888   11.3529
47.78   128.845   11.351
47.8   134.29   11.5884
47.82   145.687   12.0701
47.84   164.629   12.8308
47.86   194.708   13.9538
47.88   243.303   15.5982
47.9   323.811   17.9947
47.92   456.003   21.3542
47.94   660.179   25.6939
47.96   925.233   30.4176
47.98   1137.55   33.7275
48   1132.3   33.6497
48.02   1004.27   31.6903
48.04   960.925   30.9988
48.06   1093.89   33.074
48.08   1411.38   37.5684
48.1   1790.59   42.3153
48.12   1880.79   43.368
48.14   1532.06   39.1415
48.16   1069.52   32.7036
48.18   713.09   26.7037
48.2   483.607   21.9911
48.22   346.089   18.6035
48.24   264.634   16.2676
48.26   214.93   14.6605
48.28   183.705   13.5538
48.3   164.639   12.8312
48.32   155.196   12.4578
48.34   155.369   12.4647
48.36   167.96   12.9599
48.38   199.606   14.1282
48.4   261.178   16.161
48.42   363.456   19.0645
48.44   502.322   22.4125
48.46   613.038   24.7596
48.48   583.672   24.1593
48.5   443.47   21.0587
48.52   304.593   17.4526
48.54   206.625   14.3745
48.56   145.348   12.056
48.58   108.412   10.4121
48.6   85.574   9.25062
48.62   70.4993   8.39639
48.64   59.8493   7.73623
48.66   51.9419   7.20707
48.68   45.8748   6.7731
48.7   41.5209   6.44367
48.72   37.7268   6.14222
48.74   34.6579   5.8871
48.76   32.1519   5.67027
48.78   30.0938   5.48578
48.8   28.3244   5.32207
48.82   26.9371   5.19009
48.84   25.8092   5.08028
48.86   24.9086   4.99086
48.88   24.2123   4.9206
48.9   23.7049   4.86877
48.92   23.3775   4.83503
48.94   23.2269   4.81943
48.96   23.2556   4.82241
48.98   23.4722   4.84481
49   23.8917   4.88791
49.02   24.537   4.95348
49.04   25.7718   5.07659
49.06   27.0431   5.2003
49.08   28.6811   5.35547
49.1   30.7717   5.54723
49.12   33.4343   5.78224
49.14   36.8367   6.06932
49.16   41.2194   6.42023
49.18   46.9357   6.85096
49.2   54.5235   7.384
49.22   64.8527   8.05312
49.24   79.4706   8.91463
49.26   101.391   10.0693
49.28   136.548   11.6854
49.3   195.454   13.9805
49.32   293.122   17.1208
49.34   443.005   21.0477
49.36   631.243   25.1246
49.38   757.237   27.5179
49.4   700.38   26.4647
49.42   541.593   23.2721
49.44   401.885   20.0471
49.46   295.643   17.1943
49.48   211.925   14.5576
49.5   151.549   12.3105
49.52   112.017   10.5838
49.54   86.8128   9.31734
49.56   70.6174   8.40342
49.58   58.2677   7.63333
49.6   51.199   7.15535
49.62   48.029   6.9303
49.64   45.2082   6.72371
49.66   43.935   6.62835
49.68   44.1848   6.64716
49.7   46.2139   6.79808
49.72   50.7557   7.12431
49.74   59.4013   7.70722
49.76   74.9904   8.6597
49.78   101.432   10.0714
49.8   141.678   11.9029
49.82   189.634   13.7708
49.84   214.964   14.6616
49.86   190.812   13.8135
49.88   144.673   12.028
49.9   106.656   10.3274
49.92   82.7588   9.09719
49.94   69.6183   8.34376
49.96   64.7214   8.04496
49.98   65.1272   8.07014
50   70.0778   8.37125
50.02   80.4941   8.97185
50.04   99.4226   9.97109
50.06   132.727   11.5207
50.08   188.8   13.7405
50.1   274.675   16.5733
50.12   380.136   19.4971
50.14   443.715   21.0645
50.16   399.163   19.9791
50.18   298.102   17.2656
50.2   211.439   14.5409
50.22   154.678   12.437
50.24   122.573   11.0713
50.26   106.678   10.3285
50.28   100.819   10.0409
50.3   101.837   10.0914
50.32   108.329   10.4081
50.34   120.73   10.9877
50.36   140.717   11.8624
50.38   172.158   13.1209
50.4   223.213   14.9403
50.42   309.555   17.5942
50.44   456.32   21.3617
50.46   692.984   26.3246
50.48   1026.18   32.034
50.5   1348.23   36.7183
50.52   1385.2   37.2183
50.54   1093.27   33.0647
50.56   748.458   27.358
50.58   493.189   22.2079
50.6   332.112   18.2239
50.62   236.695   15.3849
50.64   180.227   13.4249
50.66   145.253   12.0521
50.68   122.348   11.0611
50.7   106.819   10.3353
50.72   96.2645   9.81145
50.74   89.3592   9.453
50.76   85.3379   9.23785
50.78   85.9916   9.27316
50.8   86.8059   9.31697
50.82   90.7693   9.52729
50.84   96.6243   9.82976
50.86   105.026   10.2482
50.88   118.355   10.8791
50.9   137.631   11.7316
50.92   166.026   12.8851
50.94   209.757   14.483
50.96   281.477   16.7773
50.98   403.168   20.079
51   605.957   24.6162
51.02   916.405   30.2722
51.04   1299.92   36.0543
51.06   1535.64   39.1873
51.08   1373.78   37.0645
51.1   994.768   31.54
51.12   661.249   25.7148
51.14   436.557   20.894
51.16   299.83   17.3156
51.18   219.028   14.7996
51.2   169.838   13.0322
51.22   137.946   11.745
51.24   116.004   10.7705
51.26   100.317   10.0158
51.28   88.8812   9.42768
51.3   80.3061   8.96137
51.32   74.1501   8.61105
51.34   69.6659   8.34661
51.36   66.56   8.15843
51.38   64.6899   8.04301
51.4   63.9625   7.99766
51.42   64.3442   8.02148
51.44   65.878   8.11653
51.46   68.7014   8.28863
51.48   73.0789   8.54862
51.5   79.4724   8.91473
51.52   88.7059   9.41838
51.54   102.36   10.1173
51.56   123.579   11.1166
51.58   159.074   12.6124
51.6   216.004   14.6971
51.62   306.51   17.5074
51.64   431.593   20.7748
51.66   549.904   23.45
51.68   566.565   23.8026
51.7   481.754   21.9489
51.72   395.337   19.8831
51.74   352.019   18.7622
51.76   338.563   18.4001
51.78   318.967   17.8596
51.8   289.577   17.017
51.82   274.635   16.5721
51.84   287.842   16.9659
51.86   339.011   18.4123
51.88   444.836   21.0911
51.9   629.428   25.0884
51.92   909.178   30.1526
51.94   1232.42   35.1058
51.96   1381.18   37.1642
51.98   1198.56   34.6202
52   889.732   29.8284
52.02   647.132   25.4388
52.04   502.178   22.4093
52.06   436.097   20.8829
52.08   428.493   20.7001
52.1   472.252   21.7314
52.12   578.568   24.0534
52.14   780.663   27.9404
52.16   1129.36   33.606
52.18   1667.46   40.8346
52.2   2326.42   48.233
52.22   2744.85   52.3913
52.24   2612.67   51.1142
52.26   2153.45   46.4053
52.28   1586.83   39.8351
52.3   1084.34   32.9293
52.32   731.408   27.0445
52.34   509.62   22.5748
52.36   374.129   19.3424
52.38   288.743   16.9924
52.4   232.286   15.2409
52.42   192.953   13.8907
52.44   164.591   12.8293
52.46   143.992   11.9997
52.48   129.592   11.3838
52.5   120.95   10.9977
52.52   116.931   10.8135
52.54   120.834   10.9925
52.56   128.832   11.3504
52.58   131.897   11.4847
52.6   121.729   11.0331
52.62   103.453   10.1712
52.64   86.499   9.30049
52.66   75.132   8.66787
52.68   67.3506   8.20674
52.7   62.6092   7.91259
52.72   59.8753   7.73792
52.74   58.539   7.65108
52.76   58.3182   7.63664
52.78   59.1353   7.68995
52.8   61.044   7.81306
52.82   64.2115   8.01321
52.84   68.9359   8.30277
52.86   75.7039   8.7008
52.88   85.3112   9.23641
52.9   99.142   9.95701
52.92   120.355   10.9706
52.94   153.217   12.3781
52.96   208.225   14.43
52.98   301.292   17.3578
53   450.967   21.236
53.02   661.095   25.7118
53.04   862.819   29.3738
53.06   882.846   29.7127
53.08   698.142   26.4224
53.1   481.785   21.9496
53.12   322.041   17.9455
53.14   221.373   14.8786
53.16   161.339   12.7019
53.18   126.115   11.2301
53.2   104.318   10.2136
53.22   90.0582   9.4899
53.24   80.3972   8.96645
53.26   73.6954   8.5846
53.28   69.3611   8.32833
53.3   66.7576   8.17053
53.32   65.5839   8.09839
53.34   65.679   8.10426
53.36   66.9916   8.18484
53.38   69.5717   8.34097
53.4   73.5858   8.57821
53.42   78.1425   8.83983
53.44   86.3837   9.29428
53.46   98.3111   9.9152
53.48   116.253   10.7821
53.5   143.891   11.9954
53.52   185.619   13.6242
53.54   243.011   15.5888
53.56   302.784   17.4007
53.58   329.892   18.1629
53.6   321.22   17.9226
53.62   317.515   17.819
53.64   345.881   18.5979
53.66   422.964   20.5661
53.68   571.585   23.9079
53.7   834.912   28.8948
53.72   1249.51   35.3484
53.74   1793.36   42.3481
53.76   2220.53   47.1225
53.78   2174.95   46.6364
53.8   1804.7   42.4817
53.82   1433.23   37.858
53.84   1087.88   32.983
53.86   775.055   27.8398
53.88   545.537   23.3567
53.9   398.046   19.9511
53.92   308.204   17.5557
53.94   255.212   15.9754
53.96   225.992   15.033
53.98   214.326   14.6399
54   219.355   14.8106
54.02   246.066   15.6865
54.04   305.589   17.4811
54.06   413.514   20.335
54.08   579.351   24.0697
54.1   767.872   27.7105
54.12   844.67   29.0632
54.14   723.303   26.8943
54.16   527.211   22.9611
54.18   368.503   19.1964
54.2   267.18   16.3456
54.22   211.15   14.531
54.24   186.594   13.6599
54.26   186.405   13.653
54.28   211.71   14.5503
54.3   269.92   16.4293
54.32   368.304   19.1913
54.34   493.094   22.2057
54.36   566.077   23.7924
54.38   502.832   22.4239
54.4   368.045   19.1845
54.42   250.64   15.8316
54.44   171.189   13.0839
54.46   122.166   11.0529
54.48   92.475   9.61639
54.5   73.7593   8.58832
54.52   61.1073   7.81712
54.54   51.167   7.15311
54.56   44.308   6.65643
54.58   38.9766   6.24313
54.6   34.7373   5.89383
54.62   31.3042   5.59501
54.64   28.4819   5.33685
54.66   26.133   5.11204
54.68   24.1584   4.91512
54.7   22.4854   4.74188
54.72   21.06   4.58911
54.74   19.8411   4.45434
54.76   18.7978   4.4
54.78   17.9063   4.4
54.8   17.1484   4.4
54.82   16.5108   4.4
54.84   15.9835   4.4
54.86   15.5603   4.4
54.88   15.2374   4.4
54.9   15.0146   4.4
54.92   14.8942   4.4
54.94   14.8825   4.4
54.96   14.9895   4.4
54.98   15.2312   4.4
55   15.6303   4.4
55.02   16.22   4.4
55.04   17.0484   4.4
55.06   18.0144   4.4
55.08   19.5833   4.4253
55.1   21.7744   4.66631
55.12   24.9431   4.99431
55.14   29.7035   5.4501
55.16   38.1066   6.17306
55.18   49.0163   7.00116
55.2   63.9309   7.99568
55.22   79.833   8.93493
55.24   91.6808   9.57501
55.26   108.891   10.4351
55.28   141.262   11.8854
55.3   191.08   13.8232
55.32   240.003   15.492
55.34   244.44   15.6346
55.36   205.675   14.3414
55.38   169.692   13.0266
55.4   158.953   12.6077
55.42   173.046   13.1547
55.44   190.972   13.8193
55.46   179.945   13.4144
55.48   141.188   11.8823
55.5   103.4   10.1686
55.52   79.0164   8.88912
55.54   68.0118   8.24693
55.56   66.954   8.18254
55.58   68.0456   8.24897
55.6   62.4469   7.90233
55.62   49.6731   7.04792
55.64   37.3368   6.11038
55.66   28.3699   5.32634
55.68   22.5064   4.74409
55.7   18.7616   4.4
55.72   16.3047   4.4
55.74   14.6068   4.4
55.76   13.3773   4.4
55.78   12.4621   4.4
55.8   11.8064   4.4
55.82   11.2014   4.4
55.84   10.8496   4.4
55.86   10.6099   4.4
55.88   10.465   4.4
55.9   10.4027   4.4
55.92   10.4145   4.4
55.94   10.4947   4.4
55.96   10.6401   4.4
55.98   10.8491   4.4
56   12.0416   4.4
56.02   12.4053   4.4
56.04   12.8386   4.4
56.06   13.5113   4.4
56.08   14.1037   4.4
56.1   14.785   4.4
56.12   15.5655   4.4
56.14   16.4581   4.4
56.16   17.4789   4.4
56.18   18.648   4.4
56.2   19.9905   4.47107
56.22   21.5377   4.64087
56.24   23.3295   4.83006
56.26   25.4166   5.04148
56.28   27.8645   5.27869
56.3   30.7591   5.54609
56.32   34.2137   5.84925
56.34   38.6518   6.21706
56.36   43.7505   6.61442
56.38   50.0666   7.07578
56.4   58.0216   7.61719
56.42   68.2373   8.26059
56.44   81.6711   9.03721
56.46   99.9077   9.99538
56.48   125.85   11.2183
56.5   165.246   12.8548
56.52   229.238   15.1406
56.54   336.654   18.3481
56.56   512.161   22.631
56.58   771.042   27.7676
56.6   1062.11   32.59
56.62   1181.52   34.3733
56.64   998.675   31.6018
56.66   709.5   26.6364
56.68   479.795   21.9042
56.7   334.146   18.2797
56.72   252.15   15.8792
56.74   212.836   14.5889
56.76   203.671   14.2713
56.78   222.517   14.917
56.8   274.73   16.575
56.82   366.711   19.1497
56.84   482.974   21.9767
56.86   549.094   23.4327
56.88   488.769   22.1081
56.9   365.797   19.1258
56.92   262.048   16.1879
56.94   196.474   14.0169
56.96   163.721   12.7954
56.98   155.597   12.4738
57   165.542   12.8663
57.02   183.461   13.5448
57.04   190.942   13.8182
57.06   184.745   13.5921
57.08   179.181   13.3859
57.1   172.514   13.1345
57.12   158.512   12.5901
57.14   147.441   12.1425
57.16   149.304   12.219
57.18   169.289   13.0111
57.2   213.338   14.6061
57.22   287.799   16.9647
57.24   391.256   19.7802
57.26   497.694   22.3091
57.28   534.86   23.127
57.3   468.784   21.6514
57.32   379.269   19.4748
57.34   327.673   18.1017
57.36   330.578   18.1818
57.38   396.653   19.9162
57.4   538.264   23.2005
57.42   758.708   27.5447
57.44   994.771   31.54
57.46   1066.04   32.6502
57.48   918.515   30.307
57.5   712.195   26.687
57.52   522.519   22.8587
57.54   368.117   19.1864
57.56   262.192   16.1923
57.58   196.278   14.0099
57.6   156.623   12.5149
57.62   133.223   11.5422
57.64   120.386   10.9721
57.66   115.732   10.7579
57.68   119.569   10.9347
57.7   134.75   11.6082
57.72   166.211   12.8923
57.74   218.419   14.779
57.76   285.409   16.8941
57.78   328.245   18.1175
57.8   300.831   17.3445
57.82   233.903   15.2939
57.84   175.49   13.2473
57.86   137.804   11.739
57.88   117.485   10.8391
57.9   109.171   10.4485
57.92   109.157   10.4478
57.94   116.039   10.7721
57.96   130.386   11.4186
57.98   154.216   12.4184
58   190.586   13.8053
58.02   239.805   15.4856
58.04   299.543   17.3073
58.06   383.929   19.5941
58.08   519.727   22.7975
58.1   716.214   26.7622
58.12   915.895   30.2638
58.14   1042.26   32.284
58.16   1096.19   33.1088
58.18   1026.89   32.0452
58.2   859.298   29.3138
58.22   742.053   27.2406
58.24   745.669   27.3069
58.26   857.578   29.2844
58.28   968.987   31.1286
58.3   902.607   30.0434
58.32   683.913   26.1517
58.34   471.015   21.7029
58.36   320.966   17.9155
58.38   225.912   15.0304
58.4   167.925   12.9586
58.42   131.658   11.4742
58.44   107.545   10.3704
58.46   90.4861   9.51242
58.48   77.8685   8.82431
58.5   68.2698   8.26255
58.52   60.7505   7.79426
58.54   54.9255   7.41118
58.56   50.2736   7.09039
58.58   46.6615   6.83092
58.6   43.8476   6.62175
58.62   41.71   6.45833
58.64   40.1691   6.33791
58.66   39.1798   6.25938
58.68   38.7276   6.22315
58.7   38.7972   6.22874
58.72   39.507   6.28546
58.74   40.5184   6.36541
58.76   42.8351   6.54486
58.78   46.3102   6.80516
58.8   51.4018   7.16951
58.82   58.934   7.67685
58.84   70.5229   8.39779
58.86   89.497   9.46029
58.88   121.446   11.0202
58.9   174.981   13.228
58.92   258.238   16.0698
58.94   364.735   19.098
58.96   442.468   21.0349
58.98   412.143   20.3013
59   309.019   17.5789
59.02   212.395   14.5738
59.04   146.219   12.0921
59.06   106.091   10.3001
59.08   83.2879   9.12622
59.1   70.0235   8.368
59.12   62.2844   7.89205
59.14   57.8642   7.60685
59.16   55.7042   7.46352
59.18   55.2984   7.43629
59.2   56.4255   7.51169
59.22   59.2498   7.69739
59.24   63.4921   7.96819
59.26   69.3769   8.32928
59.28   77.9325   8.82794
59.3   89.7391   9.47307
59.32   106.257   10.3081
59.34   130.211   11.411
59.36   166.965   12.9215
59.38   226.672   15.0556
59.4   325.987   18.0551
59.42   485.822   22.0414
59.44   715.248   26.7441
59.46   960.45   30.9911
59.48   1067.24   32.6686
59.5   944.569   30.7338
59.52   716.75   26.7722
59.54   535.353   23.1377
59.56   445.403   21.1046
59.58   443.586   21.0615
59.6   516.023   22.7161
59.62   617.632   24.8522
59.64   640.964   25.3173
59.66   536.982   23.1729
59.68   402.944   20.0735
59.7   306.319   17.502
59.72   257.422   16.0444
59.74   252.987   15.9056
59.76   292.763   17.1103
59.78   383.748   19.5895
59.8   521.551   22.8375
59.82   648.836   25.4723
59.84   641.8   25.3338
59.86   499.774   22.3556
59.88   345.051   18.5755
59.9   232.498   15.2479
59.92   161.283   12.6997
59.94   118.366   10.8796
59.96   92.1429   9.59911
59.98   75.1802   8.67065
60   63.4905   7.96809
60.02   55.0696   7.42089
60.04   48.8666   6.99046
60.06   44.2799   6.65432
60.08   40.9471   6.39899
60.1   38.7767   6.22709
60.12   37.4284   6.11788
60.14   37.0263   6.08492
60.16   37.7185   6.14154
60.18   39.9064   6.31715
60.2   44.4607   6.66789
60.22   52.9712   7.27813
60.24   67.7236   8.22944
60.26   90.7475   9.52615
60.28   119.815   10.946
60.3   139.25   11.8004
60.32   130.266   11.4134
60.34   105.485   10.2706
60.36   84.982   9.21857
60.38   74.4466   8.62825
60.4   73.7537   8.588
60.42   83.1572   9.11905
60.44   105.044   10.2491
60.46   145.634   12.0679
60.48   209.483   14.4735
60.5   289.171   17.005
60.52   339.149   18.416
60.54   309.166   17.5831
60.56   238.038   15.4285
60.58   182.408   13.5058
60.6   156.544   12.5118
60.62   161.477   12.7073
60.64   192.619   13.8787
60.66   232.716   15.255
60.68   239.798   15.4854
60.7   197.19   14.0424
60.72   142.902   11.9542
60.74   102.053   10.1022
60.76   77.2195   8.78746
60.78   65.0814   8.0673
60.8   62.6701   7.91644
60.82   68.3386   8.26672
60.84   79.777   8.93179
60.86   88.7147   9.41885
60.88   84.433   9.18874
60.9   72.6669   8.52449
60.92   64.4688   8.02925
60.94   60.3348   7.76755
60.96   54.0201   7.34984
60.98   44.2367   6.65107
61   34.2113   5.84905
61.02   26.9177   5.18823
61.04   22.1716   4.70867
61.06   19.2087   4.4
61.08   17.3737   4.4
61.1   16.2982   4.4
61.12   15.7058   4.4
61.14   15.5301   4.4
61.16   15.8084   4.4
61.18   16.9072   4.4
61.2   18.7597   4.4
61.22   22.0758   4.69849
61.24   27.3343   5.22822
61.26   34.1196   5.8412
61.28   39.9229   6.31846
61.3   38.3283   6.19099
61.32   32.1513   5.67021
61.34   27.3438   5.22913
61.36   24.7271   4.97264
61.38   24.1399   4.91323
61.4   25.2792   5.02784
61.42   28.1975   5.31013
61.44   33.5946   5.79608
61.46   43.0511   6.56133
61.48   58.9811   7.67992
61.5   83.6476   9.14591
61.52   115.076   10.7273
61.54   137.002   11.7048
61.56   127.474   11.2905
61.58   98.0425   9.90164
61.6   71.1824   8.43697
61.62   53.2432   7.29679
61.64   42.8316   6.54458
61.66   37.3644   6.11264
61.68   34.8315   5.90183
61.7   34.0536   5.83555
61.72   34.4576   5.87006
61.74   35.8066   5.98386
61.76   38.0387   6.16756
61.78   41.096   6.41062
61.8   45.3339   6.73304
61.82   50.929   7.13646
61.84   58.2074   7.62938
61.86   67.819   8.23523
61.88   80.7507   8.98614
61.9   98.7059   9.93508
61.92   124.924   11.177
61.94   165.878   12.8794
61.96   233.726   15.2881
61.98   347.36   18.6376
62   529.375   23.0082
62.02   782.498   27.9732
62.04   1019.65   31.932
62.06   1033.75   32.152
62.08   809.998   28.4605
62.1   555.434   23.5676
62.12   369.68   19.2271
62.14   253.628   15.9257
62.16   186.157   13.6439
62.18   147.465   12.1435
62.2   124.978   11.1793
62.22   112.085   10.587
62.24   105.723   10.2821
62.26   104.837   10.239
62.28   109.072   10.4438
62.3   119.821   10.9463
62.32   140.334   11.8463
62.34   176.877   13.2995
62.36   239.126   15.4637
62.38   336.617   18.3471
62.4   464.714   21.5572
62.42   566.575   23.8028
62.44   554.502   23.5479
62.46   466.609   21.6011
62.48   400.873   20.0218
62.5   397.783   19.9445
62.52   466.349   21.5951
62.54   599.284   24.4803
62.56   740.262   27.2078
62.58   773.617   27.814
62.6   702.916   26.5126
62.62   650.697   25.5088
62.64   661.616   25.7219
62.66   711.973   26.6828
62.68   811.675   28.4899
62.7   970.038   31.1454
62.72   1060.26   32.5616
62.74   925.386   30.4202
62.76   670.926   25.9022
62.78   452.251   21.2662
62.8   304.557   17.4516
62.82   213.26   14.6034
62.84   157.817   12.5625
62.86   122.84   11.0833
62.88   99.7872   9.98935
62.9   82.8982   9.10485
62.92   70.2669   8.38254
62.94   60.5445   7.78104
62.96   52.9029   7.27344
62.98   46.7986   6.84095
63   41.8615   6.47005
63.02   37.7178   6.14149
63.04   34.4229   5.8671
63.06   31.7324   5.63315
63.08   29.5649   5.43736
63.1   28.1965   5.31004
63.12   27.0101   5.19713
63.14   26.4014   5.13823
63.16   26.6016   5.15768
63.18   28.0665   5.29779
63.2   31.4841   5.61107
63.22   37.518   6.12519
63.24   45.6922   6.7596
63.26   51.5081   7.17691
63.28   48.3854   6.95596
63.3   39.2035   6.26127
63.32   30.6263   5.5341
63.34   24.6723   4.96712
63.36   20.9751   4.57986
63.38   18.7783   4.4
63.4   17.4825   4.4
63.42   17.0114   4.4
63.44   16.6367   4.4
63.46   16.5571   4.4
63.48   16.7528   4.4
63.5   17.2392   4.4
63.52   18.0646   4.4
63.54   18.3451   4.4
63.56   20.2084   4.49537
63.58   22.9299   4.78852
63.6   27.0438   5.20037
63.62   33.6213   5.79839
63.64   44.6656   6.68323
63.66   63.3031   7.95632
63.68   93.0281   9.64511
63.7   133.965   11.5743
63.72   171.068   13.0793
63.74   171.064   13.0791
63.76   134.5   11.5974
63.78   94.7192   9.73238
63.8   66.6265   8.16251
63.82   50.1522   7.08182
63.84   41.0524   6.40722
63.86   35.0354   5.91907
63.88   29.9222   5.47012
63.9   25.5155   5.05128
63.92   22.8967   4.78505
63.94   21.3605   4.62175
63.96   21.0081   4.58346
63.98   20.8939   4.57098
64   21.2701   4.61195
64.02   22.0886   4.69985
64.04   23.3695   4.8342
64.06   24.6688   4.96677
64.08   27.088   5.20461
64.1   30.2782   5.50256
64.12   34.4857   5.87245
64.14   39.895   6.31625
64.16   47.5349   6.89456
64.18   57.4199   7.57759
64.2   73.5654   8.57703
64.22   99.3659   9.96824
64.24   142.49   11.9369
64.26   213.88   14.6246
64.28   323.257   17.9794
64.3   460.196   21.4522
64.32   550.035   23.4528
64.34   501.288   22.3895
64.36   371.693   19.2793
64.38   256.884   16.0276
64.4   182.138   13.4959
64.42   141.788   11.9075
64.44   126.827   11.2617
64.46   132.779   11.523
64.48   161.124   12.6934
64.5   214.975   14.662
64.52   290.124   17.033
64.54   348.238   18.6611
64.56   327.887   18.1076
64.58   249.186   15.7856
64.6   173.502   13.172
64.62   121.189   11.0086
64.64   89.5119   9.46107
64.66   71.7087   8.4681
64.68   62.3743   7.89774
64.7   58.4249   7.64362
64.72   58.7209   7.66296
64.74   63.6495   7.97806
64.76   75.9741   8.71631
64.78   98.6745   9.9335
64.8   138.058   11.7498
64.82   198.046   14.0729
64.84   267.617   16.359
64.86   298.972   17.2908
64.88   256.528   16.0165
64.9   185.12   13.6059
64.92   126.864   11.2634
64.94   88.8422   9.42561
64.96   66.2643   8.14029
64.98   53.3584   7.30468
65   46.0298   6.78452
65.02   42.0121   6.48167
65.04   40.3894   6.35526
65.06   40.9834   6.40183
65.08   43.5162   6.59668
65.1   49.0969   7.00692
65.12   58.9801   7.67985
65.14   74.3621   8.62335
65.16   94.1558   9.70339
65.18   111.545   10.5615
65.2   123.632   11.119
65.22   140.842   11.8677
65.24   166.775   12.9141
65.26   182.955   13.5261
65.28   173.355   13.1664
65.3   158.699   12.5976
65.32   162.988   12.7667
65.34   197.23   14.0438
65.36   265.881   16.3058
65.38   357.227   18.9005
65.4   413.355   20.3311
65.42   372.517   19.3007
65.44   282.296   16.8017
65.46   208.447   14.4377
65.48   165.379   12.86
65.5   141.131   11.8799
65.52   117.837   10.8553
65.54   93.4347   9.66617
65.56   74.3333   8.62167
65.58   61.869   7.86569
65.6   55.4534   7.4467
65.62   52.2105   7.22568
65.64   51.9877   7.21025
65.66   54.6901   7.39528
65.68   61.1619   7.82061
65.7   73.4069   8.56778
65.72   94.5289   9.7226
65.74   127.53   11.2929
65.76   170.252   13.0481
65.78   202.831   14.2419
65.8   197.819   14.0648
65.82   172.052   13.1169
65.84   156.527   12.5111
65.86   165.104   12.8493
65.88   204.713   14.3078
65.9   280.854   16.7587
65.92   387.548   19.6862
65.94   473.813   21.7673
65.96   453.88   21.3045
65.98   351.24   18.7414
66   251.006   15.8432
66.02   183.284   13.5383
66.04   146.179   12.0905
66.06   131.326   11.4598
66.08   133.656   11.561
66.1   153.697   12.3974
66.12   198.367   14.0843
66.14   278.114   16.6767
66.16   401.134   20.0283
66.18   545.315   23.352
66.2   612.637   24.7515
66.22   526.907   22.9544
66.24   379.216   19.4735
66.26   260.172   16.1298
66.28   181.498   13.4721
66.3   135.379   11.6352
66.32   109.703   10.4739
66.34   96.7509   9.8362
66.36   92.2163   9.60293
66.38   94.7016   9.73147
66.4   105.722   10.2821
66.42   128.866   11.3519
66.44   169.429   13.0165
66.46   230.534   15.1834
66.48   302.738   17.3994
66.5   369.953   19.2342
66.52   420.362   20.5027
66.54   405.679   20.1415
66.56   318.144   17.8366
66.58   223.124   14.9373
66.6   154   12.4097
66.62   110.456   10.5098
66.64   84.4566   9.19003
66.66   68.9966   8.30642
66.68   59.4483   7.71027
66.7   53.3389   7.30335
66.72   49.3132   7.02233
66.74   46.9826   6.85439
66.76   45.8914   6.77432
66.78   45.8699   6.77273
66.8   46.861   6.84551
66.82   48.9023   6.99302
66.84   52.1293   7.22006
66.86   56.4298   7.51198
66.88   62.9803   7.93601
66.9   72.1139   8.49199
66.92   86.373   9.29371
66.94   105.612   10.2768
66.96   135.897   11.6575
66.98   186.196   13.6454
67   270.779   16.4554
67.02   405.657   20.1409
67.04   592.355   24.3384
67.06   764.81   27.6552
67.08   771.105   27.7688
67.1   605.919   24.6154
67.12   421.252   20.5244
67.14   287.837   16.9658
67.16   205.791   14.3454
67.18   159.424   12.6263
67.2   134.728   11.6072
67.22   123.024   11.0916
67.24   120.693   10.986
67.26   126.276   11.2372
67.28   142.703   11.9458
67.3   175.316   13.2407
67.32   232.302   15.2415
67.34   320.411   17.9
67.36   431.456   20.7715
67.38   512.483   22.6381
67.4   485.43   22.0325
67.42   384.503   19.6087
67.44   292.282   17.0962
67.46   235.775   15.355
67.48   212.326   14.5714
67.5   216.426   14.7114
67.52   246.752   15.7084
67.54   306.353   17.5029
67.56   396.367   19.909
67.58   496.224   22.2761
67.6   553.457   23.5257
67.62   572.693   23.931
67.64   637.738   25.2535
67.66   817.418   28.5905
67.68   1154.47   33.9775
67.7   1635.87   40.4458
67.72   2049.93   45.2761
67.74   1998.42   44.7037
67.76   1545   39.3065
67.78   1089.31   33.0047
67.8   785.954   28.0349
67.82   611.197   24.7224
67.84   487.832   22.0869
67.86   374.26   19.3458
67.88   281.941   16.7911
67.9   216.409   14.7109
67.92   172.215   13.1231
67.94   142.478   11.9364
67.96   122.21   11.0548
67.98   107.943   10.3896
68   97.7331   9.88601
68.02   90.1715   9.49587
68.04   85.2836   9.23491
68.06   82.391   9.07695
68.08   81.3263   9.01811
68.1   82.0723   9.05938
68.12   84.7601   9.20653
68.14   89.6955   9.47077
68.16   97.4199   9.87015
68.18   108.837   10.4325
68.2   125.486   11.2021
68.22   150.204   12.2558
68.24   188.625   13.7341
68.26   251.865   15.8702
68.28   359.372   18.9571
68.3   538.116   23.1973
68.32   809.795   28.4569
68.34   1138.75   33.7454
68.36   1325.35   36.4054
68.38   1168.97   34.1902
68.4   842.519   29.0262
68.42   562.601   23.7192
68.44   376.229   19.3966
68.46   264.218   16.2548
68.48   199.396   14.1208
68.5   161.684   12.7155
68.52   139.927   11.8291
68.54   128.295   11.3267
68.56   124.745   11.1689
68.58   131.93   11.4861
68.6   153.219   12.3782
68.62   195.287   13.9745
68.64   264.43   16.2613
68.66   354.752   18.8349
68.68   419.094   20.4718
68.7   395.898   19.8972
68.72   323.153   17.9764
68.74   269.958   16.4304
68.76   257.095   16.0342
68.78   272.706   16.5138
68.8   275.831   16.6082
68.82   234.728   15.3208
68.84   176.439   13.283
68.86   129.474   11.3787
68.88   98.9698   9.94836
68.9   81.3077   9.01708
68.92   71.7014   8.46767
68.94   67.5313   8.21774
68.96   67.4679   8.21388
68.98   71.5054   8.45609
69   81.0382   9.00212
69.02   99.4538   9.97265
69.04   132.758   11.5221
69.06   188.881   13.7434
69.08   272.399   16.5045
69.1   366.708   19.1496
69.12   405.514   20.1374
69.14   350.49   18.7214
69.16   267.338   16.3505
69.18   206.865   14.3828
69.2   168.458   12.9791
69.22   133.482   11.5534
69.24   104.407   10.218
69.26   85.4376   9.24325
69.28   77.6235   8.81042
69.3   79.2277   8.90099
69.32   84.6993   9.20322
69.34   82.723   9.09522
69.36   68.8186   8.2957
69.38   52.6746   7.25772
69.4   40.3444   6.35173
69.42   32.1751   5.67231
69.44   27.007   5.19683
69.46   23.7119   4.86948
69.48   21.5296   4.64
69.5   20.0361   4.47617
69.52   19.0138   4.4
69.54   18.3496   4.4
69.56   17.9828   4.4
69.58   17.8825   4.4
69.6   18.0385   4.4
69.62   18.459   4.4
69.64   19.1697   4.4
69.66   20.2179   4.49643
69.68   21.6788   4.65605
69.7   23.6682   4.865
69.72   26.3663   5.13481
69.74   30.0686   5.48348
69.76   35.2999   5.94137
69.78   43.0479   6.56109
69.8   55.1239   7.42455
69.82   73.2208   8.55692
69.84   103.82   10.1892
69.86   148.521   12.1869
69.88   201.234   14.1857
69.9   242.465   15.5713
69.92   273.533   16.5388
69.94   310.688   17.6263
69.96   323.782   17.9939
69.98   274.245   16.5604
70   198.118   14.0754
