1.54056
5   0   4.4
5.02   0   4.4
5.04   0   4.4
5.06   0   4.4
5.08   0   4.4
5.1   0   4.4
5.12   0   4.4
5.14   0   4.4
5.16   0   4.4
5.18   0   4.4
5.2   0   4.4
5.22   0   4.4
5.24   0   4.4
5.26   0   4.4
5.28   0   4.4
5.3   0   4.4
5.32   0   4.4
5.34   0   4.4
5.36   0   4.4
5.38   0   4.4
5.4   0   4.4
5.42   0   4.4
5.44   0   4.4
5.46   0   4.4
5.48   0   4.4
5.5   0   4.4
5.52   0   4.4
5.54   0   4.4
5.56   0   4.4
5.58   0   4.4
5.6   0   4.4
5.62   0   4.4
5.64   0   4.4
5.66   0   4.4
5.68   0   4.4
5.7   0   4.4
5.72   0   4.4
5.74   0   4.4
5.76   0   4.4
5.78   0   4.4
5.8   0   4.4
5.82   0   4.4
5.84   0   4.4
5.86   0   4.4
5.88   0   4.4
5.9   0   4.4
5.92   0   4.4
5.94   0   4.4
5.96   0   4.4
5.98   0   4.4
6   0   4.4
6.02   0   4.4
6.04   0   4.4
6.06   0   4.4
6.08   0   4.4
6.1   0   4.4
6.12   0   4.4
6.14   0   4.4
6.16   0   4.4
6.18   0   4.4
6.2   0   4.4
6.22   0   4.4
6.24   0   4.4
6.26   0   4.4
6.28   0   4.4
6.3   0   4.4
6.32   0   4.4
6.34   0   4.4
6.36   0   4.4
6.38   0   4.4
6.4   0   4.4
6.42   0   4.4
6.44   0   4.4
6.46   0   4.4
6.48   0   4.4
6.5   0   4.4
6.52   0   4.4
6.54   0   4.4
6.56   0   4.4
6.58   0   4.4
6.6   0   4.4
6.62   0   4.4
6.64   0   4.4
6.66   0   4.4
6.68   0   4.4
6.7   0   4.4
6.72   0   4.4
6.74   0   4.4
6.76   0   4.4
6.78   0   4.4
6.8   0   4.4
6.82   0   4.4
6.84   0   4.4
6.86   0   4.4
6.88   0   4.4
6.9   0   4.4
6.92   0   4.4
6.94   0   4.4
6.96   0   4.4
6.98   0   4.4
7   0   4.4
7.02   0   4.4
7.04   0   4.4
7.06   0   4.4
7.08   0   4.4
7.1   0   4.4
7.12   0   4.4
7.14   0   4.4
7.16   0   4.4
7.18   0   4.4
7.2   0   4.4
7.22   0   4.4
7.24   0   4.4
7.26   0   4.4
7.28   0   4.4
7.3   0   4.4
7.32   0   4.4
7.34   0   4.4
7.36   0   4.4
7.38   0   4.4
7.4   0   4.4
7.42   0   4.4
7.44   0   4.4
7.46   0   4.4
7.48   0   4.4
7.5   0   4.4
7.52   0   4.4
7.54   0   4.4
7.56   0   4.4
7.58   0   4.4
7.6   0   4.4
7.62   0   4.4
7.64   0   4.4
7.66   0   4.4
7.68   0   4.4
7.7   0   4.4
7.72   0   4.4
7.74   0   4.4
7.76   0   4.4
7.78   0   4.4
7.8   0   4.4
7.82   0   4.4
7.84   0   4.4
7.86   0   4.4
7.88   0   4.4
7.9   0   4.4
7.92   0   4.4
7.94   0   4.4
7.96   0   4.4
7.98   0   4.4
8   0   4.4
8.02   0   4.4
8.04   0   4.4
8.06   0   4.4
8.08   0   4.4
8.1   0   4.4
8.12   0   4.4
8.14   0   4.4
8.16   0   4.4
8.18   0   4.4
8.2   0   4.4
8.22   0   4.4
8.24   0   4.4
8.26   0   4.4
8.28   0   4.4
8.3   0   4.4
8.32   0   4.4
8.34   0   4.4
8.36   0   4.4
8.38   0   4.4
8.4   0   4.4
8.42   0   4.4
8.44   0   4.4
8.46   0   4.4
8.48   0   4.4
8.5   0   4.4
8.52   0   4.4
8.54   0   4.4
8.56   0   4.4
8.58   0   4.4
8.6   0   4.4
8.62   0   4.4
8.64   0   4.4
8.66   0   4.4
8.68   0   4.4
8.7   0   4.4
8.72   0   4.4
8.74   0   4.4
8.76   0   4.4
8.78   0   4.4
8.8   0   4.4
8.82   0   4.4
8.84   0   4.4
8.86   0   4.4
8.88   0   4.4
8.9   0   4.4
8.92   0   4.4
8.94   0   4.4
8.96   0   4.4
8.98   0   4.4
9   0   4.4
9.02   0   4.4
9.04   0   4.4
9.06   0   4.4
9.08   0   4.4
9.1   0   4.4
9.12   0   4.4
9.14   0   4.4
9.16   0   4.4
9.18   0   4.4
9.2   0   4.4
9.22   0   4.4
9.24   0   4.4
9.26   0   4.4
9.28   0   4.4
9.3   0   4.4
9.32   0   4.4
9.34   0   4.4
9.36   0   4.4
9.38   0   4.4
9.4   0   4.4
9.42   0   4.4
9.44   0   4.4
9.46   0   4.4
9.48   0   4.4
9.5   0   4.4
9.52   0   4.4
9.54   0   4.4
9.56   0   4.4
9.58   0   4.4
9.6   0   4.4
9.62   0   4.4
9.64   0   4.4
9.66   0   4.4
9.68   0   4.4
9.7   0   4.4
9.72   0   4.4
9.74   0   4.4
9.76   0   4.4
9.78   0   4.4
9.8   0   4.4
9.82   0   4.4
9.84   0   4.4
9.86   0   4.4
9.88   0   4.4
9.9   0   4.4
9.92   0   4.4
9.94   0   4.4
9.96   0   4.4
9.98   0   4.4
10   0   4.4
10.02   0   4.4
10.04   0   4.4
10.06   0   4.4
10.08   0   4.4
10.1   0   4.4
10.12   0   4.4
10.14   0   4.4
10.16   0   4.4
10.18   0   4.4
10.2   0   4.4
10.22   0   4.4
10.24   0   4.4
10.26   0   4.4
10.28   0   4.4
10.3   0   4.4
10.32   0   4.4
10.34   0   4.4
10.36   0   4.4
10.38   0   4.4
10.4   0   4.4
10.42   0   4.4
10.44   0   4.4
10.46   0   4.4
10.48   0   4.4
10.5   0   4.4
10.52   0   4.4
10.54   0   4.4
10.56   0   4.4
10.58   0   4.4
10.6   0   4.4
10.62   0   4.4
10.64   0   4.4
10.66   3.01803   4.4
10.68   3.1027   4.4
10.7   3.19098   4.4
10.72   3.28308   4.4
10.74   3.37922   4.4
10.76   3.47965   4.4
10.78   3.58463   4.4
10.8   3.69442   4.4
10.82   3.80933   4.4
10.84   3.92969   4.4
10.86   4.05583   4.4
10.88   4.18815   4.4
10.9   4.32705   4.4
10.92   4.47297   4.4
10.94   4.62639   4.4
10.96   4.78783   4.4
10.98   4.95787   4.4
11   5.13713   4.4
11.02   5.32628   4.4
11.04   5.52607   4.4
11.06   5.7373   4.4
11.08   5.96087   4.4
11.1   6.19776   4.4
11.12   6.44904   4.4
11.14   6.7159   4.4
11.16   6.99966   4.4
11.18   7.30177   4.4
11.2   7.62386   4.4
11.22   7.96771   4.4
11.24   8.33533   4.4
11.26   8.72897   4.4
11.28   9.15113   4.4
11.3   9.60463   4.4
11.32   10.0926   4.4
11.34   10.6188   4.4
11.36   11.1871   4.4
11.38   11.8022   4.4
11.4   12.4694   4.4
11.42   13.1946   4.4
11.44   13.985   4.4
11.46   14.8483   4.4
11.48   15.794   4.4
11.5   16.8328   4.4
11.52   17.9773   4.4
11.54   19.2423   4.4
11.56   20.6453   4.54371
11.58   22.2071   4.71244
11.6   23.9523   4.89411
11.62   25.911   5.09028
11.64   28.1191   5.30275
11.66   30.6208   5.53361
11.68   33.4702   5.78534
11.7   36.7345   6.0609
11.72   40.498   6.3638
11.74   44.867   6.69828
11.76   49.978   7.06951
11.78   56.0074   7.48381
11.8   63.1873   7.94904
11.82   71.8267   8.47506
11.84   82.3448   9.0744
11.86   95.3202   9.76321
11.88   111.569   10.5626
11.9   132.269   11.5008
11.92   159.174   12.6164
11.94   195.019   13.9649
11.96   244.417   15.6339
11.98   315.986   17.776
12   426.901   20.6616
12.02   609.996   24.6981
12.04   918.905   30.3135
12.06   1419.44   37.6754
12.08   2138.19   46.2405
12.1   2879.59   53.6618
12.12   3052.25   55.2472
12.14   2457.96   49.5779
12.16   1683.5   41.0304
12.18   1092.75   33.0567
12.2   714.827   26.7363
12.22   488.961   22.1125
12.24   354.233   18.8211
12.26   269.687   16.4221
12.28   212.798   14.5876
12.3   172.24   13.124
12.32   142.163   11.9232
12.34   119.234   10.9194
12.36   101.372   10.0684
12.38   87.2017   9.33818
12.4   75.7811   8.70523
12.42   66.448   8.15156
12.44   58.7265   7.66332
12.46   52.2684   7.22969
12.48   46.8139   6.84207
12.5   42.1664   6.49356
12.52   38.1749   6.17858
12.54   34.7221   5.89255
12.56   31.7156   5.63166
12.58   29.082   5.39277
12.6   26.7622   5.17322
12.62   24.7085   4.97076
12.64   22.8817   4.78348
12.66   21.2498   4.60975
12.68   19.786   4.44815
12.7   18.4681   4.4
12.72   17.2773   4.4
12.74   16.1978   4.4
12.76   15.2162   4.4
12.78   14.3211   4.4
12.8   13.5026   4.4
12.82   12.7522   4.4
12.84   12.0625   4.4
12.86   11.4273   4.4
12.88   10.8408   4.4
12.9   10.2983   4.4
12.92   9.79554   4.4
12.94   9.32863   4.4
12.96   8.89429   4.4
12.98   8.48956   4.4
13   8.11181   4.4
13.02   7.7587   4.4
13.04   7.42814   4.4
13.06   7.11824   4.4
13.08   6.82732   4.4
13.1   6.55386   4.4
13.12   6.29649   4.4
13.14   6.05399   4.4
13.16   5.82521   4.4
13.18   5.60915   4.4
13.2   5.40489   4.4
13.22   5.21158   4.4
13.24   5.02845   4.4
13.26   4.8548   4.4
13.28   4.68998   4.4
13.3   4.53342   4.4
13.32   4.38456   4.4
13.34   4.24291   4.4
13.36   4.10801   4.4
13.38   3.97944   4.4
13.4   3.85681   4.4
13.42   3.73976   4.4
13.44   3.62796   4.4
13.46   3.52109   4.4
13.48   3.41888   4.4
13.5   3.32105   4.4
13.52   3.22735   4.4
13.54   3.13757   4.4
13.56   3.05148   4.4
13.58   0   4.4
13.6   0   4.4
13.62   0   4.4
13.64   0   4.4
13.66   0   4.4
13.68   0   4.4
13.7   0   4.4
13.72   0   4.4
13.74   0   4.4
13.76   0   4.4
13.78   0   4.4
13.8   0   4.4
13.82   0   4.4
13.84   0   4.4
13.86   0   4.4
13.88   0   4.4
13.9   0   4.4
13.92   0   4.4
13.94   0   4.4
13.96   0   4.4
13.98   0   4.4
14   0   4.4
14.02   0   4.4
14.04   0   4.4
14.06   0   4.4
14.08   0   4.4
14.1   0   4.4
14.12   0   4.4
14.14   0   4.4
14.16   0   4.4
14.18   0   4.4
14.2   0   4.4
14.22   0   4.4
14.24   0   4.4
14.26   0   4.4
14.28   0   4.4
14.3   0   4.4
14.32   0   4.4
14.34   0   4.4
14.36   0   4.4
14.38   0   4.4
14.4   0   4.4
14.42   0   4.4
14.44   0   4.4
14.46   0   4.4
14.48   0   4.4
14.5   0   4.4
14.52   0   4.4
14.54   0   4.4
14.56   0   4.4
14.58   0   4.4
14.6   0   4.4
14.62   0   4.4
14.64   0   4.4
14.66   0   4.4
14.68   0   4.4
14.7   0   4.4
14.72   0   4.4
14.74   0   4.4
14.76   0   4.4
14.78   0   4.4
14.8   0   4.4
14.82   0   4.4
14.84   0   4.4
14.86   0   4.4
14.88   0   4.4
14.9   0   4.4
14.92   0   4.4
14.94   0   4.4
14.96   0   4.4
14.98   0   4.4
15   0   4.4
15.02   0   4.4
15.04   0   4.4
15.06   0   4.4
15.08   0   4.4
15.1   0   4.4
15.12   0   4.4
15.14   0   4.4
15.16   0   4.4
15.18   0   4.4
15.2   0   4.4
15.22   0   4.4
15.24   0   4.4
15.26   0   4.4
15.28   0   4.4
15.3   0   4.4
15.32   0   4.4
15.34   0   4.4
15.36   0   4.4
15.38   0   4.4
15.4   0   4.4
15.42   0   4.4
15.44   0   4.4
15.46   0   4.4
15.48   0   4.4
15.5   0   4.4
15.52   0   4.4
15.54   2.15351   4.4
15.56   2.21427   4.4
15.58   2.27763   4.4
15.6   2.34375   4.4
15.62   2.41278   4.4
15.64   2.48491   4.4
15.66   2.56033   4.4
15.68   2.63923   4.4
15.7   2.72183   4.4
15.72   2.80836   4.4
15.74   2.89909   4.4
15.76   2.99429   4.4
15.78   3.09425   4.4
15.8   3.19929   4.4
15.82   3.30978   4.4
15.84   3.42608   4.4
15.86   3.54862   4.4
15.88   3.67785   4.4
15.9   3.81427   4.4
15.92   3.95841   4.4
15.94   4.11087   4.4
15.96   4.27231   4.4
15.98   4.44344   4.4
16   4.62505   4.4
16.02   4.81801   4.4
16.04   5.0233   4.4
16.06   5.24198   4.4
16.08   5.47524   4.4
16.1   12.8884   4.4
16.12   13.3536   4.4
16.14   13.8462   4.4
16.16   14.3685   4.4
16.18   14.9231   4.4
16.2   15.513   4.4
16.22   16.1414   4.4
16.24   16.8119   4.4
16.26   17.5287   4.4
16.28   18.2965   4.4
16.3   19.1204   4.4
16.32   20.0066   4.47287
16.34   20.962   4.57842
16.36   21.9945   4.68982
16.38   23.1132   4.80762
16.4   24.329   4.93244
16.42   25.6541   5.06499
16.44   27.1032   5.20608
16.46   28.6936   5.35664
16.48   30.4457   5.51776
16.5   32.384   5.6907
16.52   34.5382   5.87692
16.54   36.944   6.07816
16.56   39.6456   6.29647
16.58   42.6973   6.53432
16.6   46.1673   6.79465
16.62   50.1416   7.08108
16.64   54.7303   7.39799
16.66   60.0759   7.75086
16.68   66.3659   8.14653
16.7   73.8511   8.59367
16.72   82.8724   9.10343
16.74   93.9028   9.69034
16.76   107.613   10.3737
16.78   124.982   11.1795
16.8   147.483   12.1442
16.82   177.475   13.322
16.84   219.091   14.8017
16.86   280.319   16.7427
16.88   377.037   19.4174
16.9   538.12   23.1974
16.92   806.546   28.3998
16.94   1225.29   35.0041
16.96   1774.27   42.1221
16.98   2197.73   46.8799
17   2080.96   45.6175
17.02   1561.67   39.518
17.04   1057.82   32.5241
17.06   708.342   26.6147
17.08   494.789   22.2439
17.1   370.802   19.2562
17.12   298.591   17.2798
17.14   255.072   15.971
17.16   228.265   15.1084
17.18   212.284   14.57
17.2   204.137   14.2876
17.22   202.233   14.2209
17.24   205.781   14.3451
17.26   214.533   14.647
17.28   228.7   15.1228
17.3   248.938   15.7778
17.32   276.43   16.6262
17.34   313.045   17.6931
17.36   361.652   19.0171
17.38   426.659   20.6557
17.4   515.11   22.696
17.42   639.143   25.2813
17.44   821.844   28.6678
17.46   1109.36   33.3071
17.48   1588.53   39.8563
17.5   2396.68   48.9559
17.52   3691.75   60.7598
17.54   5498.05   74.1489
17.56   7198.66   84.8449
17.58   7307.49   85.4839
17.6   5697.43   75.4813
17.62   3853.5   62.0766
17.64   2499.56   49.9956
17.66   1645.98   40.5706
17.68   1137.81   33.7314
17.7   833.059   28.8628
17.72   639.727   25.2928
17.74   508.251   22.5444
17.76   413.78   20.3416
17.78   343.322   18.529
17.8   289.36   17.0106
17.82   247.152   15.7211
17.84   213.54   14.613
17.86   186.355   13.6512
17.88   164.064   12.8087
17.9   145.563   12.065
17.92   130.042   11.4036
17.94   116.894   10.8117
17.96   105.659   10.2791
17.98   95.9831   9.7971
18   87.5904   9.35897
18.02   80.2631   8.95897
18.04   73.8278   8.59231
18.06   68.1451   8.255
18.08   63.1015   7.94365
18.1   58.6044   7.65535
18.12   54.5773   7.38764
18.14   50.9564   7.13838
18.16   47.6888   6.90571
18.18   44.7297   6.68803
18.2   42.0412   6.48392
18.22   39.5911   6.29215
18.24   37.3519   6.11162
18.26   35.2999   5.94137
18.28   33.4147   5.78054
18.3   31.6785   5.62836
18.32   30.0759   5.48415
18.34   28.5935   5.34729
18.36   27.2195   5.21723
18.38   25.9435   5.09347
18.4   24.7563   4.97557
18.42   23.6498   4.8631
18.44   22.6168   4.75571
18.46   19.5779   4.42469
18.48   18.7284   4.4
18.5   17.933   4.4
18.52   17.1871   4.4
18.54   16.4868   4.4
18.56   15.8284   4.4
18.58   15.2086   4.4
18.6   14.6245   4.4
18.62   14.0734   4.4
18.64   13.5529   4.4
18.66   13.0606   4.4
18.68   12.5947   4.4
18.7   12.1533   4.4
18.72   11.7347   4.4
18.74   11.3373   4.4
18.76   10.9598   4.4
18.78   10.6008   4.4
18.8   10.2591   4.4
18.82   9.93369   4.4
18.84   9.62351   4.4
18.86   9.32763   4.4
18.88   9.04518   4.4
18.9   8.77536   4.4
18.92   8.51744   4.4
18.94   8.27071   4.4
18.96   8.03455   4.4
18.98   7.80835   4.4
19   7.59158   4.4
19.02   7.3837   4.4
19.04   7.18424   4.4
19.06   0   4.4
19.08   0   4.4
19.1   0   4.4
19.12   0   4.4
19.14   0   4.4
19.16   0   4.4
19.18   0   4.4
19.2   0   4.4
19.22   0   4.4
19.24   0   4.4
19.26   0   4.4
19.28   0   4.4
19.3   0   4.4
19.32   0   4.4
19.34   0   4.4
19.36   0   4.4
19.38   0   4.4
19.4   0   4.4
19.42   0   4.4
19.44   0   4.4
19.46   0   4.4
19.48   0   4.4
19.5   0   4.4
19.52   0   4.4
19.54   0   4.4
19.56   0   4.4
19.58   0   4.4
19.6   0   4.4
19.62   0   4.4
19.64   0   4.4
19.66   0   4.4
19.68   0   4.4
19.7   0   4.4
19.72   0   4.4
19.74   0   4.4
19.76   0   4.4
19.78   0   4.4
19.8   0   4.4
19.82   0   4.4
19.84   0   4.4
19.86   0   4.4
19.88   0   4.4
19.9   0   4.4
19.92   0   4.4
19.94   0   4.4
19.96   0   4.4
19.98   0   4.4
20   0   4.4
20.02   0   4.4
20.04   0   4.4
20.06   0   4.4
20.08   0   4.4
20.1   0   4.4
20.12   0   4.4
20.14   0   4.4
20.16   0   4.4
20.18   0   4.4
20.2   0   4.4
20.22   0   4.4
20.24   0   4.4
20.26   0   4.4
20.28   0   4.4
20.3   0   4.4
20.32   0   4.4
20.34   0   4.4
20.36   0   4.4
20.38   0   4.4
20.4   0   4.4
20.42   0   4.4
20.44   0   4.4
20.46   0   4.4
20.48   0   4.4
20.5   0   4.4
20.52   0   4.4
20.54   0   4.4
20.56   0   4.4
20.58   0   4.4
20.6   0   4.4
20.62   0   4.4
20.64   0   4.4
20.66   0   4.4
20.68   0   4.4
20.7   0   4.4
20.72   0   4.4
20.74   0   4.4
20.76   0   4.4
20.78   0   4.4
20.8   0   4.4
20.82   0   4.4
20.84   0   4.4
20.86   0   4.4
20.88   0   4.4
20.9   0   4.4
20.92   0   4.4
20.94   0   4.4
20.96   0   4.4
20.98   0   4.4
21   0   4.4
21.02   0   4.4
21.04   0   4.4
21.06   0   4.4
21.08   0   4.4
21.1   0   4.4
21.12   0   4.4
21.14   0   4.4
21.16   0   4.4
21.18   0   4.4
21.2   0   4.4
21.22   0   4.4
21.24   0   4.4
21.26   0   4.4
21.28   0   4.4
21.3   0   4.4
21.32   0   4.4
21.34   0   4.4
21.36   0   4.4
21.38   0   4.4
21.4   0   4.4
21.42   0   4.4
21.44   0   4.4
21.46   0   4.4
21.48   0   4.4
21.5   0   4.4
21.52   0   4.4
21.54   0   4.4
21.56   0   4.4
21.58   0   4.4
21.6   0   4.4
21.62   0   4.4
21.64   0   4.4
21.66   0   4.4
21.68   0   4.4
21.7   0   4.4
21.72   0   4.4
21.74   0   4.4
21.76   0   4.4
21.78   0   4.4
21.8   0   4.4
21.82   0   4.4
21.84   0   4.4
21.86   0   4.4
21.88   0   4.4
21.9   0   4.4
21.92   0   4.4
21.94   0   4.4
21.96   0   4.4
21.98   0   4.4
22   0   4.4
22.02   0   4.4
22.04   0   4.4
22.06   0   4.4
22.08   0   4.4
22.1   0   4.4
22.12   0   4.4
22.14   0   4.4
22.16   0   4.4
22.18   0   4.4
22.2   0   4.4
22.22   0   4.4
22.24   0   4.4
22.26   0   4.4
22.28   0   4.4
22.3   0   4.4
22.32   0   4.4
22.34   0   4.4
22.36   0   4.4
22.38   0   4.4
22.4   0   4.4
22.42   0   4.4
22.44   0   4.4
22.46   0   4.4
22.48   0   4.4
22.5   0   4.4
22.52   0   4.4
22.54   0   4.4
22.56   0   4.4
22.58   0   4.4
22.6   0   4.4
22.62   0   4.4
22.64   0   4.4
22.66   0   4.4
22.68   0   4.4
22.7   0   4.4
22.72   0   4.4
22.74   0   4.4
22.76   0   4.4
22.78   0   4.4
22.8   4.4563   4.4
22.82   4.58263   4.4
22.84   4.71441   4.4
22.86   4.85195   4.4
22.88   4.9956   4.4
22.9   6.04087   4.4
22.92   6.22276   4.4
22.94   6.41299   4.4
22.96   6.61209   4.4
22.98   6.82062   4.4
23   7.03917   4.4
23.02   7.2684   4.4
23.04   7.50902   4.4
23.06   7.7618   4.4
23.08   8.02757   4.4
23.1   8.30723   4.4
23.12   8.60178   4.4
23.14   8.91229   4.4
23.16   9.23993   4.4
23.18   9.586   4.4
23.2   9.95188   4.4
23.22   16.4454   4.4
23.24   17.0289   4.4
23.26   17.6447   4.4
23.28   18.2955   4.4
23.3   18.9839   4.4
23.32   19.7131   4.43994
23.34   20.4862   4.52617
23.36   21.3071   4.61597
23.38   22.1799   4.70955
23.4   23.1091   4.80719
23.42   24.0999   4.90916
23.44   25.1578   5.01576
23.46   26.2895   5.12733
23.48   27.502   5.24423
23.5   28.8034   5.36688
23.52   30.203   5.49573
23.54   31.7112   5.63127
23.56   33.3398   5.77406
23.58   35.1024   5.92473
23.6   37.0147   6.08397
23.62   39.0947   6.25258
23.64   41.3633   6.43143
23.66   43.8446   6.62153
23.68   46.5673   6.82402
23.7   49.5646   7.04022
23.72   52.8764   7.27162
23.74   56.5497   7.51995
23.76   60.6412   7.78724
23.78   65.2193   8.07584
23.8   70.3673   8.38852
23.82   76.1876   8.72855
23.84   82.8072   9.09985
23.86   90.385   9.5071
23.88   99.1225   9.95603
23.9   109.278   10.4536
23.92   121.187   11.0085
23.94   135.292   11.6315
23.96   152.186   12.3364
23.98   172.68   13.1408
24   197.902   14.0678
24.02   229.462   15.148
24.04   269.721   16.4232
24.06   322.29   17.9524
24.08   393.079   19.8262
24.1   492.78   22.1987
24.12   642.418   25.346
24.14   882.954   29.7145
24.16   1284.68   35.8424
24.18   1942.32   44.0717
24.2   2924.4   54.0778
24.22   4073.45   63.8236
24.24   4652.09   68.2062
24.26   4065.02   63.7575
24.28   3009.06   54.8549
24.3   2194.12   46.8414
24.32   1764.26   42.0031
24.34   1637.24   40.4628
24.36   1611.62   40.145
24.38   1443.65   37.9954
24.4   1154.24   33.9741
24.42   903.913   30.0651
24.44   744.372   27.2832
24.46   665.363   25.7946
24.48   648.498   25.4656
24.5   683.327   26.1405
24.52   772.924   27.8015
24.54   939.725   30.6549
24.56   1236.42   35.1627
24.58   1757.09   41.9176
24.6   2629.48   51.2785
24.62   3943.94   62.8008
24.64   5475.65   73.9976
24.66   6201.46   78.7493
24.68   5310.8   72.8752
24.7   3753.23   61.2636
24.72   2466.99   49.6688
24.74   1618.39   40.2292
24.76   1104.7   33.237
24.78   798.726   28.2617
24.8   608.78   24.6735
24.82   482.392   21.9634
24.84   392.864   19.8208
24.86   326.611   18.0724
24.88   276.084   16.6158
24.9   236.651   15.3835
24.92   205.283   14.3277
24.94   179.913   13.4132
24.96   159.096   12.6133
24.98   141.797   11.9079
25   127.257   11.2808
25.02   114.914   10.7198
25.04   104.341   10.2147
25.06   95.2095   9.75753
25.08   87.2663   9.34164
25.1   80.3105   8.96162
25.12   74.1825   8.61293
25.14   68.7539   8.2918
25.16   63.9205   7.99503
25.18   59.5969   7.7199
25.2   55.7128   7.4641
25.22   52.2097   7.22563
25.24   49.0385   7.00275
25.26   46.1581   6.79398
25.28   43.5334   6.59799
25.3   41.1348   6.41364
25.32   38.9367   6.23993
25.34   36.9172   6.07596
25.36   35.0575   5.92093
25.38   33.341   5.77416
25.4   31.7534   5.63502
25.42   30.2824   5.50294
25.44   28.9169   5.37744
25.46   27.6474   5.25808
25.48   26.4654   5.14445
25.5   25.3635   5.03622
25.52   24.3351   4.93306
25.54   23.3746   4.83472
25.56   22.4767   4.74096
25.58   21.6372   4.65158
25.6   20.8523   4.56643
25.62   20.1186   4.48538
25.64   19.4337   4.40837
25.66   18.7954   4.4
25.68   18.2023   4.4
25.7   13.3287   4.4
25.72   12.9406   4.4
25.74   12.594   4.4
25.76   12.2917   4.4
25.78   12.0387   4.4
25.8   11.8428   4.4
25.82   11.7165   4.4
25.84   10.7935   4.4
25.86   10.9003   4.4
25.88   11.1832   4.4
25.9   11.7518   4.4
25.92   12.8254   4.4
25.94   14.8074   4.4
25.96   18.3079   4.4
25.98   23.9614   4.89504
26   31.5868   5.62021
26.02   37.7648   6.14531
26.04   36.3646   6.03031
26.06   28.7754   5.36427
26.08   21.1472   4.59861
26.1   15.7241   4.4
26.12   6.37924   4.4
26.14   4.44787   4.4
26.16   3.28137   4.4
26.18   2.53211   4.4
26.2   2.01695   4.4
26.22   1.64411   4.4
26.24   1.36478   4.4
26.26   1.15017   4.4
26.28   0.981913   4.4
26.3   0.847687   4.4
26.32   0.73898   4.4
26.34   0.649761   4.4
26.36   0.575667   4.4
26.38   0.513484   4.4
26.4   0.460804   4.4
26.42   0.415794   4.4
26.44   0.377041   4.4
26.46   0.343442   4.4
26.48   0.314125   4.4
26.5   0.288395   4.4
26.52   0.265692   4.4
26.54   0.245559   4.4
26.56   0.227625   4.4
26.58   0.211581   4.4
26.6   0.197172   4.4
26.62   0.184183   4.4
26.64   0.172433   4.4
26.66   0.161771   4.4
26.68   0.152066   4.4
26.7   0.143208   4.4
26.72   0.1351   4.4
26.74   0.127661   4.4
26.76   0.120819   4.4
26.78   0.114511   4.4
26.8   0.108685   4.4
26.82   0.103291   4.4
26.84   0.098289   4.4
26.86   0.0936411   4.4
26.88   0.0893149   4.4
26.9   0.0852814   4.4
26.92   0.0815148   4.4
26.94   0.0779922   4.4
26.96   0.0746928   4.4
26.98   0.0715982   4.4
27   0.0686919   4.4
27.02   0.0659589   4.4
27.04   0.0633857   4.4
27.06   0.0609601   4.4
27.08   0.0586709   4.4
27.1   0.0565083   4.4
27.12   0.054463   4.4
27.14   0.0525266   4.4
27.16   0.0506917   4.4
27.18   0.0489512   4.4
27.2   0.0472988   4.4
27.22   0.0457286   4.4
27.24   0.0442353   4.4
27.26   0.0428139   4.4
27.28   0.0414599   4.4
27.3   0.0401691   4.4
27.32   0.0389376   4.4
27.34   0.0377619   4.4
27.36   0.0366386   4.4
27.38   0.0355647   4.4
27.4   0.0345372   4.4
27.42   0.0335537   4.4
27.44   0.0326116   4.4
27.46   0.0317085   4.4
27.48   0.0308425   4.4
27.5   0   4.4
27.52   0   4.4
27.54   0   4.4
27.56   0   4.4
27.58   0   4.4
27.6   0   4.4
27.62   0   4.4
27.64   0   4.4
27.66   0   4.4
27.68   0   4.4
27.7   0   4.4
27.72   0   4.4
27.74   0   4.4
27.76   0   4.4
27.78   0   4.4
27.8   0   4.4
27.82   0   4.4
27.84   0   4.4
27.86   0   4.4
27.88   0   4.4
27.9   0   4.4
27.92   0   4.4
27.94   0   4.4
27.96   0   4.4
27.98   0   4.4
28   0   4.4
28.02   0   4.4
28.04   0   4.4
28.06   0   4.4
28.08   0   4.4
28.1   0   4.4
28.12   0   4.4
28.14   0   4.4
28.16   0   4.4
28.18   0   4.4
28.2   0   4.4
28.22   0   4.4
28.24   0   4.4
28.26   0   4.4
28.28   0   4.4
28.3   0   4.4
28.32   0   4.4
28.34   0   4.4
28.36   0   4.4
28.38   0   4.4
28.4   0   4.4
28.42   0   4.4
28.44   0   4.4
28.46   0   4.4
28.48   0   4.4
28.5   0   4.4
28.52   0   4.4
28.54   0   4.4
28.56   0   4.4
28.58   0   4.4
28.6   0   4.4
28.62   0   4.4
28.64   0   4.4
28.66   0   4.4
28.68   0   4.4
28.7   0   4.4
28.72   0   4.4
28.74   0   4.4
28.76   0   4.4
28.78   0   4.4
28.8   0   4.4
28.82   0   4.4
28.84   0   4.4
28.86   0   4.4
28.88   0   4.4
28.9   0   4.4
28.92   0   4.4
28.94   0   4.4
28.96   0   4.4
28.98   0   4.4
29   0   4.4
29.02   0   4.4
29.04   0   4.4
29.06   0   4.4
29.08   0   4.4
29.1   0   4.4
29.12   0   4.4
29.14   0   4.4
29.16   0   4.4
29.18   0   4.4
29.2   0   4.4
29.22   0   4.4
29.24   0   4.4
29.26   0   4.4
29.28   0   4.4
29.3   0   4.4
29.32   0   4.4
29.34   0   4.4
29.36   0   4.4
29.38   0   4.4
29.4   0   4.4
29.42   0   4.4
29.44   0   4.4
29.46   0   4.4
29.48   0   4.4
29.5   0   4.4
29.52   0   4.4
29.54   0   4.4
29.56   0   4.4
29.58   0   4.4
29.6   0   4.4
29.62   0   4.4
29.64   0   4.4
29.66   0   4.4
29.68   0   4.4
29.7   0   4.4
29.72   0   4.4
29.74   0   4.4
29.76   0   4.4
29.78   0   4.4
29.8   0   4.4
29.82   0   4.4
29.84   0   4.4
29.86   0   4.4
29.88   0   4.4
29.9   0   4.4
29.92   0   4.4
29.94   0   4.4
29.96   0   4.4
29.98   0   4.4
30   0   4.4
30.02   0   4.4
30.04   0   4.4
30.06   0   4.4
30.08   0   4.4
30.1   0   4.4
30.12   0   4.4
30.14   0   4.4
30.16   0   4.4
30.18   0   4.4
30.2   0   4.4
30.22   0   4.4
30.24   0   4.4
30.26   0   4.4
30.28   0   4.4
30.3   0   4.4
30.32   0   4.4
30.34   0   4.4
30.36   0   4.4
30.38   0   4.4
30.4   0   4.4
30.42   0   4.4
30.44   0   4.4
30.46   0   4.4
30.48   0   4.4
30.5   0   4.4
30.52   0   4.4
30.54   0   4.4
30.56   6.31018   4.4
30.58   6.48525   4.4
30.6   6.66771   4.4
30.62   6.85798   4.4
30.64   7.05651   4.4
30.66   7.26378   4.4
30.68   7.48032   4.4
30.7   7.70668   4.4
30.72   7.94346   4.4
30.74   8.19133   4.4
30.76   8.45097   4.4
30.78   8.72315   4.4
30.8   9.00868   4.4
30.82   9.30846   4.4
30.84   9.62345   4.4
30.86   9.95469   4.4
30.88   10.3033   4.4
30.9   10.6706   4.4
30.92   11.0578   4.4
30.94   11.4665   4.4
30.96   11.8983   4.4
30.98   12.3548   4.4
31   12.8382   4.4
31.02   13.3505   4.4
31.04   13.894   4.4
31.06   14.4714   4.4
31.08   15.0855   4.4
31.1   15.7395   4.4
31.12   16.4369   4.4
31.14   17.1816   4.4
31.16   17.9781   4.4
31.18   18.8312   4.4
31.2   19.7465   4.4437
31.22   20.73   4.55302
31.24   21.7888   4.66785
31.26   22.9307   4.7886
31.28   24.1647   4.91576
31.3   25.5008   5.04983
31.32   26.9507   5.1914
31.34   28.5276   5.34112
31.36   30.2468   5.49971
31.38   32.1259   5.66798
31.4   34.1854   5.84683
31.42   36.4489   6.0373
31.44   38.9444   6.24054
31.46   41.7045   6.4579
31.48   44.7679   6.69088
31.5   48.1806   6.94122
31.52   51.9975   7.21093
31.54   56.285   7.50233
31.56   61.1233   7.81814
31.58   66.6106   8.16153
31.6   72.8677   8.53626
31.62   80.045   8.94679
31.64   88.331   9.39846
31.66   97.9649   9.89772
31.68   109.253   10.4524
31.7   122.595   11.0723
31.72   138.514   11.7692
31.74   157.714   12.5584
31.76   181.148   13.4591
31.78   210.142   14.4963
31.8   246.571   15.7026
31.82   293.157   17.1218
31.84   353.987   18.8146
31.86   444.366   21.08
31.88   557.945   23.6209
31.9   724.493   26.9164
31.92   986.223   31.4042
31.94   1421.97   37.709
31.96   2154.79   46.4198
31.98   3322.33   57.6397
32   4930.02   70.2141
32.02   6384.79   79.9049
32.04   6376.72   79.8544
32.06   4915.59   70.1113
32.08   3311.36   57.5444
32.1   2148.9   46.3562
32.12   1420.12   37.6845
32.14   987.163   31.4191
32.16   727.32   26.9689
32.18   562.151   23.7097
32.2   449.703   21.2062
32.22   368.954   19.2082
32.24   308.86   17.5744
32.26   262.997   16.2172
32.28   227.732   15.0908
32.3   199.499   14.1244
32.32   176.854   13.2986
32.34   158.48   12.5889
32.36   143.428   11.9761
32.38   131.002   11.4456
32.4   120.684   10.9856
32.42   112.082   10.5869
32.44   104.894   10.2418
32.46   98.8903   9.94436
32.48   93.8883   9.6896
32.5   89.7468   9.47348
32.52   86.3543   9.2927
32.54   83.6233   9.14458
32.56   81.4855   9.02693
32.58   79.8881   8.93801
32.6   78.7914   8.87645
32.62   78.1672   8.84122
32.64   77.9968   8.83158
32.66   78.2706   8.84707
32.68   78.9878   8.88751
32.7   80.1556   8.95296
32.72   81.7899   9.04378
32.74   83.9159   9.16056
32.76   86.5685   9.30422
32.78   89.7941   9.47597
32.8   93.6522   9.67741
32.82   98.2182   9.91051
32.84   103.587   10.1777
32.86   109.875   10.4821
32.88   117.231   10.8273
32.9   125.841   11.2179
32.92   136.025   11.663
32.94   147.908   12.1617
32.96   161.956   12.7262
32.98   178.664   13.3665
33   198.682   14.0955
33.02   222.875   14.929
33.04   252.414   15.8875
33.06   288.912   16.9974
33.08   334.635   18.293
33.1   392.844   19.8203
33.12   468.365   21.6417
33.14   568.653   23.8465
33.16   706.091   26.5724
33.18   906.631   30.1103
33.2   1209.12   34.7724
33.22   1704.29   41.283
33.24   2540.12   50.3996
33.26   3909.76   62.5281
33.28   5932.6   77.0234
33.3   8200.76   90.5581
33.32   9106.53   95.4281
33.34   7634   87.3728
33.36   5328.08   72.9937
33.38   3478.7   58.9805
33.4   2273.42   47.6804
33.42   1549   39.3573
33.44   1119.29   33.4558
33.46   853.382   29.2127
33.48   677.482   26.0285
33.5   564.2   23.7529
33.52   469.08   21.6583
33.54   403.814   20.0951
33.56   356.084   18.8702
33.58   322.63   17.9619
33.6   302.616   17.3958
33.62   298.082   17.265
33.64   314.52   17.7347
33.66   360.035   18.9746
33.68   439.791   20.9712
33.7   534.994   23.1299
33.72   569.942   23.8735
33.74   492.716   22.1972
33.76   374.628   19.3553
33.78   278.638   16.6925
33.8   214.439   14.6437
33.82   174.276   13.2014
33.84   149.116   12.2113
33.86   132.546   11.5128
33.88   120.906   10.9957
33.9   112.32   10.5981
33.92   105.817   10.2867
33.94   100.841   10.042
33.96   97.0484   9.85132
33.98   94.2103   9.7062
34   92.1731   9.60068
34.02   90.8326   9.53062
34.04   90.1206   9.49319
34.06   89.9954   9.48659
34.08   90.4378   9.50988
34.1   91.4481   9.56285
34.12   93.3312   9.66081
34.14   95.5676   9.77587
34.16   98.5032   9.92488
34.18   102.244   10.1116
34.2   106.954   10.3419
34.22   112.905   10.6257
34.24   120.586   10.9812
34.26   130.891   11.4407
34.28   145.323   12.055
34.3   165.938   12.8817
34.32   194.442   13.9443
34.34   228.534   15.1173
34.36   254.689   15.959
34.38   260.298   16.1338
34.4   258.628   16.0819
34.42   265.433   16.2921
34.44   285.548   16.8982
34.46   320.403   17.8998
34.48   372.747   19.3067
34.5   449.615   21.2041
34.52   566.778   23.8071
34.54   755.836   27.4925
34.56   1070.47   32.7181
34.58   1580.76   39.7588
34.6   2329.81   48.2681
34.62   3168.91   56.2931
34.64   3516.11   59.2968
34.66   3010.79   54.8707
34.68   2215.63   47.0705
34.7   1596.06   39.9508
34.72   1221.62   34.9516
34.74   1037.88   32.2161
34.76   985.012   31.3849
34.78   1019.03   31.9222
34.8   1152.64   33.9506
34.82   1405.61   37.4914
34.84   1854.28   43.0613
34.86   2641.08   51.3915
34.88   3968.55   62.9964
34.9   6006.2   77.4997
34.92   8509.31   92.2459
34.94   10000   100
34.96   8878.91   94.228
34.98   6382.06   79.8878
35   4204.89   64.8451
35.02   2741.18   52.3563
35.04   1849.47   43.0055
35.06   1319.95   36.3312
35.08   994.639   31.5379
35.1   780.85   27.9437
35.12   631.005   25.1198
35.14   521.059   22.8267
35.16   437.852   20.9249
35.18   372.994   19.3131
35.2   322.164   17.9489
35.22   281.43   16.7759
35.24   248.36   15.7594
35.26   221.228   14.8737
35.28   198.791   14.0993
35.3   180.142   13.4217
35.32   165.5   12.8647
35.34   152.674   12.3561
35.36   142.206   11.925
35.38   133.931   11.5728
35.4   127.849   11.307
35.42   124.194   11.1442
35.44   123.692   11.1217
35.46   127.752   11.3027
35.48   139.491   11.8106
35.5   163.949   12.8042
35.52   207.237   14.3957
35.54   271.38   16.4736
35.56   336.352   18.3399
35.58   345.604   18.5904
35.6   284.331   16.8621
35.62   208.748   14.4481
35.64   151.287   12.2999
35.66   113.928   10.6737
35.68   90.8258   9.53026
35.7   76.2837   8.73405
35.72   66.5107   8.15541
35.74   59.4293   7.70904
35.76   53.9902   7.3478
35.78   49.6449   7.04591
35.8   46.0758   6.78792
35.82   42.9954   6.55709
35.84   40.4427   6.35946
35.86   38.2349   6.18344
35.88   36.3042   6.02529
35.9   34.6008   5.88225
35.92   33.0877   5.75219
35.94   31.7364   5.63351
35.96   30.5251   5.52495
35.98   29.4365   5.42554
36   28.4572   5.33453
36.02   27.5765   5.25133
36.04   26.7859   5.17551
36.06   26.0787   5.10674
36.08   25.4499   5.04479
36.1   21.723   4.66079
36.12   21.3255   4.61795
36.14   20.9949   4.58202
36.16   20.7311   4.55314
36.18   20.9028   4.57196
36.2   20.786   4.55917
36.22   20.7419   4.55433
36.24   20.775   4.55796
36.26   20.8912   4.57069
36.28   21.0983   4.59329
36.3   21.4065   4.62671
36.32   21.8284   4.67209
36.34   22.3805   4.7308
36.36   23.0835   4.80453
36.38   23.964   4.8953
36.4   15.4207   4.4
36.42   17.0273   4.4
36.44   18.9377   4.4
36.46   21.2295   4.60755
36.48   24.0072   4.89971
36.5   27.4136   5.2358
36.52   31.6481   5.62567
36.54   36.9951   6.08236
36.56   43.8709   6.62351
36.58   52.9086   7.27383
36.6   65.1315   8.07041
36.62   82.36   9.07524
36.64   108.147   10.3994
36.66   149.516   12.2277
36.68   218.977   14.7979
36.7   334.464   18.2884
36.72   512.153   22.6308
36.74   735.948   27.1284
36.76   884.983   29.7487
36.78   805.871   28.3879
36.8   590.091   24.2918
36.82   396.817   19.9203
36.84   269.519   16.417
36.86   198.579   14.0918
36.88   165.226   12.854
36.9   149.07   12.2094
36.92   129.13   11.3635
36.94   101.723   10.0858
36.96   76.9523   8.77225
36.98   58.8349   7.67039
37   46.473   6.81711
37.02   38.0866   6.17144
37.04   32.2126   5.67561
37.06   27.6325   5.25666
37.08   24.3549   4.93507
37.1   21.7946   4.66847
37.12   19.7678   4.4461
37.14   18.1553   4.4
37.16   16.8751   4.4
37.18   15.8704   4.4
37.2   15.1014   4.4
37.22   14.5414   4.4
37.24   14.1741   4.4
37.26   13.9922   4.4
37.28   13.9969   4.4
37.3   14.1982   4.4
37.32   14.6166   4.4
37.34   15.2853   4.4
37.36   16.2543   4.4
37.38   17.598   4.4
37.4   19.4256   4.40745
37.42   21.8999   4.67974
37.44   25.2706   5.02699
37.46   29.9409   5.47183
37.48   36.6234   6.05172
37.5   46.7025   6.83392
37.52   62.9323   7.93299
37.54   90.3068   9.50299
37.56   136.211   11.6709
37.58   207.899   14.4187
37.6   301.353   17.3595
37.62   371.479   19.2738
37.64   348.274   18.6621
37.66   258.172   16.0677
37.68   171.892   13.1108
37.7   112.025   10.5842
37.72   75.1053   8.66633
37.74   53.1929   7.29334
37.76   39.8745   6.31463
37.78   31.2424   5.58949
37.8   25.2566   5.0256
37.82   20.893   4.57088
37.84   17.6021   4.4
37.86   15.0573   4.4
37.88   13.0489   4.4
37.9   11.4356   4.4
37.92   10.1198   4.4
37.94   9.03195   4.4
37.96   8.12166   4.4
37.98   7.35175   4.4
38   6.69427   4.4
38.02   6.12791   4.4
38.04   5.6362   4.4
38.06   5.20624   4.4
38.08   4.82783   4.4
38.1   4.4928   4.4
38.12   4.19456   4.4
38.14   3.92771   4.4
38.16   3.68786   4.4
38.18   3.47133   4.4
38.2   3.27508   4.4
38.22   3.09655   4.4
38.24   2.09944   4.4
38.26   1.97232   4.4
38.28   1.85648   4.4
38.3   1.75063   4.4
38.32   1.65364   4.4
38.34   1.56456   4.4
38.36   1.48254   4.4
38.38   1.40685   4.4
38.4   1.27896   4.4
38.42   1.21562   4.4
38.44   1.15687   4.4
38.46   1.10228   4.4
38.48   1.05145   4.4
38.5   1.00406   4.4
38.52   0.9598   4.4
38.54   0.918399   4.4
38.56   0.879618   4.4
38.58   0.84324   4.4
38.6   0.809071   4.4
38.62   0.776936   4.4
38.64   0.746676   4.4
38.66   0.71815   4.4
38.68   0.691226   4.4
38.7   0.665787   4.4
38.72   0.641726   4.4
38.74   0.618946   4.4
38.76   0.597356   4.4
38.78   0.576877   4.4
38.8   0.557431   4.4
38.82   0.538953   4.4
38.84   0.521377   4.4
38.86   0.504647   4.4
38.88   0.488709   4.4
38.9   0.473514   4.4
38.92   0.459017   4.4
38.94   0.445175   4.4
38.96   0.431949   4.4
38.98   0.419304   4.4
39   0.407206   4.4
39.02   0.395624   4.4
39.04   0.384529   4.4
39.06   0.373894   4.4
39.08   0.363694   4.4
39.1   0   4.4
39.12   0   4.4
39.14   0   4.4
39.16   0   4.4
39.18   1.64465   4.4
39.2   1.69027   4.4
39.22   1.73781   4.4
39.24   1.78739   4.4
39.26   1.83912   4.4
39.28   1.89312   4.4
39.3   1.94954   4.4
39.32   2.00851   4.4
39.34   2.0702   4.4
39.36   2.13478   4.4
39.38   6.28615   4.4
39.4   6.47142   4.4
39.42   6.66505   4.4
39.44   6.86753   4.4
39.46   7.07943   4.4
39.48   7.30133   4.4
39.5   7.53389   4.4
39.52   7.77779   4.4
39.54   8.03379   4.4
39.56   8.30271   4.4
39.58   8.58545   4.4
39.6   8.88296   4.4
39.62   9.1963   4.4
39.64   9.52662   4.4
39.66   9.87518   4.4
39.68   10.2434   4.4
39.7   10.6327   4.4
39.72   11.0448   4.4
39.74   11.4815   4.4
39.76   11.9448   4.4
39.78   12.4371   4.4
39.8   12.9606   4.4
39.82   13.5182   4.4
39.84   14.113   4.4
39.86   14.7483   4.4
39.88   15.4279   4.4
39.9   16.1561   4.4
39.92   16.9378   4.4
39.94   17.7782   4.4
39.96   18.6837   4.4
39.98   19.6611   4.43408
40   20.7184   4.55174
40.02   21.8646   4.67596
40.04   23.1102   4.8073
40.06   24.4672   4.94643
40.08   25.9496   5.09407
40.1   27.5735   5.25105
40.12   29.358   5.41831
40.14   31.3255   5.59692
40.16   34.8072   5.89977
40.18   37.2612   6.1042
40.2   39.9955   6.3242
40.22   43.0558   6.56169
40.24   46.4981   6.81895
40.26   51.9516   7.20775
40.28   56.4248   7.51164
40.3   61.5432   7.84494
40.32   67.4433   8.21239
40.34   74.301   8.6198
40.36   82.3464   9.07449
40.38   91.8855   9.58569
40.4   103.333   10.1653
40.42   117.264   10.8288
40.44   134.493   11.5971
40.46   156.218   12.4987
40.48   184.283   13.5751
40.5   221.782   14.8923
40.52   274.455   16.5667
40.54   353.559   18.8032
40.56   479.958   21.908
40.58   686.281   26.197
40.6   1009.62   31.7745
40.62   1454.54   38.1384
40.64   1873.66   43.2858
40.66   1928.94   43.9197
40.68   1616.74   40.2087
40.7   1289.34   35.9073
40.72   1125.71   33.5515
40.74   1166.78   34.1581
40.76   1446.08   38.0274
40.78   2020.65   44.9516
40.8   2920.72   54.0437
40.82   3929.43   62.6851
40.84   4282.62   65.4417
40.86   3554.73   59.6216
40.88   2481.38   49.8134
40.9   1631.86   40.3963
40.92   1079.53   32.8562
40.94   746.562   27.3233
40.96   547.486   23.3984
40.98   422.846   20.5632
41   339.279   18.4195
41.02   279.889   16.7299
41.04   235.995   15.3621
41.06   202.702   14.2373
41.08   176.977   13.3033
41.1   156.823   12.5229
41.12   140.881   11.8693
41.14   128.203   11.3227
41.16   118.117   10.8682
41.18   110.144   10.495
41.2   103.94   10.1951
41.22   99.2625   9.96306
41.24   95.9481   9.79531
41.26   93.8978   9.69009
41.28   93.0693   9.64724
41.3   93.4754   9.66827
41.32   95.1871   9.75639
41.34   98.3431   9.91681
41.36   103.167   10.1571
41.38   109.995   10.4878
41.4   119.325   10.9236
41.42   131.892   11.4844
41.44   148.8   12.1984
41.46   171.785   13.1067
41.48   203.781   14.2752
41.5   250.24   15.819
41.52   321.703   17.9361
41.54   437.291   20.9115
41.56   626.345   25.0269
41.58   922.1   30.3661
41.6   1328.46   36.448
41.62   1719.25   41.4639
41.64   1860.88   43.1379
41.66   1843.44   42.9353
41.68   1917.23   43.7862
41.7   1992.41   44.6364
41.72   1760.87   41.9627
41.74   1297.22   36.0169
41.76   879.157   29.6506
41.78   590.824   24.3069
41.8   410.482   20.2604
41.82   300.507   17.3351
41.84   231.409   15.2121
41.86   185.197   13.6087
41.88   152.319   12.3418
41.9   127.848   11.307
41.92   109.063   10.4433
41.94   94.3057   9.71111
41.96   82.4915   9.08248
41.98   72.879   8.53692
42   64.9467   8.05895
42.02   58.319   7.63669
42.04   52.7199   7.26085
42.06   47.9432   6.9241
42.08   43.832   6.62057
42.1   40.2653   6.3455
42.12   37.1488   6.09499
42.14   32.8055   5.72761
42.16   30.4224   5.51565
42.18   28.3054   5.32028
42.2   26.4153   5.13958
42.22   24.7199   4.97191
42.24   23.1928   4.81589
42.26   21.8118   4.67031
42.28   20.5582   4.53412
42.3   15.3718   4.4
42.32   14.4368   4.4
42.34   13.5847   4.4
42.36   12.806   4.4
42.38   12.0924   4.4
42.4   11.4369   4.4
42.42   10.8333   4.4
42.44   10.4729   4.4
42.46   9.9633   4.4
42.48   9.49174   4.4
42.5   9.05461   4.4
42.52   8.64873   4.4
42.54   8.27131   4.4
42.56   7.91983   4.4
42.58   7.59208   4.4
42.6   7.28607   4.4
42.62   7.00005   4.4
42.64   6.73241   4.4
42.66   6.48175   4.4
42.68   6.24678   4.4
42.7   6.02635   4.4
42.72   5.81942   4.4
42.74   5.62506   4.4
42.76   5.44243   4.4
42.78   5.27077   4.4
42.8   5.10938   4.4
42.82   4.95764   4.4
42.84   4.81501   4.4
42.86   4.68096   4.4
42.88   4.55505   4.4
42.9   4.43688   4.4
42.92   4.32607   4.4
42.94   4.22232   4.4
42.96   4.12535   4.4
42.98   4.0349   4.4
43   3.95078   4.4
43.02   3.87281   4.4
43.04   3.80086   4.4
43.06   3.73484   4.4
43.08   3.67467   4.4
43.1   2.32483   4.4
43.12   2.31079   4.4
43.14   2.3013   4.4
43.16   2.29653   4.4
43.18   0.795246   4.4
43.2   0.840514   4.4
43.22   0.889753   4.4
43.24   0.94344   4.4
43.26   1.00213   4.4
43.28   1.06645   4.4
43.3   1.13716   4.4
43.32   1.21513   4.4
43.34   1.30137   4.4
43.36   1.3971   4.4
43.38   1.50377   4.4
43.4   1.6231   4.4
43.42   1.75715   4.4
43.44   1.90846   4.4
43.46   2.08011   4.4
43.48   2.27588   4.4
43.5   2.50049   4.4
43.52   2.75988   4.4
43.54   3.06155   4.4
43.56   3.41514   4.4
43.58   3.83321   4.4
43.6   4.33227   4.4
43.62   4.93443   4.4
43.64   5.6698   4.4
43.66   6.58015   4.4
43.68   7.72473   4.4
43.7   9.18961   4.4
43.72   11.1042   4.4
43.74   13.6734   4.4
43.76   17.2514   4.4
43.78   22.5151   4.74501
43.8   30.8151   5.55114
43.82   44.6602   6.68283
43.84   67.9287   8.24188
43.86   104.866   10.2404
43.88   155.251   12.46
43.9   199.456   14.1229
43.92   196.816   14.0291
43.94   150.389   12.2633
43.96   100.866   10.0432
43.98   65.2987   8.08076
44   43.0755   6.56319
44.02   29.8772   5.46601
44.04   21.937   4.6837
44.06   16.8692   4.4
44.08   13.4044   4.4
44.1   10.9065   4.4
44.12   9.03988   4.4
44.14   7.60872   4.4
44.16   6.48856   4.4
44.18   5.59628   4.4
44.2   4.87457   4.4
44.22   4.28291   4.4
44.24   3.79205   4.4
44.26   3.38047   4.4
44.28   3.03207   4.4
44.3   2.73462   4.4
44.32   2.47869   4.4
44.34   2.25692   4.4
44.36   2.06353   4.4
44.38   1.89389   4.4
44.4   1.74427   4.4
44.42   1.61165   4.4
44.44   1.49356   4.4
44.46   1.38795   4.4
44.48   1.29314   4.4
44.5   1.2077   4.4
44.52   1.13043   4.4
44.54   1.06034   4.4
44.56   0.996557   4.4
44.58   0.93835   4.4
44.6   0.88509   4.4
44.62   0.836232   4.4
44.64   0.791305   4.4
44.66   0.749898   4.4
44.68   0.711654   4.4
44.7   0.676259   4.4
44.72   0.643437   4.4
44.74   0.612945   4.4
44.76   0.584568   4.4
44.78   0.558115   4.4
44.8   0.533416   4.4
44.82   0.510319   4.4
44.84   0.488689   4.4
44.86   0.468405   4.4
44.88   0.449357   4.4
44.9   0.431446   4.4
44.92   0.414585   4.4
44.94   0.398692   4.4
44.96   0.383695   4.4
44.98   0.375265   4.4
45   0.362028   4.4
45.02   0.349514   4.4
45.04   0.337672   4.4
45.06   0.326457   4.4
45.08   0.315828   4.4
45.1   0.305746   4.4
45.12   0.296178   4.4
45.14   0.287091   4.4
45.16   0.278456   4.4
45.18   0.270247   4.4
45.2   0.262437   4.4
45.22   1.72938   4.4
45.24   1.76362   4.4
45.26   1.79995   4.4
45.28   1.83847   4.4
45.3   1.87927   4.4
45.32   1.92244   4.4
45.34   1.9681   4.4
45.36   2.01636   4.4
45.38   2.06738   4.4
45.4   1.93043   4.4
45.42   10.7302   4.4
45.44   11.0378   4.4
45.46   11.3588   4.4
45.48   11.6941   4.4
45.5   12.0446   4.4
45.52   12.4111   4.4
45.54   12.7947   4.4
45.56   13.1965   4.4
45.58   13.6175   4.4
45.6   14.0592   4.4
45.62   14.5228   4.4
45.64   15.0099   4.4
45.66   15.522   4.4
45.68   16.061   4.4
45.7   16.6288   4.4
45.72   17.2274   4.4
45.74   17.8591   4.4
45.76   18.5266   4.4
45.78   19.2324   4.4
45.8   19.9798   4.46987
45.82   20.7719   4.55762
45.84   21.6126   4.64893
45.86   22.5058   4.74403
45.88   23.4562   4.84316
45.9   24.4688   4.94659
45.92   25.5491   5.05462
45.94   26.7036   5.16755
45.96   27.9391   5.28575
45.98   29.2637   5.40959
46   30.6862   5.53951
46.02   32.2167   5.67597
46.04   33.8666   5.8195
46.06   35.6491   5.97068
46.08   37.5789   6.13017
46.1   39.6734   6.29868
46.12   41.9522   6.47705
46.14   44.4383   6.66621
46.16   47.1587   6.86722
46.18   50.1448   7.0813
46.2   53.434   7.30986
46.22   57.0709   7.55453
46.24   61.1092   7.81724
46.26   65.6146   8.10029
46.28   70.6689   8.40648
46.3   76.377   8.73939
46.32   82.8801   9.10385
46.34   90.3748   9.50657
46.36   99.1339   9.9566
46.38   109.507   10.4646
46.4   121.857   11.0389
46.42   136.279   11.6738
46.44   152.228   12.3381
46.46   169.848   13.0326
46.48   191.22   13.8282
46.5   218.688   14.7881
46.52   254.842   15.9638
46.54   303.992   17.4354
46.56   374.512   19.3523
46.58   482.349   21.9624
46.6   653.862   25.5707
46.62   922.594   30.3742
46.64   1307.15   36.1545
46.66   1729.16   41.5832
46.68   1919.82   43.8158
46.7   1736.46   41.6708
46.72   1468.87   38.3258
46.74   1329.54   36.4628
46.76   1370.98   37.0267
46.78   1624.66   40.3071
46.8   2171.72   46.6018
46.82   3163.66   56.2464
46.84   4777.53   69.1197
46.86   6997.34   83.6501
46.88   8946.86   94.5879
46.9   8816.85   93.8981
46.92   6743.94   82.1215
46.94   4536.03   67.35
46.96   2950.02   54.3141
46.98   1958.15   44.251
47   1368.18   36.9889
47.02   1012.52   31.8201
47.04   785.019   28.0182
47.06   629.181   25.0835
47.08   516.663   22.7302
47.1   432.501   20.7967
47.12   367.945   19.1819
47.14   317.429   17.8165
47.16   279.602   16.7213
47.18   247.225   15.7234
47.2   220.786   14.8589
47.22   198.974   14.1058
47.24   180.822   13.447
47.26   165.609   12.8689
47.28   152.788   12.3607
47.3   141.938   11.9138
47.32   132.731   11.5209
47.34   124.914   11.1765
47.36   118.283   10.8758
47.38   112.951   10.6279
47.4   108.256   10.4046
47.42   104.362   10.2158
47.44   101.189   10.0593
47.46   98.6767   9.93361
47.48   96.7799   9.83768
47.5   95.4661   9.77068
47.52   94.7152   9.73217
47.54   94.5182   9.72205
47.56   94.8775   9.74051
47.58   95.8068   9.7881
47.6   97.3318   9.86569
47.62   99.4915   9.97454
47.64   102.34   10.1163
47.66   105.951   10.2932
47.68   110.417   10.5079
47.7   115.86   10.7638
47.72   122.437   11.0651
47.74   130.346   11.4169
47.76   139.847   11.8257
47.78   151.273   12.2993
47.8   165.065   12.8478
47.82   181.806   13.4835
47.84   202.282   14.2226
47.86   227.584   15.0859
47.88   259.183   16.0992
47.9   299.226   17.2981
47.92   350.852   18.7311
47.94   418.798   20.4645
47.96   510.681   22.5983
47.98   639.945   25.2971
48   832.693   28.8564
48.02   1140.76   33.7751
48.04   1657.74   40.7154
48.06   2521.18   50.2114
48.08   3863.95   62.1607
48.1   5601.33   74.8421
48.12   6874.77   82.9143
48.14   6403.4   80.0212
48.16   4728.53   68.7643
48.18   3145.24   56.0824
48.2   2052.84   45.3083
48.22   1382.13   37.177
48.24   986.335   31.406
48.26   747.922   27.3482
48.28   595.705   24.4071
48.3   492.722   22.1973
48.32   420.566   20.5077
48.34   369.545   19.2236
48.36   334.153   18.2799
48.38   302.721   17.3989
48.4   290.807   17.0531
48.42   289.321   17.0095
48.44   299.209   17.2977
48.46   327.295   18.0913
48.48   372.091   19.2897
48.5   451.042   21.2378
48.52   590.47   24.2996
48.54   833.122   28.8639
48.56   1230.23   35.0746
48.58   1797.42   42.396
48.6   2362.64   48.607
48.62   2453.56   49.5334
48.64   1962.38   44.2988
48.66   1360.15   36.8802
48.68   910.537   30.1751
48.7   628.734   25.0746
48.72   468.243   21.6389
48.74   386.133   19.6503
48.76   356.959   18.8934
48.78   368.398   19.1937
48.8   404.808   20.1198
48.82   420.397   20.5036
48.84   369.534   19.2233
48.86   285.883   16.9081
48.88   214.46   14.6444
48.9   164.891   12.841
48.92   132.667   11.5181
48.94   111.653   10.5666
48.96   97.2646   9.86228
48.98   86.7774   9.31544
49   78.7456   8.87387
49.02   72.3987   8.50874
49.04   67.2885   8.20296
49.06   63.1289   7.94537
49.08   59.7261   7.72827
49.1   56.946   7.54625
49.12   54.9493   7.41278
49.14   53.1753   7.29214
49.16   51.8389   7.19993
49.18   50.9439   7.1375
49.2   50.5495   7.10982
49.22   50.8055   7.1278
49.24   51.9761   7.20945
49.26   54.3926   7.37513
49.28   58.1795   7.62755
49.3   62.2938   7.89264
49.32   63.6776   7.97982
49.34   61.427   7.83754
49.36   58.6165   7.65614
49.38   57.1079   7.55697
49.4   57.0783   7.55502
49.42   58.2753   7.63382
49.44   60.4726   7.77641
49.46   63.5808   7.97376
49.48   67.6564   8.22535
49.5   72.9028   8.53831
49.52   79.7279   8.92905
49.54   88.9181   9.42964
49.56   101.945   10.0968
49.58   121.243   11.011
49.6   143.443   11.9768
49.62   183.936   13.5623
49.64   230.169   15.1713
49.66   258.24   16.0699
49.68   253.699   15.9279
49.7   241.278   15.5331
49.72   242.182   15.5622
49.74   261.749   16.1786
49.76   301.481   17.3632
49.78   365.39   19.1152
49.8   464.46   21.5513
49.82   623.456   24.9691
49.84   890.436   29.8402
49.86   1341.83   36.631
49.88   2065.3   45.4456
49.9   3072.63   55.4313
49.92   4014.88   63.363
49.94   4064.03   63.7498
49.96   3162.48   56.2359
49.98   2137.71   46.2354
50   1387.02   37.2428
50.02   914.247   30.2365
50.04   632.928   25.1581
50.06   464.245   21.5463
50.08   357.25   18.9011
50.1   282.271   16.8009
50.12   230.149   15.1707
50.14   191.373   13.8338
50.16   161.786   12.7195
50.18   138.764   11.7798
50.2   120.568   10.9804
50.22   106.006   10.2959
50.24   94.2441   9.70794
50.26   84.6929   9.20287
50.28   76.6669   8.75596
50.3   70.4084   8.39097
50.32   65.4473   8.08995
50.34   61.6694   7.85299
50.36   59.0423   7.6839
50.38   57.6293   7.5914
50.4   57.6322   7.59159
50.42   59.5054   7.71398
50.44   64.2262   8.01413
50.46   73.7996   8.59067
50.48   91.8367   9.58315
50.5   123.518   11.1139
50.52   173.446   13.1699
50.54   236.607   15.382
50.56   277.275   16.6516
50.58   251.465   15.8577
50.6   186.714   13.6643
50.62   128.559   11.3384
50.64   88.8307   9.425
50.66   64.2539   8.01585
50.68   49.39   7.0278
50.7   40.0502   6.32852
50.72   33.7452   5.80906
50.74   29.1885   5.40264
50.76   25.7301   5.07249
50.78   23.0151   4.7974
50.8   20.8138   4.56222
50.82   19.0169   4.4
50.84   17.514   4.4
50.86   16.2386   4.4
50.88   15.143   4.4
50.9   14.1922   4.4
50.92   13.3602   4.4
50.94   12.6275   4.4
50.96   11.9791   4.4
50.98   11.4038   4.4
51   10.893   4.4
51.02   10.4404   4.4
51.04   10.0419   4.4
51.06   9.69523   4.4
51.08   9.40003   4.4
51.1   9.15847   4.4
51.12   8.84227   4.4
51.14   8.73145   4.4
51.16   10.3534   4.4
51.18   10.486   4.4
51.2   10.7837   4.4
51.22   11.3471   4.4
51.24   12.3779   4.4
51.26   14.2415   4.4
51.28   17.4766   4.4
51.3   22.6063   4.75461
51.32   29.3084   5.41372
51.34   34.2341   5.85099
51.36   32.3363   5.6865
51.38   25.6767   5.06722
51.4   19.3647   4.40054
51.42   11.0974   4.4
51.44   8.49474   4.4
51.46   6.98073   4.4
51.48   6.09202   4.4
51.5   5.54737   4.4
51.52   5.20039   4.4
51.54   4.97772   4.4
51.56   4.84015   4.4
51.58   4.76454   4.4
51.6   4.73621   4.4
51.62   4.7455   4.4
51.64   4.78598   4.4
51.66   4.85331   4.4
51.68   4.94463   4.4
51.7   5.05814   4.4
51.72   5.19281   4.4
51.74   5.34822   4.4
51.76   5.52445   4.4
51.78   5.72198   4.4
51.8   5.94169   4.4
51.82   6.18481   4.4
51.84   6.45295   4.4
51.86   6.74808   4.4
51.88   7.07258   4.4
51.9   7.42926   4.4
51.92   7.82148   4.4
51.94   8.25313   4.4
51.96   8.72882   4.4
51.98   9.25391   4.4
52   9.83475   4.4
52.02   10.4788   4.4
52.04   10.9529   4.4
52.06   11.758   4.4
52.08   12.8055   4.4
52.1   13.8196   4.4
52.12   14.962   4.4
52.14   16.2552   4.4
52.16   17.7264   4.4
52.18   19.4095   4.40562
52.2   21.3469   4.62027
52.22   23.5918   4.85713
52.24   26.2123   5.1198
52.26   29.2964   5.41262
52.28   32.959   5.741
52.3   37.3529   6.1117
52.32   42.6838   6.53329
52.34   49.2348   7.01675
52.36   57.4021   7.57642
52.38   67.7542   8.2313
52.4   81.1294   9.00719
52.42   98.815   9.94057
52.44   122.928   11.0873
52.46   157.313   12.5424
52.48   209.564   14.4763
52.5   294.547   17.1624
52.52   437.89   20.9258
52.54   674.312   25.9675
52.56   1029.36   32.0836
52.58   1446.89   38.038
52.6   1656.57   40.701
52.62   1428.52   37.7958
52.64   1009.82   31.7776
52.66   660.39   25.698
52.68   429.273   20.7189
52.7   289.518   17.0152
52.72   206.632   14.3747
52.74   155.536   12.4714
52.76   121.81   11.0367
52.78   98.1087   9.90498
52.8   80.7053   8.98361
52.82   67.5119   8.21656
52.84   57.3215   7.5711
52.86   49.286   7.0204
52.88   42.8474   6.54579
52.9   37.6164   6.13322
52.92   33.3148   5.7719
52.94   29.7406   5.45349
52.96   26.7437   5.17143
52.98   24.2115   4.92052
53   22.0582   4.69661
53.02   20.2176   4.4964
53.04   18.6382   4.4
53.06   17.28   4.4
53.08   16.1112   4.4
53.1   15.9355   4.4
53.12   15.1008   4.4
53.14   14.3985   4.4
53.16   13.8183   4.4
53.18   13.3538   4.4
53.2   13.0023   4.4
53.22   12.7651   4.4
53.24   12.648   4.4
53.26   12.6629   4.4
53.28   12.8289   4.4
53.3   13.1758   4.4
53.32   13.7488   4.4
53.34   14.6166   4.4
53.36   15.8865   4.4
53.38   17.7355   4.4
53.4   20.4827   4.52578
53.42   24.753   4.97523
53.44   31.7698   5.63647
53.46   43.6788   6.60899
53.48   63.4987   7.96861
53.5   93.7409   9.68199
53.52   130.873   11.44
53.54   155.097   12.4538
53.56   143.452   11.9771
53.58   107.536   10.37
53.6   73.2422   8.55817
53.62   49.3877   7.02764
53.64   34.6493   5.88637
53.66   25.8833   5.08756
53.68   20.5537   4.53362
53.7   17.1126   4.4
53.72   14.7469   4.4
53.74   13.0465   4.4
53.76   11.7912   4.4
53.78   10.8505   4.4
53.8   10.1409   4.4
53.82   9.65346   4.4
53.84   9.25837   4.4
53.86   8.97451   4.4
53.88   8.78348   4.4
53.9   8.67248   4.4
53.92   8.63283   4.4
53.94   8.65898   4.4
53.96   8.74789   4.4
53.98   8.89864   4.4
54   9.11218   4.4
54.02   9.39132   4.4
54.04   9.74071   4.4
54.06   8.56561   4.4
54.08   9.12085   4.4
54.1   9.77212   4.4
54.12   10.5347   4.4
54.14   11.4281   4.4
54.16   12.6665   4.4
54.18   13.9089   4.4
54.2   15.3813   4.4
54.22   17.1384   4.4
54.24   19.253   4.4
54.26   21.8232   4.67153
54.28   24.9835   4.99835
54.3   28.9217   5.37789
54.32   33.9062   5.8229
54.34   40.3307   6.35065
54.36   48.7949   6.98533
54.38   60.2699   7.76337
54.4   76.4878   8.74573
54.42   100.835   10.0417
54.44   140.01   11.8326
54.46   205.92   14.3499
54.48   315.589   17.7648
54.5   484.197   22.0045
54.52   695.727   26.3766
54.54   834.102   28.8808
54.56   755.101   27.4791
54.58   547.679   23.4026
54.6   361.054   19.0014
54.62   234.317   15.3074
54.64   156.892   12.5257
54.66   111.035   10.5373
54.68   83.0613   9.1138
54.7   64.8364   8.0521
54.72   52.1633   7.22242
54.74   42.9283   6.55197
54.76   35.9836   5.99864
54.78   30.6399   5.53533
54.8   26.4515   5.1431
54.82   23.118   4.80812
54.84   20.4311   4.52007
54.86   18.2431   4.4
54.88   16.4477   4.4
54.9   14.9669   4.4
54.92   13.7434   4.4
54.94   12.735   4.4
54.96   11.9108   4.4
54.98   11.2496   4.4
55   10.6826   4.4
55.02   10.3164   4.4
55.04   10.008   4.4
55.06   9.95094   4.4
55.08   10.0824   4.4
55.1   10.4565   4.4
55.12   11.1789   4.4
55.14   12.4647   4.4
55.16   14.7386   4.4
55.18   18.7318   4.4
55.2   25.4273   5.04254
55.22   35.5218   5.96002
55.24   47.3108   6.87829
55.26   53.0068   7.28058
55.28   46.4406   6.81473
55.3   34.8592   5.90417
55.32   25.4299   5.04281
55.34   19.4424   4.40935
55.36   16.1432   4.4
55.38   14.6038   4.4
55.4   14.1831   4.4
55.42   14.5658   4.4
55.44   15.6755   4.4
55.46   17.6114   4.4
55.48   20.6685   4.54626
55.5   25.4888   5.04864
55.52   33.3998   5.77926
55.54   46.8754   6.84656
55.56   69.6983   8.34855
55.58   105.879   10.2898
55.6   154.615   12.4344
55.62   195.38   13.9778
55.64   189.444   13.7639
55.66   143.522   11.9801
55.68   96.4127   9.819
55.7   62.9735   7.93558
55.72   42.1556   6.49273
55.74   29.7763   5.45677
55.76   22.2856   4.72077
55.78   17.4648   4.4
55.8   14.1409   4.4
55.82   11.7259   4.4
55.84   9.90774   4.4
55.86   8.50308   4.4
55.88   7.39488   4.4
55.9   6.50474   4.4
55.92   5.77846   4.4
55.94   5.17762   4.4
55.96   4.67443   4.4
55.98   4.24838   4.4
56   3.8841   4.4
56.02   2.77919   4.4
56.04   2.52692   4.4
56.06   2.30775   4.4
56.08   2.11611   4.4
56.1   1.94758   4.4
56.12   1.79856   4.4
56.14   1.66615   4.4
56.16   1.54796   4.4
56.18   1.44202   4.4
56.2   1.34669   4.4
56.22   1.26058   4.4
56.24   1.18254   4.4
56.26   1.99622   4.4
56.28   1.95605   4.4
56.3   1.92245   4.4
56.32   1.89486   4.4
56.34   1.87281   4.4
56.36   1.85591   4.4
56.38   1.84383   4.4
56.4   1.83628   4.4
56.42   1.83306   4.4
56.44   1.83397   4.4
56.46   1.83887   4.4
56.48   1.84767   4.4
56.5   1.86027   4.4
56.52   1.87665   4.4
56.54   1.89677   4.4
56.56   1.92066   4.4
56.58   1.94835   4.4
56.6   1.9799   4.4
56.62   2.01541   4.4
56.64   2.055   4.4
56.66   2.0988   4.4
56.68   2.14699   4.4
56.7   2.19978   4.4
56.72   2.41747   4.4
56.74   2.48716   4.4
56.76   2.56247   4.4
56.78   2.64377   4.4
56.8   2.73147   4.4
56.82   2.82605   4.4
56.84   2.92805   4.4
56.86   3.03805   4.4
56.88   3.15675   4.4
56.9   3.39633   4.4
56.92   3.53794   4.4
56.94   3.69096   4.4
56.96   3.85652   4.4
56.98   4.03588   4.4
57   4.23048   4.4
57.02   4.44196   4.4
57.04   4.67221   4.4
57.06   4.9234   4.4
57.08   5.19802   4.4
57.1   5.49898   4.4
57.12   5.64647   4.4
57.14   6.0156   4.4
57.16   6.42283   4.4
57.18   6.87364   4.4
57.2   7.37453   4.4
57.22   7.93328   4.4
57.24   8.55923   4.4
57.26   9.26369   4.4
57.28   10.0605   4.4
57.3   10.9666   4.4
57.32   12.003   4.4
57.34   13.7141   4.4
57.36   15.1123   4.4
57.38   16.7442   4.4
57.4   18.6654   4.4
57.42   20.9492   4.57703
57.44   23.6933   4.86757
57.46   27.0303   5.19906
57.48   31.144   5.58068
57.5   36.2944   6.02448
57.52   42.8581   6.54661
57.54   51.3991   7.16932
57.56   62.8057   7.925
57.58   78.599   8.86561
57.6   101.665   10.0829
57.62   137.762   11.7372
57.64   197.7   14.0606
57.66   298.518   17.2777
57.68   459.675   21.44
57.7   683.633   26.1464
57.72   892.492   29.8746
57.74   902.617   30.0436
57.76   702.591   26.5064
57.78   475.975   21.8169
57.8   310.502   17.6211
57.82   206.417   14.3672
57.84   144.753   12.0313
57.86   108.077   10.396
57.88   85.1422   9.22726
57.9   69.92   8.36182
57.92   59.4142   7.70806
57.94   52.0925   7.21751
57.96   47.1162   6.86413
57.98   44.0253   6.63516
58   42.881   6.54836
58.02   43.2135   6.57369
58.04   45.6636   6.75748
58.06   51.2326   7.1577
58.08   61.999   7.87395
58.1   81.4849   9.0269
58.12   114.154   10.6843
58.14   162.202   12.7358
58.16   213.816   14.6224
58.18   229.769   15.1581
58.2   193.012   13.8929
58.22   142.692   11.9454
58.24   106.242   10.3074
58.26   87.9507   9.3782
58.28   86.0308   9.27528
58.3   98.446   9.92199
58.32   120.956   10.998
58.34   138.02   11.7482
58.36   127.83   11.3062
58.38   98.7259   9.93609
58.4   71.6971   8.46742
58.42   53.1728   7.29197
58.44   41.9632   6.4779
58.46   35.6344   5.96946
58.48   32.2617   5.67994
58.5   30.7066   5.54136
58.52   30.4229   5.51569
58.54   31.2079   5.5864
58.56   33.0574   5.74955
58.58   36.1188   6.00989
58.6   40.7127   6.38065
58.62   47.4306   6.88699
58.64   57.3917   7.57573
58.66   72.8413   8.53471
58.68   98.2251   9.91086
58.7   141.329   11.8882
58.72   212.958   14.5931
58.74   321.812   17.9391
58.76   453.638   21.2988
58.78   528.474   22.9886
58.8   465.764   21.5816
58.82   334.681   18.2943
58.84   222.063   14.9018
58.86   146.876   12.1192
58.88   101.348   10.0672
58.9   74.525   8.63279
58.92   58.2531   7.63237
58.94   47.7897   6.91301
58.96   40.7187   6.38112
58.98   35.8345   5.98619
59   32.4964   5.70056
59.02   30.3432   5.50846
59.04   29.1772   5.40159
59.06   28.9174   5.37749
59.08   29.5869   5.43938
59.1   31.3299   5.59731
59.12   35.5056   5.95866
59.14   42.3782   6.50985
59.16   51.3267   7.16427
59.18   66.631   8.16278
59.2   92.5363   9.61958
59.22   132.772   11.5227
59.24   188.591   13.7328
59.26   237.079   15.3974
59.28   234.625   15.3175
59.3   186.909   13.6715
59.32   138.204   11.756
59.34   106.924   10.3404
59.36   93.8604   9.68816
59.38   97.6236   9.88047
59.4   119.081   10.9124
59.42   161.5   12.7083
59.44   224.068   14.9689
59.46   282.508   16.808
59.48   282.232   16.7997
59.5   221.148   14.871
59.52   153.349   12.3834
59.54   103.941   10.1952
59.56   72.8539   8.53545
59.58   54.3744   7.3739
59.6   43.3683   6.58546
59.62   36.5478   6.04548
59.64   31.9755   5.65469
59.66   29.2548   5.40877
59.68   28.0787   5.29893
59.7   28.1406   5.30477
59.72   30.0456   5.48138
59.74   34.4459   5.86906
59.76   41.7262   6.45958
59.78   50.1623   7.08253
59.8   53.2709   7.29869
59.82   46.991   6.855
59.84   37.7345   6.14284
59.86   30.4472   5.5179
59.88   25.8335   5.08267
59.9   24.6372   4.96359
59.92   23.3472   4.8319
59.94   22.8128   4.77627
59.96   22.7453   4.76921
59.98   23.003   4.79615
60   23.5188   4.84961
60.02   24.2615   4.92559
60.04   25.2194   5.02189
60.06   26.3936   5.13747
60.08   27.7949   5.27209
60.1   29.4431   5.42615
60.12   31.3667   5.6006
60.14   33.6046   5.79695
60.16   36.207   6.01722
60.18   39.2389   6.26409
60.2   42.7837   6.54093
60.22   46.9493   6.85195
60.24   51.3708   7.16734
60.26   57.2566   7.56681
60.28   64.3336   8.02082
60.3   72.9352   8.54021
60.32   83.5212   9.13899
60.34   97.0574   9.85177
60.36   113.848   10.6699
60.38   135.592   11.6444
60.4   164.467   12.8245
60.42   204.164   14.2886
60.44   261.536   16.1721
60.46   349.872   18.7049
60.48   493.67   22.2187
60.5   731.947   27.0545
60.52   1111.19   33.3345
60.54   1640.88   40.5078
60.56   2178.74   46.677
60.58   2440.4   49.4004
60.6   2238.38   47.3116
60.62   1686.16   41.0628
60.64   1138.09   33.7356
60.66   750.323   27.392
60.68   509.264   22.5669
60.7   366.445   19.1427
60.72   282.011   16.7932
60.74   231.857   15.2269
60.76   203.864   14.2781
60.78   192.765   13.884
60.8   192.022   13.8572
60.82   186.618   13.6608
60.84   164.079   12.8093
60.86   135.198   11.6275
60.88   111.879   10.5773
60.9   96.1332   9.80475
60.92   86.4713   9.299
60.94   81.1795   9.00997
60.96   78.9077   8.883
60.98   79.852   8.936
61   84.2743   9.18011
61.02   93.7915   9.6846
61.04   111.417   10.5554
61.06   141.27   11.8857
61.08   186.238   13.6469
61.1   238.933   15.4575
61.12   266.681   16.3304
61.14   245.525   15.6692
61.16   207.234   14.3956
61.18   181.998   13.4906
61.2   176.641   13.2906
61.22   191.49   13.838
61.24   229.804   15.1593
61.26   302.771   17.4003
61.28   432.523   20.7972
61.3   648.865   25.4728
61.32   969.494   31.1367
61.34   1325.9   36.413
61.36   1459.35   38.2014
61.38   1217.78   34.8967
61.4   851.398   29.1787
61.42   559.856   23.6613
61.44   370.324   19.2438
61.46   256.471   16.0147
61.48   188.901   13.7441
61.5   147.09   12.1281
61.52   119.517   10.9324
61.54   100.388   10.0194
61.56   86.7748   9.3153
61.58   77.0924   8.78023
61.6   70.4386   8.39277
61.62   66.336   8.14469
61.64   64.6438   8.04014
61.66   65.5953   8.09909
61.68   70.024   8.36803
61.7   79.8905   8.93815
61.72   99.05   9.95239
61.74   133.625   11.5596
61.76   190.501   13.8022
61.78   269.914   16.4291
61.8   341.887   18.4902
61.82   340.152   18.4432
61.84   265.039   16.28
61.86   182.76   13.5189
61.88   122.922   11.087
61.9   85.1185   9.22597
61.92   62.3669   7.89727
61.94   48.4496   6.96057
61.96   39.3881   6.27599
61.98   33.0513   5.74903
62   28.3687   5.32623
62.02   23.7755   4.87601
62.04   20.9683   4.57911
62.06   18.7091   4.4
62.08   15.3633   4.4
62.1   13.8595   4.4
62.12   12.5937   4.4
62.14   11.5154   4.4
62.16   10.5871   4.4
62.18   9.78025   4.4
62.2   9.07325   4.4
62.22   8.44912   4.4
62.24   8.00734   4.4
62.26   8.18985   4.4
62.28   7.6901   4.4
62.3   7.31305   4.4
62.32   6.9743   4.4
62.34   6.66911   4.4
62.36   6.39351   4.4
62.38   6.1442   4.4
62.4   5.91836   4.4
62.42   5.71362   4.4
62.44   5.52796   4.4
62.46   5.35964   4.4
62.48   5.2072   4.4
62.5   5.06935   4.4
62.52   4.94501   4.4
62.54   4.83325   4.4
62.56   4.73328   4.4
62.58   4.457   4.4
62.6   4.38367   4.4
62.62   4.3202   4.4
62.64   4.26621   4.4
62.66   4.2214   4.4
62.68   4.18554   4.4
62.7   4.15848   4.4
62.72   4.14014   4.4
62.74   4.13049   4.4
62.76   4.12958   4.4
62.78   4.13753   4.4
62.8   4.15452   4.4
62.82   2.78843   4.4
62.84   2.86161   4.4
62.86   2.94339   4.4
62.88   3.03433   4.4
62.9   3.13515   4.4
62.92   3.24663   4.4
62.94   3.3697   4.4
62.96   3.50542   4.4
62.98   3.65503   4.4
63   3.81996   4.4
63.02   4.00185   4.4
63.04   4.20262   4.4
63.06   4.4245   4.4
63.08   4.67008   4.4
63.1   4.94241   4.4
63.12   5.24507   4.4
63.14   5.5823   4.4
63.16   5.9591   4.4
63.18   6.3815   4.4
63.2   7.56071   4.4
63.22   8.11698   4.4
63.24   8.74621   4.4
63.26   9.46149   4.4
63.28   10.279   4.4
63.3   10.9085   4.4
63.32   12.0045   4.4
63.34   13.2807   4.4
63.36   14.7789   4.4
63.38   16.5541   4.4
63.4   18.6791   4.4
63.42   21.2519   4.60998
63.44   24.4075   4.9404
63.46   28.3347   5.32304
63.48   33.3044   5.771
63.5   39.7161   6.30207
63.52   48.1848   6.94153
63.54   59.7244   7.72816
63.56   76.1777   8.72799
63.58   101.162   10.0579
63.6   141.689   11.9033
63.62   209.752   14.4828
63.64   321.455   17.9292
63.66   487.854   22.0874
63.68   681.746   26.1103
63.7   786.762   28.0493
63.72   694.106   26.3459
63.74   498.614   22.3297
63.76   328.465   18.1236
63.78   214.161   14.6342
63.8   144.583   12.0243
63.82   103.31   10.1642
63.84   78.0134   8.83252
63.86   61.4566   7.83943
63.88   49.9158   7.06511
63.9   41.5051   6.44244
63.92   35.1919   5.93228
63.94   30.3518   5.50925
63.96   26.5798   5.15556
63.98   23.6432   4.86243
64   21.2713   4.61208
64.02   19.3691   4.40104
64.04   17.8396   4.4
64.06   16.6118   4.4
64.08   15.6332   4.4
64.1   14.8653   4.4
64.12   14.2796   4.4
64.14   13.8555   4.4
64.16   13.5788   4.4
64.18   13.4408   4.4
64.2   13.4375   4.4
64.22   13.569   4.4
64.24   13.8405   4.4
64.26   14.2616   4.4
64.28   14.8478   4.4
64.3   15.6211   4.4
64.32   16.6123   4.4
64.34   17.8631   4.4
64.36   19.4305   4.408
64.38   21.392   4.62515
64.4   23.855   4.88416
64.42   26.9695   5.19322
64.44   30.9497   5.56325
64.46   36.1083   6.00901
64.48   42.9171   6.55111
64.5   52.1274   7.21993
64.52   65.045   8.06505
64.54   84.1784   9.17488
64.56   114.528   10.7018
64.58   165.323   12.8578
64.6   250.648   15.8319
64.62   385.487   19.6338
64.64   567.143   23.8148
64.66   720.005   26.8329
64.68   699.78   26.4534
64.7   529.784   23.017
64.72   354.564   18.8299
64.74   230.074   15.1682
64.76   152.612   12.3536
64.78   106.632   10.3263
64.8   78.8973   8.88242
64.82   61.1216   7.81803
64.84   48.9226   6.99447
64.86   40.1041   6.33278
64.88   33.5025   5.78814
64.9   28.4345   5.3324
64.92   24.4651   4.94622
64.94   21.303   4.61552
64.96   18.7477   4.4
64.98   16.6572   4.4
65   14.9295   4.4
65.02   13.4896   4.4
65.04   12.2821   4.4
65.06   11.2654   4.4
65.08   10.4085   4.4
65.1   9.68812   4.4
65.12   9.08764   4.4
65.14   8.59581   4.4
65.16   8.09807   4.4
65.18   7.16896   4.4
65.2   7.0086   4.4
65.22   6.96865   4.4
65.24   7.07568   4.4
65.26   7.37838   4.4
65.28   7.97056   4.4
65.3   9.04263   4.4
65.32   10.9701   4.4
65.34   14.3982   4.4
65.36   20.1911   4.49345
65.38   28.949   5.38043
65.4   39.1205   6.25463
65.42   43.7839   6.61694
65.44   37.615   6.13311
65.46   27.0768   5.20353
65.48   18.3993   4.4
65.5   12.6701   4.4
65.52   9.1705   4.4
65.54   7.41232   4.4
65.56   6.08791   4.4
65.58   5.19091   4.4
65.6   4.54351   4.4
65.62   4.05511   4.4
65.64   3.67521   4.4
65.66   3.37278   4.4
65.68   3.12747   4.4
65.7   2.92536   4.4
65.72   2.75669   4.4
65.74   2.61444   4.4
65.76   2.49347   4.4
65.78   2.38994   4.4
65.8   2.30094   4.4
65.82   2.22423   4.4
65.84   2.15809   4.4
65.86   2.10114   4.4
65.88   2.05232   4.4
65.9   2.01076   4.4
65.92   1.99545   4.4
65.94   1.96708   4.4
65.96   1.94436   4.4
65.98   1.92696   4.4
66   1.91463   4.4
66.02   1.90721   4.4
66.04   1.90457   4.4
66.06   1.90665   4.4
66.08   1.91346   4.4
66.1   1.92504   4.4
66.12   1.94149   4.4
66.14   1.96295   4.4
66.16   1.30794   4.4
66.18   1.35797   4.4
66.2   1.41309   4.4
66.22   1.47371   4.4
66.24   1.54032   4.4
66.26   1.6135   4.4
66.28   1.6939   4.4
66.3   1.7823   4.4
66.32   1.87961   4.4
66.34   1.98686   4.4
66.36   2.10529   4.4
66.38   2.23635   4.4
66.4   2.38173   4.4
66.42   2.54344   4.4
66.44   2.72387   4.4
66.46   2.92588   4.4
66.48   3.1529   4.4
66.5   3.40911   4.4
66.52   3.69958   4.4
66.54   4.03054   4.4
66.56   4.40975   4.4
66.58   4.84687   4.4
66.6   5.35414   4.4
66.62   5.94722   4.4
66.64   6.64635   4.4
66.66   7.47809   4.4
66.68   8.47778   4.4
66.7   9.6933   4.4
66.72   11.1906   4.4
66.74   13.0627   4.4
66.76   15.4437   4.4
66.78   18.5333   4.4
66.8   22.6441   4.75859
66.82   28.3022   5.31999
66.84   36.4776   6.03967
66.86   49.0629   7.00449
66.88   69.5898   8.34205
66.9   104.824   10.2383
66.92   160.049   12.6511
66.94   239.071   15.4619
66.96   325.85   18.0513
66.98   361.096   19.0025
67   304.047   17.4369
67.02   213.02   14.5952
67.04   139.527   11.8121
67.06   91.5047   9.56581
67.08   62.6096   7.91262
67.1   45.4779   6.74373
67.12   34.9018   5.90777
67.14   27.9329   5.28516
67.16   23.0804   4.80421
67.18   19.5903   4.4261
67.2   17.1018   4.4
67.22   15.284   4.4
67.24   14.0671   4.4
67.26   13.443   4.4
67.28   13.5389   4.4
67.3   14.641   4.4
67.32   17.1358   4.4
67.34   21.1879   4.60303
67.36   25.5861   5.05827
67.38   26.51   5.14879
67.4   22.4277   4.73579
67.42   17.0852   4.4
67.44   12.9553   4.4
67.46   10.2672   4.4
67.48   8.62576   4.4
67.5   7.62605   4.4
67.52   6.9927   4.4
67.54   6.57279   4.4
67.56   6.28875   4.4
67.58   6.10032   4.4
67.6   5.98459   4.4
67.62   6.17961   4.4
67.64   6.17925   4.4
67.66   6.22311   4.4
67.68   6.30778   4.4
67.7   6.43151   4.4
67.72   6.79124   4.4
67.74   6.99853   4.4
67.76   7.24707   4.4
67.78   7.53956   4.4
67.8   8.46126   4.4
67.82   8.87011   4.4
67.84   9.33836   4.4
67.86   9.87373   4.4
67.88   10.4858   4.4
67.9   11.1865   4.4
67.92   11.9906   4.4
67.94   12.9165   4.4
67.96   13.9873   4.4
67.98   15.2325   4.4
68   16.6894   4.4
68.02   18.4068   4.4
68.04   20.4482   4.52197
68.06   22.8985   4.78523
68.08   25.872   5.08645
68.1   29.5263   5.43381
68.12   34.0826   5.83803
68.14   39.8589   6.31339
68.16   47.3256   6.87936
68.18   57.2093   7.56368
68.2   70.7159   8.40928
68.22   90.0612   9.49006
68.24   119.64   10.938
68.26   168.022   12.9623
68.28   249.532   15.7966
68.3   383.009   19.5706
68.32   580.083   24.0849
68.34   801.079   28.3033
68.36   889.546   29.8253
68.38   746.56   27.3232
68.4   522.553   22.8594
68.42   342.945   18.5188
68.44   225.771   15.0257
68.46   155.872   12.4849
68.48   114.829   10.7158
68.5   90.7316   9.52531
68.52   75.1265   8.66755
68.54   65.4751   8.09167
68.56   60.6074   7.78507
68.58   60.4872   7.77735
68.6   65.4256   8.08861
68.62   74.308   8.62021
68.64   80.4563   8.96975
68.66   74.588   8.63643
68.68   60.8584   7.80118
68.7   48.4321   6.95932
68.72   39.9806   6.32302
68.74   36.5016   6.04166
68.76   33.8312   5.81646
68.78   32.6631   5.71516
68.8   32.5221   5.70282
68.82   33.2042   5.76231
68.84   34.6531   5.88669
68.86   36.9849   6.08152
68.88   40.3677   6.35355
68.9   45.1504   6.7194
68.92   51.9844   7.21002
68.94   62.1463   7.88329
68.96   78.0947   8.83712
68.98   104.018   10.1989
69   145.571   12.0653
69.02   207.035   14.3887
69.04   279.972   16.7324
69.06   323.848   17.9958
69.08   309.174   17.5833
69.1   280.346   16.7435
69.12   279.971   16.7323
69.14   310.59   17.6236
69.16   340.328   18.448
69.18   341.786   18.4875
69.2   350.332   18.7171
69.22   408.793   20.2186
69.24   524.287   22.8973
69.26   642.015   25.338
69.28   636.799   25.2349
69.3   497.743   22.3101
69.32   343.61   18.5367
69.34   231.008   15.1989
69.36   159.875   12.6442
69.38   117.315   10.8312
69.4   91.679   9.57491
69.42   75.4443   8.68586
69.44   64.5559   8.03467
69.46   56.9745   7.54814
69.48   51.6345   7.18571
69.5   47.9292   6.92309
69.52   45.4944   6.74495
69.54   44.116   6.64199
69.56   43.6929   6.61006
69.58   44.2342   6.65088
69.6   45.8988   6.77487
69.62   49.0787   7.00562
69.64   54.4773   7.38087
69.66   63.0449   7.94008
69.68   75.4569   8.68659
69.7   90.1054   9.49239
69.72   100.243   10.0121
69.74   102.333   10.116
69.76   104.797   10.2371
69.78   115.627   10.753
69.8   138.637   11.7744
69.82   174.434   13.2073
69.84   219.667   14.8212
69.86   258.539   16.0791
69.88   295.755   17.1975
69.9   366.123   19.1343
69.92   496.449   22.2811
69.94   681.98   26.1148
69.96   834.437   28.8866
69.98   804.448   28.3628
70   632.58   25.1511
