1.54056
5   0   4.4
5.02   0   4.4
5.04   0   4.4
5.06   0   4.4
5.08   0   4.4
5.1   0   4.4
5.12   0   4.4
5.14   0   4.4
5.16   0   4.4
5.18   0   4.4
5.2   0   4.4
5.22   0   4.4
5.24   0   4.4
5.26   0   4.4
5.28   0   4.4
5.3   0   4.4
5.32   0   4.4
5.34   0   4.4
5.36   0   4.4
5.38   0   4.4
5.4   0   4.4
5.42   0   4.4
5.44   0   4.4
5.46   0   4.4
5.48   0   4.4
5.5   0   4.4
5.52   0   4.4
5.54   0   4.4
5.56   0   4.4
5.58   0   4.4
5.6   0   4.4
5.62   0   4.4
5.64   0   4.4
5.66   0   4.4
5.68   0   4.4
5.7   0   4.4
5.72   0   4.4
5.74   0   4.4
5.76   0   4.4
5.78   0   4.4
5.8   0   4.4
5.82   0   4.4
5.84   0   4.4
5.86   0   4.4
5.88   0   4.4
5.9   0   4.4
5.92   0   4.4
5.94   0   4.4
5.96   0   4.4
5.98   0   4.4
6   0   4.4
6.02   0   4.4
6.04   0   4.4
6.06   0   4.4
6.08   0   4.4
6.1   0   4.4
6.12   0   4.4
6.14   0   4.4
6.16   0   4.4
6.18   0   4.4
6.2   0   4.4
6.22   0   4.4
6.24   0   4.4
6.26   0   4.4
6.28   0   4.4
6.3   0   4.4
6.32   0   4.4
6.34   0   4.4
6.36   0   4.4
6.38   0   4.4
6.4   0   4.4
6.42   0   4.4
6.44   0   4.4
6.46   0   4.4
6.48   0   4.4
6.5   0   4.4
6.52   0   4.4
6.54   0   4.4
6.56   0   4.4
6.58   0   4.4
6.6   0   4.4
6.62   0   4.4
6.64   0   4.4
6.66   0   4.4
6.68   0   4.4
6.7   0   4.4
6.72   0   4.4
6.74   0   4.4
6.76   0   4.4
6.78   0   4.4
6.8   0   4.4
6.82   0   4.4
6.84   0   4.4
6.86   0   4.4
6.88   0   4.4
6.9   0   4.4
6.92   0   4.4
6.94   0   4.4
6.96   0   4.4
6.98   0   4.4
7   0   4.4
7.02   0   4.4
7.04   0   4.4
7.06   0   4.4
7.08   0   4.4
7.1   0   4.4
7.12   0   4.4
7.14   0   4.4
7.16   0   4.4
7.18   0   4.4
7.2   0   4.4
7.22   0   4.4
7.24   0   4.4
7.26   0   4.4
7.28   0   4.4
7.3   0   4.4
7.32   0   4.4
7.34   0   4.4
7.36   0   4.4
7.38   0   4.4
7.4   0   4.4
7.42   0   4.4
7.44   0   4.4
7.46   0   4.4
7.48   0   4.4
7.5   0   4.4
7.52   0   4.4
7.54   0   4.4
7.56   0   4.4
7.58   0   4.4
7.6   0   4.4
7.62   0   4.4
7.64   0   4.4
7.66   0   4.4
7.68   0   4.4
7.7   0   4.4
7.72   0   4.4
7.74   0   4.4
7.76   0   4.4
7.78   0   4.4
7.8   0   4.4
7.82   0   4.4
7.84   0   4.4
7.86   0   4.4
7.88   0   4.4
7.9   0   4.4
7.92   0   4.4
7.94   0   4.4
7.96   0   4.4
7.98   0   4.4
8   0   4.4
8.02   0   4.4
8.04   0   4.4
8.06   0   4.4
8.08   0   4.4
8.1   0   4.4
8.12   0   4.4
8.14   0   4.4
8.16   0   4.4
8.18   0   4.4
8.2   0   4.4
8.22   0   4.4
8.24   0   4.4
8.26   0   4.4
8.28   0   4.4
8.3   0   4.4
8.32   0   4.4
8.34   0   4.4
8.36   0   4.4
8.38   0   4.4
8.4   0   4.4
8.42   0   4.4
8.44   0   4.4
8.46   0   4.4
8.48   0   4.4
8.5   0   4.4
8.52   0   4.4
8.54   0   4.4
8.56   0   4.4
8.58   0   4.4
8.6   0   4.4
8.62   0   4.4
8.64   0   4.4
8.66   0   4.4
8.68   0   4.4
8.7   0   4.4
8.72   0   4.4
8.74   0   4.4
8.76   0   4.4
8.78   0   4.4
8.8   0   4.4
8.82   0   4.4
8.84   0   4.4
8.86   0   4.4
8.88   0   4.4
8.9   0   4.4
8.92   0   4.4
8.94   0   4.4
8.96   0   4.4
8.98   0   4.4
9   0   4.4
9.02   0   4.4
9.04   0   4.4
9.06   0   4.4
9.08   0   4.4
9.1   0   4.4
9.12   0   4.4
9.14   0   4.4
9.16   0   4.4
9.18   0   4.4
9.2   0   4.4
9.22   0   4.4
9.24   0   4.4
9.26   0   4.4
9.28   0   4.4
9.3   0   4.4
9.32   0   4.4
9.34   0   4.4
9.36   0   4.4
9.38   0   4.4
9.4   0   4.4
9.42   0   4.4
9.44   0   4.4
9.46   0   4.4
9.48   0   4.4
9.5   0   4.4
9.52   0   4.4
9.54   0   4.4
9.56   0   4.4
9.58   0   4.4
9.6   0   4.4
9.62   0   4.4
9.64   0   4.4
9.66   0   4.4
9.68   0   4.4
9.7   0   4.4
9.72   0   4.4
9.74   0   4.4
9.76   0   4.4
9.78   0   4.4
9.8   0   4.4
9.82   0   4.4
9.84   0   4.4
9.86   0   4.4
9.88   0   4.4
9.9   0   4.4
9.92   0   4.4
9.94   0   4.4
9.96   0   4.4
9.98   0   4.4
10   0   4.4
10.02   0   4.4
10.04   0   4.4
10.06   0   4.4
10.08   0   4.4
10.1   0   4.4
10.12   0   4.4
10.14   0   4.4
10.16   0   4.4
10.18   0   4.4
10.2   0   4.4
10.22   0   4.4
10.24   0   4.4
10.26   0   4.4
10.28   0   4.4
10.3   0   4.4
10.32   0   4.4
10.34   0   4.4
10.36   0   4.4
10.38   0   4.4
10.4   0   4.4
10.42   0   4.4
10.44   0   4.4
10.46   0   4.4
10.48   0   4.4
10.5   0   4.4
10.52   0.000687362   4.4
10.54   0.000706413   4.4
10.56   0.000726267   4.4
10.58   0.000746969   4.4
10.6   0.000768569   4.4
10.62   0.00079112   4.4
10.64   0.000814677   4.4
10.66   0.000839301   4.4
10.68   0.000865059   4.4
10.7   0.00089202   4.4
10.72   0.00092026   4.4
10.74   0.000949863   4.4
10.76   0.000980917   4.4
10.78   0.00101352   4.4
10.8   0.00104777   4.4
10.82   0.00108379   4.4
10.84   0.00112169   4.4
10.86   0.00116162   4.4
10.88   0.00120372   4.4
10.9   0.00124815   4.4
10.92   0.00129508   4.4
10.94   0.0013447   4.4
10.96   0.00139723   4.4
10.98   0.0014529   4.4
11   0.00151196   4.4
11.02   0.0015747   4.4
11.04   0.00164141   4.4
11.06   0.00171245   4.4
11.08   0.00178821   4.4
11.1   0.00186909   4.4
11.12   0.00195559   4.4
11.14   0.00204822   4.4
11.16   0.00214759   4.4
11.18   0.00225435   4.4
11.2   0.00236927   4.4
11.22   0.0024932   4.4
11.24   0.00262709   4.4
11.26   0.00277205   4.4
11.28   0.00292932   4.4
11.3   0.00310034   4.4
11.32   0.00328677   4.4
11.34   0.00349048   4.4
11.36   0.00371371   4.4
11.38   0.00395899   4.4
11.4   0.00422935   4.4
11.42   0.0045283   4.4
11.44   0.00486001   4.4
11.46   0.00522944   4.4
11.48   0.0056425   4.4
11.5   0.00610632   4.4
11.52   0.00662955   4.4
11.54   0.00722272   4.4
11.56   0.00789883   4.4
11.58   0.008674   4.4
11.6   0.00956846   4.4
11.62   0.0106078   4.4
11.64   0.011825   4.4
11.66   0.0132625   4.4
11.68   0.0149765   4.4
11.7   0.0170419   4.4
11.72   0.0195605   4.4
11.74   0.0226731   4.4
11.76   0.0265791   4.4
11.78   0.0315671   4.4
11.8   0.038069   4.4
11.82   0.0467636   4.4
11.84   0.0588102   4.4
11.86   0.0764018   4.4
11.88   0.103915   4.4
11.9   0.149599   4.4
11.92   0.226555   4.4
11.94   0.349987   4.4
11.96   0.522787   4.4
11.98   0.687582   4.4
12   0.702022   4.4
12.02   0.549389   4.4
12.04   0.371881   4.4
12.06   0.240951   4.4
12.08   0.158274   4.4
12.1   0.109049   4.4
12.12   0.0795665   4.4
12.14   0.0609019   4.4
12.16   0.0482357   4.4
12.18   0.0391511   4.4
12.2   0.0323867   4.4
12.22   0.027214   4.4
12.24   0.0231744   4.4
12.26   0.0199628   4.4
12.28   0.0173695   4.4
12.3   0.0152467   4.4
12.32   0.0134878   4.4
12.34   0.0120148   4.4
12.36   0.0107692   4.4
12.38   0.00970671   4.4
12.4   0.00879335   4.4
12.42   0.00800257   4.4
12.44   0.00731344   4.4
12.46   0.00670933   4.4
12.48   0.00617686   4.4
12.5   0.00570516   4.4
12.52   0.00528535   4.4
12.54   0.0049101   4.4
12.56   0.00457335   4.4
12.58   0.00427002   4.4
12.6   0.00399582   4.4
12.62   0.00374716   4.4
12.64   0.00352097   4.4
12.66   0.00331462   4.4
12.68   0.00312587   4.4
12.7   0.00295276   4.4
12.72   0.00279362   4.4
12.74   0.002647   4.4
12.76   0.0025116   4.4
12.78   0.00238632   4.4
12.8   0.00227017   4.4
12.82   0.0021623   4.4
12.84   0.00206192   4.4
12.86   0.00196837   4.4
12.88   0.00188103   4.4
12.9   0.00179938   4.4
12.92   0.00172293   4.4
12.94   0.00165124   4.4
12.96   0.00158393   4.4
12.98   0.00152065   4.4
13   0.00146109   4.4
13.02   0.00140495   4.4
13.04   0.00135199   4.4
13.06   0.00130196   4.4
13.08   0.00125466   4.4
13.1   0.00120989   4.4
13.12   0.00116747   4.4
13.14   0.00112724   4.4
13.16   0.00108906   4.4
13.18   0.00105278   4.4
13.2   0.00101828   4.4
13.22   0.000985454   4.4
13.24   0.000954187   4.4
13.26   0.309614   4.4
13.28   0.318332   4.4
13.3   0.327428   4.4
13.32   0.336924   4.4
13.34   0.346844   4.4
13.36   0.357213   4.4
13.38   0.368057   4.4
13.4   0.379407   4.4
13.42   0.391295   4.4
13.44   0.403753   4.4
13.46   0.41682   4.4
13.48   0.429863   4.4
13.5   0.444287   4.4
13.52   0.459449   4.4
13.54   0.4754   4.4
13.56   0.492196   4.4
13.58   0.509897   4.4
13.6   0.52857   4.4
13.62   0.548287   4.4
13.64   0.569127   4.4
13.66   0.591178   4.4
13.68   0.614534   4.4
13.7   0.639301   4.4
13.72   0.665595   4.4
13.74   0.693543   4.4
13.76   0.723288   4.4
13.78   0.754986   4.4
13.8   0.788812   4.4
13.82   0.824961   4.4
13.84   0.86365   4.4
13.86   0.905122   4.4
13.88   0.949652   4.4
13.9   0.997545   4.4
13.92   1.04915   4.4
13.94   1.10486   4.4
13.96   1.16512   4.4
13.98   1.23044   4.4
14   1.3014   4.4
14.02   1.37867   4.4
14.04   1.46302   4.4
14.06   1.55533   4.4
14.08   1.65665   4.4
14.1   1.76817   4.4
14.12   1.89131   4.4
14.14   2.02775   4.4
14.16   2.17946   4.4
14.18   2.34879   4.4
14.2   2.53858   4.4
14.22   2.75225   4.4
14.24   2.99396   4.4
14.26   3.26883   4.4
14.28   3.58316   4.4
14.3   3.94484   4.4
14.32   4.36385   4.4
14.34   4.85285   4.4
14.36   5.42825   4.4
14.38   6.11147   4.4
14.4   6.93093   4.4
14.42   7.92499   4.4
14.44   9.14629   4.4
14.46   10.6686   4.4
14.48   12.5976   4.4
14.5   15.089   4.4
14.52   18.3819   4.4
14.54   22.8685   4.7821
14.56   29.2599   5.40924
14.58   38.9591   6.24172
14.6   54.7157   7.39701
14.62   81.2887   9.01602
14.64   125.166   11.1878
14.66   191.25   13.8293
14.68   269.593   16.4193
14.7   310.357   17.6169
14.72   269.067   16.4033
14.74   190.689   13.809
14.76   124.765   11.1698
14.78   81.0388   9.00216
14.8   54.5677   7.387
14.82   38.8702   6.2346
14.84   29.2033   5.404
14.86   22.8298   4.77805
14.88   18.354   4.4
14.9   15.0682   4.4
14.92   12.5816   4.4
14.94   10.6561   4.4
14.96   9.13633   4.4
14.98   7.91693   4.4
15   6.92433   4.4
15.02   6.10599   4.4
15.04   5.42366   4.4
15.06   4.84897   4.4
15.08   4.36053   4.4
15.1   3.94199   4.4
15.12   3.58069   4.4
15.14   3.26667   4.4
15.16   2.99208   4.4
15.18   2.75059   4.4
15.2   2.53711   4.4
15.22   2.34748   4.4
15.24   2.17828   4.4
15.26   2.0267   4.4
15.28   1.89036   4.4
15.3   1.76731   4.4
15.32   1.65587   4.4
15.34   1.55462   4.4
15.36   1.46237   4.4
15.38   1.37808   4.4
15.4   1.30086   4.4
15.42   1.22994   4.4
15.44   1.16466   4.4
15.46   1.10443   4.4
15.48   1.04876   4.4
15.5   0.99718   4.4
15.52   0.949442   4.4
15.54   0.90494   4.4
15.56   0.863493   4.4
15.58   0.824827   4.4
15.6   0.7887   4.4
15.62   0.754895   4.4
15.64   0.723216   4.4
15.66   0.69349   4.4
15.68   0.665559   4.4
15.7   0.639282   4.4
15.72   0.614531   4.4
15.74   0.591191   4.4
15.76   0.569155   4.4
15.78   0.548329   4.4
15.8   0.528627   4.4
15.82   0.509968   4.4
15.84   0.492281   4.4
15.86   0.475499   4.4
15.88   0.459562   4.4
15.9   0.444414   4.4
15.92   0.430004   4.4
15.94   0.416285   4.4
15.96   0.403214   4.4
15.98   0.390751   4.4
16   0.378858   4.4
16.02   0.367502   4.4
16.04   0.35665   4.4
16.06   0.346275   4.4
16.08   0.336348   4.4
16.1   0.326844   4.4
16.12   0.31774   4.4
16.14   0.309014   4.4
16.16   0.000406077   4.4
16.18   0.000426309   4.4
16.2   0.000448089   4.4
16.22   0.000471579   4.4
16.24   0.000496964   4.4
16.26   0.000524451   4.4
16.28   0.00055428   4.4
16.3   0.000586723   4.4
16.32   0.000622095   4.4
16.34   0.000660757   4.4
16.36   0.000703131   4.4
16.38   0.000749706   4.4
16.4   0.000801055   4.4
16.42   0.000857852   4.4
16.44   0.000920892   4.4
16.46   0.000991124   4.4
16.48   0.00106968   4.4
16.5   0.00115792   4.4
16.52   0.00125751   4.4
16.54   0.00137046   4.4
16.56   0.00149927   4.4
16.58   0.00164702   4.4
16.6   0.00181762   4.4
16.62   0.00201599   4.4
16.64   0.00224844   4.4
16.66   0.00252321   4.4
16.68   0.0028511   4.4
16.7   0.00324661   4.4
16.72   0.00372943   4.4
16.74   0.00432689   4.4
16.76   0.0050777   4.4
16.78   0.00603809   4.4
16.8   0.00729245   4.4
16.82   0.00897422   4.4
16.84   0.0113133   4.4
16.86   0.0147479   4.4
16.88   0.0201527   4.4
16.9   0.0291586   4.4
16.92   0.0443042   4.4
16.94   0.0684118   4.4
16.96   0.10152   4.4
16.98   0.131218   4.4
17   0.130592   4.4
17.02   0.100368   4.4
17.04   0.0674635   4.4
17.06   0.0436808   4.4
17.08   0.028783   4.4
17.1   0.0199304   4.4
17.12   0.0146109   4.4
17.14   0.0112227   4.4
17.16   0.00891047   4.4
17.18   0.00724559   4.4
17.2   0.0060026   4.4
17.22   0.00505021   4.4
17.24   0.00430518   4.4
17.26   0.00371201   4.4
17.28   0.00323242   4.4
17.3   0.0028394   4.4
17.32   0.00251345   4.4
17.34   0.00224022   4.4
17.36   0.002009   4.4
17.38   0.00181164   4.4
17.4   0.00164186   4.4
17.42   0.00149477   4.4
17.44   0.00136653   4.4
17.46   0.00125405   4.4
17.48   0.00115487   4.4
17.5   0.00106697   4.4
17.52   0.000988702   4.4
17.54   0.000918723   4.4
17.56   0.207545   4.4
17.58   0.213293   4.4
17.6   0.219294   4.4
17.62   0.225561   4.4
17.64   0.232111   4.4
17.66   0.238958   4.4
17.68   0.24612   4.4
17.7   0.253616   4.4
17.72   0.261466   4.4
17.74   0.269692   4.4
17.76   0.278318   4.4
17.78   0.287369   4.4
17.8   0.296874   4.4
17.82   0.306862   4.4
17.84   0.317367   4.4
17.86   0.328424   4.4
17.88   0.340073   4.4
17.9   0.352356   4.4
17.92   0.365319   4.4
17.94   0.379014   4.4
17.96   0.393497   4.4
17.98   0.408827   4.4
18   0.425074   4.4
18.02   0.44231   4.4
18.04   0.460618   4.4
18.06   0.480088   4.4
18.08   0.500821   4.4
18.1   0.522927   4.4
18.12   0.54653   4.4
18.14   0.571769   4.4
18.16   0.598797   4.4
18.18   0.627788   4.4
18.2   0.658935   4.4
18.22   0.692459   4.4
18.24   0.728605   4.4
18.26   0.767656   4.4
18.28   0.809928   4.4
18.3   0.855787   4.4
18.32   0.905649   4.4
18.34   0.959993   4.4
18.36   1.01937   4.4
18.38   1.08442   4.4
18.4   1.15589   4.4
18.42   1.23465   4.4
18.44   1.32173   4.4
18.46   1.41832   4.4
18.48   1.52575   4.4
18.5   1.64598   4.4
18.52   1.78095   4.4
18.54   1.93317   4.4
18.56   2.10567   4.4
18.58   2.30223   4.4
18.6   2.52751   4.4
18.62   2.78735   4.4
18.64   3.08916   4.4
18.66   3.44241   4.4
18.68   3.8594   4.4
18.7   4.35629   4.4
18.72   4.95464   4.4
18.74   5.68372   4.4
18.76   6.58402   4.4
18.78   7.71266   4.4
18.8   9.15234   4.4
18.82   11.0264   4.4
18.84   13.5281   4.4
18.86   16.9855   4.4
18.88   22.0154   4.69206
18.9   29.8488   5.46341
18.92   42.8213   6.5438
18.94   64.6927   8.04318
18.96   99.9455   9.99728
18.98   149.908   12.2437
19   199.418   14.1215
19.02   207.217   14.395
19.04   164.303   12.8181
19.06   111.806   10.5739
19.08   72.4947   8.51438
19.1   47.524   6.89376
19.12   32.6323   5.71246
19.14   23.7311   4.87146
19.16   18.1193   4.4
19.18   14.326   4.4
19.2   11.6129   4.4
19.22   9.59647   4.4
19.24   8.05675   4.4
19.26   6.85569   4.4
19.28   5.90176   4.4
19.3   5.13217   4.4
19.32   4.50268   4.4
19.34   3.98148   4.4
19.36   3.54525   4.4
19.38   4.79533   4.4
19.4   4.52603   4.4
19.42   4.30287   4.4
19.44   4.11806   4.4
19.46   3.96551   4.4
19.48   3.84038   4.4
19.5   3.73886   4.4
19.52   3.65785   4.4
19.54   3.59489   4.4
19.56   3.54796   4.4
19.58   3.51545   4.4
19.6   3.49605   4.4
19.62   3.48871   4.4
19.64   3.49258   4.4
19.66   3.50702   4.4
19.68   3.53151   4.4
19.7   3.56569   4.4
19.72   3.60929   4.4
19.74   3.66218   4.4
19.76   3.72431   4.4
19.78   3.7957   4.4
19.8   3.87651   4.4
19.82   3.96692   4.4
19.84   4.06725   4.4
19.86   4.17788   4.4
19.88   4.29928   4.4
19.9   4.43202   4.4
19.92   4.57675   4.4
19.94   4.73427   4.4
19.96   4.90546   4.4
19.98   5.09134   4.4
20   5.29309   4.4
20.02   5.51204   4.4
20.04   5.74972   4.4
20.06   6.00786   4.4
20.08   6.28845   4.4
20.1   6.59374   4.4
20.12   6.92633   4.4
20.14   7.28918   4.4
20.16   7.68572   4.4
20.18   8.11989   4.4
20.2   8.59626   4.4
20.22   9.12012   4.4
20.24   9.69769   4.4
20.26   10.3362   4.4
20.28   11.0442   4.4
20.3   11.8319   4.4
20.32   12.7113   4.4
20.34   13.6968   4.4
20.36   14.8058   4.4
20.38   16.0596   4.4
20.4   17.4841   4.4
20.42   19.1111   4.4
20.44   20.9804   4.58044
20.46   23.1421   4.81063
20.48   25.6597   5.06554
20.5   28.4177   5.33083
20.52   31.9219   5.64995
20.54   36.1101   6.00917
20.56   41.1706   6.41643
20.58   47.3602   6.88188
20.6   55.0363   7.41865
20.62   64.7069   8.04406
20.64   77.1128   8.78139
20.66   93.3732   9.66298
20.68   115.276   10.7367
20.7   145.951   12.081
20.72   191.437   13.8361
20.74   263.758   16.2406
20.76   384.886   19.6185
20.78   587.777   24.2441
20.8   906.039   30.1005
20.82   1327.09   36.4292
20.84   1660.5   40.7492
20.86   1581.66   39.7701
20.88   1181.35   34.3708
20.9   785.837   28.0328
20.92   508.679   22.5539
20.94   337.2   18.363
20.96   235.531   15.347
20.98   174.039   13.1924
21   134.454   11.5954
21.02   107.187   10.3531
21.04   87.4277   9.35028
21.06   72.6104   8.52118
21.08   61.2188   7.82425
21.1   52.2824   7.23066
21.12   45.15   6.71937
21.14   39.371   6.27463
21.16   34.6262   5.8844
21.18   30.6844   5.53935
21.2   27.3753   5.23214
21.22   24.5712   4.95693
21.24   22.1747   4.709
21.26   20.1109   4.48451
21.28   18.3212   4.4
21.3   16.7593   4.4
21.32   15.3882   4.4
21.34   14.1782   4.4
21.36   13.1052   4.4
21.38   12.1491   4.4
21.4   11.2937   4.4
21.42   10.5254   4.4
21.44   9.83268   4.4
21.46   9.20604   4.4
21.48   8.63733   4.4
21.5   8.11965   4.4
21.52   7.64706   4.4
21.54   7.2145   4.4
21.56   6.81757   4.4
21.58   6.45248   4.4
21.6   6.1159   4.4
21.62   5.80495   4.4
21.64   5.5171   4.4
21.66   5.25011   4.4
21.68   5.00202   4.4
21.7   4.7711   4.4
21.72   4.55578   4.4
21.74   4.3547   4.4
21.76   4.16664   4.4
21.78   3.99049   4.4
21.8   3.82527   4.4
21.82   3.67009   4.4
21.84   3.52416   4.4
21.86   3.38675   4.4
21.88   3.25723   4.4
21.9   3.13498   4.4
21.92   3.01949   4.4
21.94   2.91026   4.4
21.96   2.80685   4.4
21.98   2.70885   4.4
22   2.61589   4.4
22.02   2.52763   4.4
22.04   2.44377   4.4
22.06   2.364   4.4
22.08   2.28808   4.4
22.1   2.21575   4.4
22.12   2.1468   4.4
22.14   2.08102   4.4
22.16   2.01821   4.4
22.18   1.9582   4.4
22.2   1.90083   4.4
22.22   1.84594   4.4
22.24   1.7934   4.4
22.26   1.74306   4.4
22.28   1.69482   4.4
22.3   1.64855   4.4
22.32   0   4.4
22.34   0   4.4
22.36   0   4.4
22.38   0   4.4
22.4   0   4.4
22.42   0   4.4
22.44   0   4.4
22.46   0   4.4
22.48   0   4.4
22.5   0   4.4
22.52   0   4.4
22.54   0   4.4
22.56   0   4.4
22.58   0   4.4
22.6   0   4.4
22.62   0   4.4
22.64   0   4.4
22.66   0.0576349   4.4
22.68   0.0592487   4.4
22.7   0.0609313   4.4
22.72   0.0626865   4.4
22.74   0.0645186   4.4
22.76   0.0664322   4.4
22.78   0.0684322   4.4
22.8   0.0705238   4.4
22.82   0.0727127   4.4
22.84   0.0750051   4.4
22.86   0.0774076   4.4
22.88   0.0799274   4.4
22.9   0.0825721   4.4
22.92   0.0853502   4.4
22.94   0.0882709   4.4
22.96   0.0913439   4.4
22.98   0.0945802   4.4
23   0.0979914   4.4
23.02   0.10159   4.4
23.04   0.105391   4.4
23.06   0.109409   4.4
23.08   0.113662   4.4
23.1   0.118166   4.4
23.12   0.122944   4.4
23.14   0.128017   4.4
23.16   0.133411   4.4
23.18   0.139152   4.4
23.2   0.145272   4.4
23.22   0.151803   4.4
23.24   0.158786   4.4
23.26   0.16626   4.4
23.28   0.174275   4.4
23.3   0.182882   4.4
23.32   0.192142   4.4
23.34   0.202123   4.4
23.36   0.212901   4.4
23.38   0.224564   4.4
23.4   0.23721   4.4
23.42   0.250953   4.4
23.44   0.265923   4.4
23.46   0.282272   4.4
23.48   0.300173   4.4
23.5   0.319828   4.4
23.52   0.341473   4.4
23.54   0.365388   4.4
23.56   0.391897   4.4
23.58   0.421392   4.4
23.6   0.454334   4.4
23.62   0.491282   4.4
23.64   0.532909   4.4
23.66   0.580037   4.4
23.68   0.633676   4.4
23.7   0.695074   4.4
23.72   0.765797   4.4
23.74   0.847819   4.4
23.76   0.943666   4.4
23.78   1.0566   4.4
23.8   1.1909   4.4
23.82   1.35227   4.4
23.84   1.54839   4.4
23.86   1.78987   4.4
23.88   2.09161   4.4
23.9   2.47506   4.4
23.92   2.97198   4.4
23.94   3.63153   4.4
23.96   4.53553   4.4
23.98   5.83481   4.4
24   7.82892   4.4
24.02   11.0978   4.4
24.04   16.6157   4.4
24.06   25.6415   5.06374
24.08   38.9124   6.23798
24.1   53.5999   7.32119
24.12   59.0668   7.68549
24.14   49.1492   7.01065
24.16   34.3401   5.86004
24.18   22.4271   4.73572
24.2   14.6888   4.4
24.22   10.0423   4.4
24.24   7.28251   4.4
24.26   5.56863   4.4
24.28   4.42843   4.4
24.3   3.62323   4.4
24.32   3.03091   4.4
24.34   2.58293   4.4
24.36   2.23694   4.4
24.38   1.96513   4.4
24.4   1.74855   4.4
24.42   1.57392   4.4
24.44   1.43174   4.4
24.46   1.31507   4.4
24.48   1.2188   4.4
24.5   1.13903   4.4
24.52   1.07281   4.4
24.54   1.01787   4.4
24.56   0.972436   4.4
24.58   0.935101   4.4
24.6   0.90477   4.4
24.62   0.880567   4.4
24.64   0.861801   4.4
24.66   0.847922   4.4
24.68   0.8385   4.4
24.7   0.833201   4.4
24.72   0.831775   4.4
24.74   0.83404   4.4
24.76   0.839879   4.4
24.78   0.849229   4.4
24.8   0.862081   4.4
24.82   0.878475   4.4
24.84   0.898501   4.4
24.86   0.922299   4.4
24.88   0.950063   4.4
24.9   0.982043   4.4
24.92   1.01855   4.4
24.94   1.05996   4.4
24.96   1.10675   4.4
24.98   1.15946   4.4
25   1.21875   4.4
25.02   1.28542   4.4
25.04   1.36041   4.4
25.06   1.44484   4.4
25.08   1.54006   4.4
25.1   1.64772   4.4
25.12   1.76979   4.4
25.14   1.90869   4.4
25.16   2.06737   4.4
25.18   2.24951   4.4
25.2   2.45969   4.4
25.22   2.70368   4.4
25.24   2.98883   4.4
25.26   3.32461   4.4
25.28   3.72338   4.4
25.3   4.2015   4.4
25.32   4.78095   4.4
25.34   5.49184   4.4
25.36   6.37616   4.4
25.38   7.49381   4.4
25.4   8.93257   4.4
25.42   10.8258   4.4
25.44   13.3892   4.4
25.46   17.0056   4.4
25.48   22.4223   4.73522
25.5   31.1194   5.57848
25.52   45.7425   6.76332
25.54   70.1088   8.3731
25.56   117.593   10.844
25.58   165.506   12.8649
25.6   198.266   14.0807
25.62   182.351   13.5037
25.64   136.117   11.6669
25.66   93.8931   9.68985
25.68   65.1801   8.07342
25.7   47.7475   6.90996
25.72   37.5831   6.13051
25.74   31.5553   5.61741
25.76   27.7912   5.27173
25.78   25.3219   5.03209
25.8   23.6609   4.86425
25.82   22.5455   4.74821
25.84   21.8189   4.67107
25.86   21.3807   4.62393
25.88   21.1639   4.60042
25.9   21.1226   4.59593
25.92   21.225   4.60706
25.94   21.4488   4.63129
25.96   21.7785   4.66674
25.98   22.2032   4.71203
26   22.7157   4.7661
26.02   23.3114   4.82819
26.04   23.9879   4.89774
26.06   24.7444   4.97438
26.08   25.5817   5.05784
26.1   26.502   5.148
26.12   27.5083   5.24483
26.14   28.6051   5.34837
26.16   29.798   5.45875
26.18   31.0936   5.57616
26.2   32.4999   5.70087
26.22   34.0264   5.83321
26.24   35.6837   5.97358
26.26   37.4845   6.12246
26.28   39.4431   6.28038
26.3   41.5764   6.44798
26.32   43.9035   6.62597
26.34   46.4466   6.81517
26.36   49.2316   7.01652
26.38   52.2883   7.23107
26.4   55.6518   7.46001
26.42   59.3629   7.70473
26.44   63.4698   7.96679
26.46   68.0294   8.24799
26.48   73.1092   8.55039
26.5   78.7901   8.87638
26.52   85.1694   9.22873
26.54   92.3648   9.61066
26.56   100.52   10.026
26.58   109.812   10.4791
26.6   120.459   10.9754
26.62   132.737   11.5212
26.64   146.993   12.1241
26.66   163.671   12.7934
26.68   183.347   13.5406
26.7   206.778   14.3798
26.72   234.971   15.3288
26.74   269.293   16.4102
26.76   311.629   17.653
26.78   364.637   19.0955
26.8   432.155   20.7883
26.82   519.892   22.8011
26.84   636.745   25.2338
26.86   797.701   28.2436
26.88   1030.73   32.105
26.9   1391.55   37.3035
26.92   1987.5   44.5814
26.94   2991.96   54.6988
26.96   4620.98   67.9778
26.98   6965.53   83.4598
27   9400.71   96.9572
27.02   10000   100
27.04   8076.32   89.8684
27.06   5538.71   74.4225
27.08   3596.14   59.9678
27.1   2351.89   48.4963
27.12   1607.96   40.0993
27.14   1164.37   34.1229
27.16   886.251   29.77
27.18   699.276   26.4438
27.2   566.069   23.7922
27.22   467.335   21.6179
27.24   392.097   19.8014
27.26   333.511   18.2623
27.28   287.055   16.9427
27.3   249.631   15.7997
27.32   219.062   14.8008
27.34   193.788   13.9208
27.36   172.662   13.1401
27.38   154.833   12.4432
27.4   139.655   11.8176
27.42   126.634   11.2532
27.44   115.384   10.7417
27.46   105.602   10.2763
27.48   97.0476   9.85127
27.5   89.5281   9.46193
27.52   82.8871   9.10424
27.54   76.9969   8.77479
27.56   71.7526   8.47069
27.58   67.0675   8.18948
27.6   62.8694   7.92902
27.62   59.0979   7.68752
27.64   55.7023   7.4634
27.66   52.6397   7.25532
27.68   49.874   7.06216
27.7   47.3746   6.88292
27.72   45.1157   6.71682
27.74   43.0752   6.56317
27.76   41.2351   6.42146
27.78   39.5801   6.29127
27.8   38.0977   6.17234
27.82   36.7784   6.06452
27.84   35.6147   5.96781
27.86   34.602   5.88234
27.88   33.7378   5.80843
27.9   33.0227   5.74653
27.92   32.4598   5.69735
27.94   32.0561   5.66181
27.96   31.8225   5.64114
27.98   31.7749   5.63692
28   31.9359   5.65118
28.02   32.3363   5.6865
28.04   33.0185   5.74617
28.06   34.0403   5.83441
28.08   35.4815   5.95663
28.1   37.4528   6.11987
28.12   40.1114   6.33335
28.14   43.6835   6.60935
28.16   48.5044   6.96451
28.18   55.096   7.42267
28.2   64.2959   8.01847
28.22   77.6533   8.81211
28.24   98.2166   9.91043
28.26   131.958   11.4873
28.28   189.192   13.7547
28.3   283.931   16.8502
28.32   426.601   20.6543
28.34   595.05   24.3937
28.36   680.786   26.0919
28.38   589.619   24.2821
28.4   420.174   20.4981
28.42   278.256   16.681
28.44   184.184   13.5715
28.46   127.167   11.2768
28.48   83.5284   9.13939
28.5   62.7921   7.92414
28.52   49.1094   7.00781
28.54   39.4948   6.28449
28.56   32.4335   5.69505
28.58   27.0884   5.20465
28.6   22.9484   4.79045
28.62   19.6803   4.43625
28.64   17.0577   4.4
28.66   14.9227   4.4
28.68   13.1623   4.4
28.7   11.6945   4.4
28.72   10.4583   4.4
28.74   9.40758   4.4
28.76   8.50731   4.4
28.78   7.73022   4.4
28.8   7.05496   4.4
28.82   6.46457   4.4
28.84   5.94551   4.4
28.86   5.4868   4.4
28.88   5.07951   4.4
28.9   4.7163   4.4
28.92   4.39109   4.4
28.94   4.09883   4.4
28.96   3.83527   4.4
28.98   3.59686   4.4
29   3.38055   4.4
29.02   3.18378   4.4
29.04   3.00435   4.4
29.06   2.84037   4.4
29.08   2.69021   4.4
29.1   2.55249   4.4
29.12   2.42598   4.4
29.14   2.30966   4.4
29.16   2.20261   4.4
29.18   2.10408   4.4
29.2   2.01341   4.4
29.22   1.93006   4.4
29.24   1.85357   4.4
29.26   1.78361   4.4
29.28   1.71994   4.4
29.3   1.66244   4.4
29.32   1.6111   4.4
29.34   1.5661   4.4
29.36   1.5278   4.4
29.38   1.49684   4.4
29.4   1.47425   4.4
29.42   1.95005   4.4
29.44   1.96333   4.4
29.46   1.99331   4.4
29.48   2.0461   4.4
29.5   2.13239   4.4
29.52   2.27273   4.4
29.54   2.50826   4.4
29.56   2.91544   4.4
29.58   3.61237   4.4
29.6   4.72801   4.4
29.62   6.254   4.4
29.64   7.5887   4.4
29.66   7.49574   4.4
29.68   6.07871   4.4
29.7   4.57479   4.4
29.72   3.49846   4.4
29.74   2.82977   4.4
29.76   2.4373   4.4
29.78   2.20671   4.4
29.8   2.06569   4.4
29.82   1.32861   4.4
29.84   1.28812   4.4
29.86   1.26887   4.4
29.88   1.26509   4.4
29.9   1.27318   4.4
29.92   1.29081   4.4
29.94   1.31647   4.4
29.96   1.34917   4.4
29.98   1.38831   4.4
30   1.43353   4.4
30.02   1.48468   4.4
30.04   1.54177   4.4
30.06   1.60495   4.4
30.08   1.67446   4.4
30.1   1.75067   4.4
30.12   1.83406   4.4
30.14   1.92519   4.4
30.16   2.02478   4.4
30.18   2.13364   4.4
30.2   2.25274   4.4
30.22   2.38322   4.4
30.24   2.52639   4.4
30.26   2.68383   4.4
30.28   2.85733   4.4
30.3   3.04904   4.4
30.32   3.26148   4.4
30.34   3.49765   4.4
30.36   3.76109   4.4
30.38   4.05608   4.4
30.4   4.38776   4.4
30.42   4.76238   4.4
30.44   5.18757   4.4
30.46   5.67274   4.4
30.48   6.22959   4.4
30.5   6.87283   4.4
30.52   7.62109   4.4
30.54   8.49831   4.4
30.56   9.53559   4.4
30.58   10.7739   4.4
30.6   12.2682   4.4
30.62   14.0931   4.4
30.64   20.3709   4.51341
30.66   23.3245   4.82954
30.68   27.0776   5.20361
30.7   31.9511   5.65253
30.72   38.4534   6.20108
30.74   47.462   6.88926
30.76   60.653   7.788
30.78   81.3703   9.02055
30.8   115.83   10.7625
30.82   173.655   13.1778
30.84   265.411   16.2914
30.86   390.684   19.7657
30.88   501.103   22.3853
30.9   495.551   22.261
30.92   380.691   19.5113
30.94   257.687   16.0526
30.96   169.311   13.012
30.98   114.163   10.6847
31   81.5191   9.02879
31.02   62.0003   7.87403
31.04   49.6604   7.04702
31.06   41.3335   6.42911
31.08   35.4338   5.95263
31.1   31.1263   5.57909
31.12   27.9243   5.28434
31.14   25.5138   5.05112
31.16   23.7016   4.86843
31.18   22.3412   4.72664
31.2   21.3341   4.61889
31.22   20.6104   4.53986
31.24   20.1194   4.48547
31.26   19.8247   4.45249
31.28   19.6996   4.43842
31.3   19.7251   4.44129
31.32   19.8878   4.45958
31.34   20.179   4.49211
31.36   20.5936   4.53801
31.38   21.1295   4.59669
31.4   21.7878   4.66774
31.42   22.5719   4.75099
31.44   23.4878   4.84642
31.46   24.5444   4.95423
31.48   25.7532   5.07476
31.5   27.1289   5.20854
31.52   28.6898   5.35629
31.54   30.4584   5.51892
31.56   32.4622   5.69756
31.58   34.7348   5.89362
31.6   37.3171   6.10877
31.62   40.2594   6.34503
31.64   43.6235   6.60481
31.66   47.4863   6.89103
31.68   51.9436   7.20719
31.7   57.1162   7.55753
31.72   63.1581   7.94721
31.74   70.2673   8.38256
31.76   78.7021   8.87142
31.78   88.8035   9.42356
31.8   101.03   10.0514
31.82   116.006   10.7706
31.84   134.604   11.6019
31.86   158.061   12.5722
31.88   188.187   13.7181
31.9   227.717   15.0903
31.92   281.032   16.764
31.94   355.82   18.8632
31.96   466.958   21.6092
31.98   644.036   25.3779
32   940.896   30.674
32.02   1437.69   37.9169
32.04   2214.59   47.0595
32.06   3234.22   56.8702
32.08   4019.55   63.3999
32.1   3796.42   61.6151
32.12   2821.03   53.1134
32.14   1873.39   43.2827
32.16   1212.98   34.8279
32.18   805.277   28.3774
32.2   563.611   23.7405
32.22   417.235   20.4263
32.24   322.805   17.9668
32.26   257.639   16.0511
32.28   210.355   14.5036
32.3   174.864   13.2236
32.32   147.559   12.1474
32.34   126.124   11.2305
32.36   109.005   10.4406
32.38   94.6535   9.729
32.4   83.2659   9.12501
32.42   73.8025   8.59084
32.44   65.8557   8.11515
32.46   59.1197   7.68894
32.48   53.3617   7.30491
32.5   48.402   6.95715
32.52   44.1001   6.64079
32.54   40.3452   6.35178
32.56   37.0485   6.08675
32.58   34.1387   5.84284
32.6   31.5578   5.61763
32.62   29.258   5.40907
32.64   27.2001   5.21537
32.66   25.3514   5.03502
32.68   23.6846   4.86668
32.7   22.1766   4.7092
32.72   20.8079   4.56156
32.74   19.5618   4.42287
32.76   18.4242   4.4
32.78   17.3829   4.4
32.8   16.4273   4.4
32.82   15.5483   4.4
32.84   14.7378   4.4
32.86   13.9891   4.4
32.88   13.2959   4.4
32.9   12.6878   4.4
32.92   12.0913   4.4
32.94   11.5362   4.4
32.96   11.0186   4.4
32.98   10.5354   4.4
33   10.0835   4.4
33.02   9.66037   4.4
33.04   9.2636   4.4
33.06   8.89107   4.4
33.08   8.54087   4.4
33.1   8.21126   4.4
33.12   7.90069   4.4
33.14   7.60774   4.4
33.16   7.33112   4.4
33.18   7.06967   4.4
33.2   6.82232   4.4
33.22   6.5881   4.4
33.24   6.36612   4.4
33.26   6.15558   4.4
33.28   5.95573   4.4
33.3   5.7659   4.4
33.32   5.58545   4.4
33.34   5.41382   4.4
33.36   5.25048   4.4
33.38   5.09495   4.4
33.4   4.94677   4.4
33.42   4.80554   4.4
33.44   4.67089   4.4
33.46   4.54246   4.4
33.48   4.41994   4.4
33.5   4.30303   4.4
33.52   4.19148   4.4
33.54   4.08502   4.4
33.56   0.114934   4.4
33.58   0.120819   4.4
33.6   0.127167   4.4
33.62   0.134029   4.4
33.64   0.14146   4.4
33.66   0.149526   4.4
33.68   0.1583   4.4
33.7   0.167869   4.4
33.72   0.17833   4.4
33.74   0.189799   4.4
33.76   0.202407   4.4
33.78   0.216312   4.4
33.8   0.231697   4.4
33.82   0.248778   4.4
33.84   0.267814   4.4
33.86   0.289114   4.4
33.88   0.313051   4.4
33.9   0.340075   4.4
33.92   0.370741   4.4
33.94   0.405729   4.4
33.96   0.445886   4.4
33.98   0.492279   4.4
34   0.546257   4.4
34.02   1.00909   4.4
34.04   1.09529   4.4
34.06   1.19654   4.4
34.08   1.31686   4.4
34.1   1.46171   4.4
34.12   1.63869   4.4
34.14   1.85855   4.4
34.16   2.13696   4.4
34.18   2.49748   4.4
34.2   2.97759   4.4
34.22   3.64238   4.4
34.24   4.61688   4.4
34.26   6.15027   4.4
34.28   8.70178   4.4
34.3   12.9712   4.4
34.32   19.6999   4.43846
34.34   28.7414   5.3611
34.36   36.3117   6.02592
34.38   35.268   5.93869
34.4   26.8467   5.18138
34.42   18.2046   4.4
34.44   12.0836   4.4
34.46   8.29106   4.4
34.48   6.0558   4.4
34.5   4.72332   4.4
34.52   3.88466   4.4
34.54   3.32377   4.4
34.56   2.9325   4.4
34.58   2.65363   4.4
34.6   2.45368   4.4
34.62   2.31143   4.4
34.64   2.21285   4.4
34.66   2.14836   4.4
34.68   2.11139   4.4
34.7   2.09733   4.4
34.72   2.10303   4.4
34.74   2.12633   4.4
34.76   2.16585   4.4
34.78   2.2208   4.4
34.8   2.29089   4.4
34.82   2.37626   4.4
34.84   2.47743   4.4
34.86   2.59532   4.4
34.88   2.73122   4.4
34.9   2.88685   4.4
34.92   3.06442   4.4
34.94   3.26666   4.4
34.96   3.49699   4.4
34.98   3.75962   4.4
35   4.05975   4.4
35.02   4.40383   4.4
35.04   4.79988   4.4
35.06   5.25798   4.4
35.08   5.79949   4.4
35.1   6.42376   4.4
35.12   7.16023   4.4
35.14   8.03649   4.4
35.16   9.08917   4.4
35.18   10.3677   4.4
35.2   11.9399   4.4
35.22   13.9009   4.4
35.24   16.3869   4.4
35.26   19.5986   4.42703
35.28   23.8438   4.88301
35.3   29.627   5.44307
35.32   37.862   6.15321
35.34   50.3505   7.09581
35.36   70.6266   8.40397
35.38   104.819   10.2381
35.4   161.315   12.701
35.42   246.543   15.7017
35.44   348.042   18.6559
35.46   401.898   20.0474
35.48   349.522   18.6955
35.5   248.116   15.7517
35.52   162.434   12.745
35.54   105.509   10.2718
35.56   71.0262   8.4277
35.58   50.5798   7.11195
35.6   37.9968   6.16416
35.62   29.7075   5.45046
35.64   23.89   4.88773
35.66   19.6208   4.42954
35.68   16.3912   4.4
35.7   13.891   4.4
35.72   11.9182   4.4
35.74   10.3357   4.4
35.76   9.04801   4.4
35.78   7.98675   4.4
35.8   7.10227   4.4
35.82   6.35771   4.4
35.84   5.72532   4.4
35.86   5.15009   4.4
35.88   4.68405   4.4
35.9   4.27963   4.4
35.92   3.92662   4.4
35.94   3.61688   4.4
35.96   3.34384   4.4
35.98   3.10215   4.4
36   2.88744   4.4
36.02   2.69613   4.4
36.04   2.52524   4.4
36.06   2.37234   4.4
36.08   2.23539   4.4
36.1   2.11272   4.4
36.12   2.19284   4.4
36.14   2.10036   4.4
36.16   2.01915   4.4
36.18   1.94868   4.4
36.2   1.88866   4.4
36.22   1.8391   4.4
36.24   1.80038   4.4
36.26   1.77331   4.4
36.28   1.75934   4.4
36.3   1.76078   4.4
36.32   1.78128   4.4
36.34   1.82663   4.4
36.36   1.90642   4.4
36.38   2.03794   4.4
36.4   2.25514   4.4
36.42   2.62559   4.4
36.44   3.27038   4.4
36.46   4.36471   4.4
36.48   6.07047   4.4
36.5   8.24707   4.4
36.52   9.7404   4.4
36.54   9.00053   4.4
36.56   6.85157   4.4
36.58   4.88043   4.4
36.6   3.53231   4.4
36.62   2.7064   4.4
36.64   2.21797   4.4
36.66   1.92238   4.4
36.68   1.73299   4.4
36.7   1.60498   4.4
36.72   1.51585   4.4
36.74   1.45351   4.4
36.76   1.41078   4.4
36.78   1.38311   4.4
36.8   1.36752   4.4
36.82   1.36202   4.4
36.84   1.36534   4.4
36.86   1.37664   4.4
36.88   1.39547   4.4
36.9   1.42163   4.4
36.92   1.0663   4.4
36.94   1.11784   4.4
36.96   1.17698   4.4
36.98   1.24435   4.4
37   1.32077   4.4
37.02   1.4073   4.4
37.04   1.50526   4.4
37.06   1.61625   4.4
37.08   1.74227   4.4
37.1   1.88578   4.4
37.12   2.08169   4.4
37.14   2.27091   4.4
37.16   2.48919   4.4
37.18   2.7425   4.4
37.2   3.0385   4.4
37.22   3.38701   4.4
37.24   3.80094   4.4
37.26   4.29734   4.4
37.28   4.89925   4.4
37.3   5.63818   4.4
37.32   6.55828   4.4
37.34   7.72262   4.4
37.36   9.22397   4.4
37.38   11.204   4.4
37.4   13.8935   4.4
37.42   17.7073   4.4
37.44   23.4598   4.84353
37.46   32.7559   5.72328
37.48   48.415   6.95809
37.5   74.3844   8.62464
37.52   113.953   10.6749
37.54   162.396   12.7435
37.56   191.215   13.828
37.58   169.694   13.0267
37.6   121.739   11.0336
37.62   79.9578   8.94191
37.64   51.8975   7.20399
37.66   34.8293   5.90163
37.68   24.7165   4.97157
37.7   18.5215   4.4
37.72   14.4633   4.4
37.74   11.6284   4.4
37.76   9.55513   4.4
37.78   7.99117   4.4
37.8   6.78378   4.4
37.82   5.83384   4.4
37.84   5.07429   4.4
37.86   4.45844   4.4
37.88   3.95304   4.4
37.9   3.53396   4.4
37.92   3.18332   4.4
37.94   2.88774   4.4
37.96   2.63701   4.4
37.98   2.42328   4.4
38   2.23222   4.4
38.02   2.07574   4.4
38.04   1.94164   4.4
38.06   1.82698   4.4
38.08   1.72945   4.4
38.1   1.78136   4.4
38.12   1.717   4.4
38.14   1.66594   4.4
38.16   1.62767   4.4
38.18   1.60203   4.4
38.2   1.58925   4.4
38.22   1.59   4.4
38.24   1.60549   4.4
38.26   1.63757   4.4
38.28   1.68899   4.4
38.3   1.76368   4.4
38.32   1.86726   4.4
38.34   2.00786   4.4
38.36   2.19733   4.4
38.38   2.45345   4.4
38.4   2.80397   4.4
38.42   3.29553   4.4
38.44   4.01477   4.4
38.46   5.13426   4.4
38.48   6.98642   4.4
38.5   10.1228   4.4
38.52   15.2404   4.4
38.54   22.6934   4.76376
38.56   30.6975   5.54053
38.58   33.1834   5.76051
38.6   27.3179   5.22665
38.62   19.0625   4.4
38.64   12.6284   4.4
38.66   8.48014   4.4
38.68   5.99694   4.4
38.7   4.5221   4.4
38.72   3.60521   4.4
38.74   2.99581   4.4
38.76   2.5677   4.4
38.78   2.25609   4.4
38.8   2.02445   4.4
38.82   1.85018   4.4
38.84   1.71848   4.4
38.86   1.61931   4.4
38.88   1.54575   4.4
38.9   1.49295   4.4
38.92   1.4575   4.4
38.94   1.43701   4.4
38.96   1.42985   4.4
38.98   1.43498   4.4
39   1.45184   4.4
39.02   1.29472   4.4
39.04   1.33984   4.4
39.06   1.39706   4.4
39.08   1.46729   4.4
39.1   2.05698   4.4
39.12   2.172   4.4
39.14   2.30611   4.4
39.16   2.46238   4.4
39.18   2.64476   4.4
39.2   2.85834   4.4
39.22   3.10975   4.4
39.24   3.40764   4.4
39.26   3.76348   4.4
39.28   4.19269   4.4
39.3   4.71632   4.4
39.32   5.36364   4.4
39.34   6.17628   4.4
39.36   7.21487   4.4
39.38   8.57089   4.4
39.4   10.3901   4.4
39.42   12.9267   4.4
39.44   16.6701   4.4
39.46   22.595   4.75342
39.48   32.4912   5.7001
39.5   49.0659   7.0047
39.52   75.1382   8.66823
39.54   109.928   10.4846
39.56   138.328   11.7613
39.58   133.134   11.5383
39.6   100.389   10.0194
39.62   67.3879   8.20901
39.64   44.13   6.64304
39.66   29.7268   5.45223
39.68   21.2116   4.6056
39.7   16.0982   4.4
39.72   12.8432   4.4
39.74   10.6335   4.4
39.76   9.06177   4.4
39.78   7.91198   4.4
39.8   7.05704   4.4
39.82   6.4162   4.4
39.84   5.93574   4.4
39.86   5.57896   4.4
39.88   5.32036   4.4
39.9   5.14204   4.4
39.92   5.03144   4.4
39.94   4.97984   4.4
39.96   4.98145   4.4
39.98   5.03275   4.4
40   5.1321   4.4
40.02   5.27953   4.4
40.04   5.44512   4.4
40.06   5.69587   4.4
40.08   6.00426   4.4
40.1   6.37708   4.4
40.12   6.82342   4.4
40.14   7.3552   4.4
40.16   7.98794   4.4
40.18   8.74188   4.4
40.2   9.6435   4.4
40.22   10.7278   4.4
40.24   12.0414   4.4
40.26   13.6478   4.4
40.28   15.6341   4.4
40.3   18.1228   4.4
40.32   21.2901   4.61412
40.34   25.3961   5.03945
40.36   30.841   5.55347
40.38   38.2855   6.18752
40.4   48.9339   6.99528
40.42   65.1695   8.07276
40.44   91.6445   9.57311
40.46   136.329   11.676
40.48   209.896   14.4878
40.5   319.818   17.8834
40.52   447.218   21.1475
40.54   507.088   22.5186
40.56   433.238   20.8144
40.58   304.893   17.4612
40.6   199.188   14.1134
40.62   129.601   11.3842
40.64   87.5911   9.35901
40.66   62.6582   7.91569
40.68   47.2488   6.87378
40.7   37.0471   6.08663
40.72   29.8595   5.46438
40.74   24.5706   4.95687
40.76   20.561   4.53443
40.78   17.4514   4.4
40.8   14.9935   4.4
40.82   13.0188   4.4
40.84   11.4093   4.4
40.86   10.0808   4.4
40.88   8.97175   4.4
40.9   8.03657   4.4
40.92   7.24083   4.4
40.94   6.5582   4.4
40.96   7.02224   4.4
40.98   6.53826   4.4
41   6.11946   4.4
41.02   5.7557   4.4
41.04   5.30574   4.4
41.06   5.03265   4.4
41.08   4.79422   4.4
41.1   4.58598   4.4
41.12   4.40421   4.4
41.14   4.24584   4.4
41.16   4.10827   4.4
41.18   3.98935   4.4
41.2   3.88727   4.4
41.22   3.8005   4.4
41.24   3.72777   4.4
41.26   3.66801   4.4
41.28   3.62032   4.4
41.3   3.58398   4.4
41.32   3.55839   4.4
41.34   3.54307   4.4
41.36   3.53766   4.4
41.38   3.5419   4.4
41.4   3.55561   4.4
41.42   3.57872   4.4
41.44   3.61121   4.4
41.46   3.65319   4.4
41.48   3.70482   4.4
41.5   3.76636   4.4
41.52   3.83814   4.4
41.54   3.92061   4.4
41.56   4.01429   4.4
41.58   4.11983   4.4
41.6   4.23799   4.4
41.62   4.36967   4.4
41.64   4.5159   4.4
41.66   4.6779   4.4
41.68   4.85705   4.4
41.7   5.05498   4.4
41.72   5.27357   4.4
41.74   5.51498   4.4
41.76   5.78172   4.4
41.78   6.07673   4.4
41.8   6.40342   4.4
41.82   6.76579   4.4
41.84   7.16852   4.4
41.86   7.61718   4.4
41.88   8.11832   4.4
41.9   8.77371   4.4
41.92   9.40755   4.4
41.94   10.1226   4.4
41.96   10.9325   4.4
41.98   11.8544   4.4
42   12.4191   4.4
42.02   13.6454   4.4
42.04   15.0625   4.4
42.06   16.7118   4.4
42.08   18.6468   4.4
42.1   20.9368   4.57567
42.12   23.6736   4.86556
42.14   26.9804   5.19426
42.16   31.0249   5.57
42.18   36.0408   6.0034
42.2   42.3604   6.50848
42.22   50.4685   7.10412
42.24   61.0978   7.81651
42.26   75.4201   8.68447
42.28   95.4887   9.77183
42.3   125.272   11.1925
42.32   172.665   13.1402
42.34   252.07   15.8767
42.36   385.012   19.6217
42.38   593.253   24.3568
42.4   867.747   29.4575
42.42   1082.41   32.9
42.44   1027.05   32.0476
42.46   765.345   27.6649
42.48   508.78   22.5562
42.5   329.453   18.1509
42.52   218.622   14.7859
42.54   152.926   12.3663
42.56   113.172   10.6382
42.58   87.5643   9.35758
42.6   69.9167   8.36162
42.62   57.1276   7.55828
42.64   47.5403   6.89495
42.66   40.1741   6.3383
42.68   34.4011   5.86525
42.7   29.8   5.45894
42.72   26.0793   5.10679
42.74   23.0323   4.7992
42.76   20.5097   4.52876
42.78   19.8348   4.45363
42.8   18.0987   4.4
42.82   16.634   4.4
42.84   15.3931   4.4
42.86   14.3391   4.4
42.88   13.4432   4.4
42.9   12.6831   4.4
42.92   12.0414   4.4
42.94   11.5048   4.4
42.96   11.0635   4.4
42.98   10.7106   4.4
43   10.4422   4.4
43.02   10.2572   4.4
43.04   10.1576   4.4
43.06   10.1494   4.4
43.08   10.243   4.4
43.1   10.4556   4.4
43.12   10.8137   4.4
43.14   11.3578   4.4
43.16   12.1513   4.4
43.18   13.2975   4.4
43.2   14.9804   4.4
43.22   17.5592   4.4
43.24   21.7488   4.66356
43.26   28.8401   5.3703
43.28   40.7283   6.38187
43.3   59.2383   7.69664
43.32   83.1759   9.12008
43.34   100.656   10.0328
43.36   94.1075   9.7009
43.38   71.0692   8.43025
43.4   49.3601   7.02568
43.42   34.4278   5.86752
43.44   25.3106   5.03096
43.46   19.9857   4.47054
43.48   16.8374   4.4
43.5   14.8879   4.4
43.52   13.6292   4.4
43.54   12.8076   4.4
43.56   12.2881   4.4
43.58   11.9918   4.4
43.6   11.8699   4.4
43.62   11.8912   4.4
43.64   12.0364   4.4
43.66   12.2942   4.4
43.68   12.774   4.4
43.7   13.249   4.4
43.72   13.8343   4.4
43.74   14.5369   4.4
43.76   15.368   4.4
43.78   16.3427   4.4
43.8   17.4809   4.4
43.82   18.8085   4.4
43.84   20.3584   4.51203
43.86   22.1728   4.7088
43.88   24.3057   4.93008
43.9   25.7836   5.07776
43.92   28.8132   5.36779
43.94   32.443   5.69588
43.96   36.8357   6.06924
43.98   42.2131   6.49716
44   48.8834   6.99167
44.02   57.2844   7.56865
44.04   68.0533   8.24944
44.06   82.1495   9.06363
44.08   101.097   10.0547
44.1   127.543   11.2935
44.12   166.562   12.9059
44.14   228.274   15.1087
44.16   331.377   18.2038
44.18   504.475   22.4605
44.2   778.163   27.8956
44.22   1147.69   33.8776
44.24   1461.14   38.2249
44.26   1424.11   37.7374
44.28   1079.45   32.855
44.3   721.993   26.8699
44.32   467.553   21.623
44.34   309.142   17.5824
44.36   215.135   14.6675
44.38   158.485   12.5891
44.4   122.228   11.0557
44.42   97.381   9.86818
44.44   79.4426   8.91306
44.46   66.0298   8.12587
44.48   55.7446   7.46623
44.5   47.6972   6.90632
44.52   41.2924   6.42592
44.54   36.1196   6.00996
44.56   31.8882   5.64696
44.58   28.3887   5.32811
44.6   25.4672   5.0465
44.62   23.0085   4.79672
44.64   20.9258   4.57447
44.66   19.1524   4.4
44.68   17.6369   4.4
44.7   16.3396   4.4
44.72   15.2294   4.4
44.74   14.2827   4.4
44.76   13.4816   4.4
44.78   12.813   4.4
44.8   12.2689   4.4
44.82   11.7551   4.4
44.84   11.4555   4.4
44.86   11.2839   4.4
44.88   11.254   4.4
44.9   11.3891   4.4
44.92   11.7263   4.4
44.94   12.3237   4.4
44.96   13.2743   4.4
44.98   14.7359   4.4
45   17.0021   4.4
45.02   20.6585   4.54516
45.04   26.8442   5.18114
45.06   37.4807   6.12215
45.08   55.0686   7.42082
45.1   81.126   9.007
45.12   110.254   10.5002
45.14   121.513   11.0233
45.16   102.046   10.1018
45.18   72.0305   8.48708
45.2   48.0087   6.92883
45.22   32.3235   5.68537
45.24   22.8457   4.77972
45.26   17.168   4.4
45.28   13.6017   4.4
45.3   11.1951   4.4
45.32   9.46661   4.4
45.34   8.16999   4.4
45.36   7.16702   4.4
45.38   6.37236   4.4
45.4   5.72988   4.4
45.42   5.7783   4.4
45.44   5.35275   4.4
45.46   4.99548   4.4
45.48   4.69236   4.4
45.5   4.43286   4.4
45.52   4.209   4.4
45.54   4.01466   4.4
45.56   3.84506   4.4
45.58   3.69646   4.4
45.6   3.56586   4.4
45.62   3.45087   4.4
45.64   3.34955   4.4
45.66   3.26033   4.4
45.68   3.18192   4.4
45.7   3.11326   4.4
45.72   3.05348   4.4
45.74   1.61335   4.4
45.76   1.60578   4.4
45.78   1.60391   4.4
45.8   1.60743   4.4
45.82   1.6161   4.4
45.84   1.62978   4.4
45.86   1.64835   4.4
45.88   1.67178   4.4
45.9   1.70007   4.4
45.92   1.73328   4.4
45.94   1.77154   4.4
45.96   1.81499   4.4
45.98   1.86385   4.4
46   1.91838   4.4
46.02   1.97892   4.4
46.04   2.04584   4.4
46.06   2.11961   4.4
46.08   2.20075   4.4
46.1   2.28989   4.4
46.12   2.38773   4.4
46.14   2.4951   4.4
46.16   2.61296   4.4
46.18   2.74242   4.4
46.2   2.88474   4.4
46.22   3.04142   4.4
46.24   3.21418   4.4
46.26   3.40505   4.4
46.28   3.67213   4.4
46.3   3.90828   4.4
46.32   4.17106   4.4
46.34   4.46437   4.4
46.36   4.7929   4.4
46.38   5.1623   4.4
46.4   5.57939   4.4
46.42   6.05252   4.4
46.44   6.59194   4.4
46.46   7.21034   4.4
46.48   7.92367   4.4
46.5   8.75204   4.4
46.52   9.72119   4.4
46.54   10.8645   4.4
46.56   12.2256   4.4
46.58   13.863   4.4
46.6   15.7416   4.4
46.62   18.201   4.4
46.64   21.2776   4.61276
46.66   25.1923   5.01919
46.68   30.2737   5.50216
46.7   37.0325   6.08543
46.72   46.3253   6.80627
46.74   59.7444   7.72945
46.76   80.46   8.96995
46.78   114.564   10.7034
46.8   172.117   13.1193
46.82   265.73   16.3012
46.84   401.451   20.0363
46.86   545.56   23.3572
46.88   587.198   24.2322
46.9   478.858   21.8828
46.92   329.814   18.1608
46.94   214.373   14.6415
46.96   140.093   11.8361
46.98   95.62   9.77855
47   69.1354   8.31477
47.02   52.5796   7.25118
47.04   41.4848   6.44087
47.06   33.6008   5.79662
47.08   27.7695   5.26968
47.1   23.3352   4.83066
47.12   19.8904   4.45986
47.14   17.1661   4.4
47.16   14.9787   4.4
47.18   13.1995   4.4
47.2   11.7362   4.4
47.22   10.5214   4.4
47.24   9.50528   4.4
47.26   8.65032   4.4
47.28   7.92809   4.4
47.3   7.31691   4.4
47.32   6.80021   4.4
47.34   6.36545   4.4
47.36   6.00336   4.4
47.38   5.70743   4.4
47.4   5.47373   4.4
47.42   5.30078   4.4
47.44   5.18983   4.4
47.46   5.14529   4.4
47.48   5.17571   4.4
47.5   5.29533   4.4
47.52   5.52684   4.4
47.54   5.90626   4.4
47.56   6.49304   4.4
47.58   7.39341   4.4
47.6   8.81499   4.4
47.62   11.1721   4.4
47.64   15.2175   4.4
47.66   22.067   4.69755
47.68   32.8223   5.72908
47.7   46.8983   6.84823
47.72   57.5223   7.58434
47.74   54.0552   7.35222
47.76   40.3813   6.35463
47.78   27.2394   5.21914
47.8   18.0967   4.4
47.82   12.4402   4.4
47.84   9.06727   4.4
47.86   7.00384   4.4
47.88   5.65545   4.4
47.9   4.71149   4.4
47.92   4.01595   4.4
47.94   3.5021   4.4
47.96   3.08678   4.4
47.98   2.75447   4.4
48   2.48365   4.4
48.02   2.25936   4.4
48.04   2.07097   4.4
48.06   1.91074   4.4
48.08   1.77295   4.4
48.1   1.65329   4.4
48.12   1.54847   4.4
48.14   1.45592   4.4
48.16   1.37363   4.4
48.18   1.30002   4.4
48.2   1.23378   4.4
48.22   1.17388   4.4
48.24   1.11946   4.4
48.26   1.06982   4.4
48.28   1.02437   4.4
48.3   0.982619   4.4
48.32   0.944153   4.4
48.34   0.339281   4.4
48.36   0.321593   4.4
48.38   0.305677   4.4
48.4   0.291342   4.4
48.42   0.278426   4.4
48.44   0.266791   4.4
48.46   0.256318   4.4
48.48   0.246907   4.4
48.5   0.238471   4.4
48.52   0.230938   4.4
48.54   0.224246   4.4
48.56   0.218343   4.4
48.58   0.213188   4.4
48.6   0.208747   4.4
48.62   0.204995   4.4
48.64   0.201913   4.4
48.66   0.19949   4.4
48.68   0.197725   4.4
48.7   0.196621   4.4
48.72   0.196191   4.4
48.74   0.675255   4.4
48.76   0.68951   4.4
48.78   0.70509   4.4
48.8   0.722079   4.4
48.82   0.74058   4.4
48.84   0.760712   4.4
48.86   0.782617   4.4
48.88   0.806465   4.4
48.9   0.832459   4.4
48.92   0.86084   4.4
48.94   0.8919   4.4
48.96   0.925992   4.4
48.98   0.963549   4.4
49   1.0051   4.4
49.02   1.05132   4.4
49.04   1.10305   4.4
49.06   1.16135   4.4
49.08   1.22763   4.4
49.1   1.30373   4.4
49.12   1.39212   4.4
49.14   1.49618   4.4
49.16   1.62065   4.4
49.18   1.77234   4.4
49.2   1.9077   4.4
49.22   2.15106   4.4
49.24   2.47369   4.4
49.26   2.92482   4.4
49.28   3.60244   4.4
49.3   4.69321   4.4
49.32   6.50053   4.4
49.34   9.39333   4.4
49.36   13.5088   4.4
49.38   17.7052   4.4
49.4   18.6435   4.4
49.42   15.3304   4.4
49.44   11.0861   4.4
49.46   7.89579   4.4
49.48   5.90093   4.4
49.5   4.75871   4.4
49.52   4.13061   4.4
49.54   3.79076   4.4
49.56   3.61605   4.4
49.58   3.82618   4.4
49.6   3.83711   4.4
49.62   3.90554   4.4
49.64   4.02239   4.4
49.66   4.18292   4.4
49.68   4.38537   4.4
49.7   4.63017   4.4
49.72   4.91964   4.4
49.74   5.25787   4.4
49.76   5.65074   4.4
49.78   6.1062   4.4
49.8   6.6346   4.4
49.82   7.24935   4.4
49.84   7.96771   4.4
49.86   8.81205   4.4
49.88   9.81158   4.4
49.9   11.0049   4.4
49.92   12.4435   4.4
49.94   14.1978   4.4
49.96   16.3649   4.4
49.98   19.0822   4.4
50   22.5488   4.74856
50.02   27.0622   5.20213
50.04   33.0889   5.7523
50.06   41.4239   6.43614
50.08   53.5666   7.31892
50.1   72.5091   8.51523
50.12   103.909   10.1936
50.14   156.811   12.5224
50.16   241.846   15.5514
50.18   361.59   19.0155
50.2   477.929   21.8616
50.22   492.071   22.1827
50.24   387.709   19.6903
50.26   263.458   16.2314
50.28   171.178   13.0835
50.3   112.77   10.6193
50.32   77.9963   8.83155
50.34   57.2207   7.56443
50.36   44.1258   6.64272
50.38   35.3138   5.94254
50.4   29.0152   5.38657
50.42   24.362   4.93579
50.44   20.8406   4.56515
50.46   18.1286   4.4
50.48   16.0127   4.4
50.5   14.3474   4.4
50.52   13.0311   4.4
50.54   11.9921   4.4
50.56   11.1792   4.4
50.58   10.5558   4.4
50.6   10.0967   4.4
50.62   9.78497   4.4
50.64   9.611   4.4
50.66   9.57154   4.4
50.68   9.66967   4.4
50.7   9.91528   4.4
50.72   10.3263   4.4
50.74   10.931   4.4
50.76   11.7715   4.4
50.78   12.9096   4.4
50.8   14.4365   4.4
50.82   16.4886   4.4
50.84   19.2766   4.4
50.86   23.1473   4.81116
50.88   28.7119   5.35835
50.9   37.241   6.10254
50.92   51.1517   7.15204
50.94   74.6904   8.64236
50.96   113.726   10.6642
50.98   172.93   13.1503
51   244.324   15.6309
51.02   284.17   16.8573
51.04   249.399   15.7924
51.06   178.198   13.3491
51.08   117.256   10.8285
51.1   76.5667   8.75024
51.12   51.8583   7.20127
51.14   37.2019   6.09934
51.16   28.1816   5.30863
51.18   22.2418   4.71612
51.2   18.0724   4.4
51.22   15.0104   4.4
51.24   12.6914   4.4
51.26   10.8942   4.4
51.28   9.47492   4.4
51.3   8.33599   4.4
51.32   7.40955   4.4
51.34   6.64724   4.4
51.36   6.01401   4.4
51.38   5.48402   4.4
51.4   5.03802   4.4
51.42   4.66152   4.4
51.44   4.34365   4.4
51.46   4.07626   4.4
51.48   3.85343   4.4
51.5   3.67113   4.4
51.52   3.52703   4.4
51.54   3.42053   4.4
51.56   3.35289   4.4
51.58   3.32775   4.4
51.6   3.35187   4.4
51.62   3.43659   4.4
51.64   3.60056   4.4
51.66   3.87558   4.4
51.68   4.32036   4.4
51.7   4.5833   4.4
51.72   5.84454   4.4
51.74   8.02465   4.4
51.76   11.6767   4.4
51.78   17.2325   4.4
51.8   23.9035   4.88912
51.82   27.5152   5.24549
51.84   24.1041   4.90959
51.86   17.3627   4.4
51.88   11.6283   4.4
51.9   7.80056   4.4
51.92   5.469   4.4
51.94   4.1707   4.4
51.96   3.30787   4.4
51.98   2.73381   4.4
52   2.32654   4.4
52.02   2.02427   4.4
52.04   1.79295   4.4
52.06   1.61186   4.4
52.08   1.46751   4.4
52.1   1.35076   4.4
52.12   1.25523   4.4
52.14   1.1764   4.4
52.16   1.11101   4.4
52.18   1.05668   4.4
52.2   1.01167   4.4
52.22   0.974705   4.4
52.24   0.944902   4.4
52.26   0.921674   4.4
52.28   0.904705   4.4
52.3   0.893942   4.4
52.32   0.889611   4.4
52.34   0.892265   4.4
52.36   0.902879   4.4
52.38   0.923009   4.4
52.4   0.955064   4.4
52.42   1.00278   4.4
52.44   1.07215   4.4
52.46   1.17353   4.4
52.48   1.05291   4.4
52.5   1.30438   4.4
52.52   1.72092   4.4
52.54   2.42065   4.4
52.56   3.54073   4.4
52.58   5.10782   4.4
52.6   6.60607   4.4
52.62   6.75185   4.4
52.64   5.39041   4.4
52.66   3.80418   4.4
52.68   2.63956   4.4
52.7   3.27609   4.4
52.72   2.8911   4.4
52.74   2.68848   4.4
52.76   2.588   4.4
52.78   2.54655   4.4
52.8   2.54278   4.4
52.82   2.56588   4.4
52.84   2.60992   4.4
52.86   2.67152   4.4
52.88   2.74885   4.4
52.9   2.84108   4.4
52.92   2.94817   4.4
52.94   3.07071   4.4
52.96   3.20985   4.4
52.98   3.3674   4.4
53   3.54578   4.4
53.02   3.74828   4.4
53.04   3.97916   4.4
53.06   4.24405   4.4
53.08   4.55035   4.4
53.1   4.90794   4.4
53.12   5.33019   4.4
53.14   5.8355   4.4
53.16   6.44973   4.4
53.18   7.2101   4.4
53.2   8.17181   4.4
53.22   9.42072   4.4
53.24   11.1011   4.4
53.26   13.4819   4.4
53.28   17.0726   4.4
53.3   22.9488   4.79049
53.32   32.7585   5.7235
53.34   48.5642   6.9688
53.36   71.2287   8.43971
53.38   94.7388   9.73339
53.4   100.64   10.032
53.42   82.4493   9.08016
53.44   58.462   7.64604
53.46   40.2091   6.34107
53.48   28.6607   5.35357
53.5   21.9245   4.68236
53.52   18.0922   4.4
53.54   15.8795   4.4
53.56   14.5819   4.4
53.58   13.8485   4.4
53.6   13.5019   4.4
53.62   13.4458   4.4
53.64   13.6248   4.4
53.66   14.0076   4.4
53.68   14.579   4.4
53.7   15.3356   4.4
53.72   16.284   4.4
53.74   17.4394   4.4
53.76   18.8266   4.4
53.78   20.4803   4.52552
53.8   22.4481   4.73794
53.82   24.7931   4.97927
53.84   27.5996   5.25353
53.86   30.9798   5.56595
53.88   35.0855   5.9233
53.9   40.124   6.33435
53.92   46.3841   6.81059
53.94   54.276   7.36722
53.96   64.3964   8.02474
53.98   77.6428   8.81152
54   95.4377   9.76922
54.02   120.24   10.9654
54.04   156.751   12.52
54.06   214.349   14.6407
54.08   310.456   17.6198
54.1   471.983   21.7252
54.12   728.383   26.9886
54.14   1077.99   32.8328
54.16   1384.3   37.2062
54.18   1365.26   36.9495
54.2   1042.92   32.2942
54.22   699.48   26.4477
54.24   453.382   21.2928
54.26   299.356   17.3019
54.28   207.884   14.4182
54.3   152.852   12.3633
54.32   117.727   10.8502
54.34   93.7117   9.68048
54.36   76.3995   8.74068
54.38   63.4655   7.96652
54.4   53.5515   7.31789
54.42   45.795   6.7672
54.44   39.6199   6.29443
54.46   34.6287   5.88461
54.48   30.5407   5.52636
54.5   27.153   5.21085
54.52   24.3166   4.93119
54.54   21.9198   4.68186
54.56   19.8779   4.45846
54.58   18.1256   4.4
54.6   16.612   4.4
54.62   15.297   4.4
54.64   14.1487   4.4
54.66   13.1413   4.4
54.68   12.2541   4.4
54.7   11.47   4.4
54.72   10.775   4.4
54.74   10.1576   4.4
54.76   9.60821   4.4
54.78   9.11871   4.4
54.8   8.68239   4.4
54.82   8.2936   4.4
54.84   7.94758   4.4
54.86   7.54735   4.4
54.88   7.27802   4.4
54.9   7.04123   4.4
54.92   6.83468   4.4
54.94   6.65651   4.4
54.96   6.50524   4.4
54.98   6.67483   4.4
55   6.58258   4.4
55.02   6.51525   4.4
55.04   6.47278   4.4
55.06   6.4554   4.4
55.08   6.46372   4.4
55.1   6.49874   4.4
55.12   6.56188   4.4
55.14   6.65507   4.4
55.16   6.78078   4.4
55.18   6.9422   4.4
55.2   7.14329   4.4
55.22   7.38906   4.4
55.24   7.68571   4.4
55.26   8.04104   4.4
55.28   8.46482   4.4
55.3   8.96941   4.4
55.32   9.57052   4.4
55.34   10.2883   4.4
55.36   11.1491   4.4
55.38   12.1871   4.4
55.4   13.4485   4.4
55.42   14.9952   4.4
55.44   16.913   4.4
55.46   19.3224   4.4
55.48   22.3967   4.73252
55.5   26.3932   5.13743
55.52   31.7096   5.63113
55.54   39.0085   6.24568
55.56   49.5119   7.03647
55.58   65.6468   8.10227
55.6   92.1106   9.59743
55.62   136.787   11.6956
55.64   209.847   14.4861
55.66   315.871   17.7728
55.68   434.474   20.844
55.7   478.158   21.8668
55.72   397.7   19.9424
55.74   276.869   16.6394
55.76   180.825   13.4471
55.78   118.489   10.8853
55.8   81.0886   9.00492
55.82   58.8989   7.67456
55.84   45.1432   6.71887
55.86   36.0188   6.00157
55.88   29.605   5.44105
55.9   24.9197   4.99196
55.92   21.4123   4.62735
55.94   18.7441   4.4
55.96   16.6935   4.4
55.98   15.1113   4.4
56   13.8948   4.4
56.02   12.9729   4.4
56.04   12.2963   4.4
56.06   11.8322   4.4
56.08   11.5602   4.4
56.1   11.4706   4.4
56.12   11.5631   4.4
56.14   11.8477   4.4
56.16   12.3453   4.4
56.18   13.0912   4.4
56.2   14.1398   4.4
56.22   15.5723   4.4
56.24   17.5107   4.4
56.26   20.1415   4.48792
56.28   23.7619   4.87462
56.3   28.8865   5.37461
56.32   36.4973   6.0413
56.34   48.5573   6.9683
56.36   68.7373   8.2908
56.38   102.778   10.138
56.4   157.125   12.5349
56.42   232.127   15.2357
56.44   300.349   17.3306
56.46   300.523   17.3356
56.48   232.455   15.2465
56.5   157.283   12.5412
56.52   102.722   10.1352
56.54   68.491   8.27593
56.56   48.151   6.93909
56.58   35.9505   5.99588
56.6   28.2071   5.31104
56.62   22.9498   4.7906
56.64   19.1916   4.4
56.66   16.4148   4.4
56.68   14.3192   4.4
56.7   12.716   4.4
56.72   11.4801   4.4
56.74   10.5268   4.4
56.76   9.79765   4.4
56.78   9.25267   4.4
56.8   8.86467   4.4
56.82   8.61632   4.4
56.84   8.49827   4.4
56.86   8.50818   4.4
56.88   8.65065   4.4
56.9   8.93788   4.4
56.92   9.39132   4.4
56.94   10.0445   4.4
56.96   10.948   4.4
56.98   12.1773   4.4
57   13.8469   4.4
57.02   16.136   4.4
57.04   19.3446   4.4
57.06   24.0276   4.90179
57.08   31.2884   5.59361
57.1   43.2673   6.57779
57.12   63.5672   7.9729
57.14   96.8621   9.84186
57.16   145.484   12.0617
57.18   200.099   14.1456
57.2   220.944   14.8642
57.22   184.519   13.5838
57.24   128.744   11.3465
57.26   84.2635   9.17952
57.28   55.3207   7.43779
57.3   37.9187   6.15782
57.32   27.5709   5.2508
57.34   21.1375   4.59755
57.36   16.8521   4.4
57.38   13.8218   4.4
57.4   11.5899   4.4
57.42   9.90058   4.4
57.44   8.5963   4.4
57.46   7.57376   4.4
57.48   6.76293   4.4
57.5   6.11517   4.4
57.52   5.59623   4.4
57.54   5.18175   4.4
57.56   4.85449   4.4
57.58   4.60254   4.4
57.6   4.41817   4.4
57.62   4.29727   4.4
57.64   4.2391   4.4
57.66   4.24649   4.4
57.68   4.32644   4.4
57.7   4.49142   4.4
57.72   4.7615   4.4
57.74   5.16833   4.4
57.76   5.76243   4.4
57.78   6.62921   4.4
57.8   7.92704   4.4
57.82   9.97153   4.4
57.84   13.3773   4.4
57.86   19.1863   4.4
57.88   28.766   5.3634
57.9   42.986   6.55637
57.92   59.056   7.68479
57.94   65.3956   8.08675
57.96   55.4452   7.44615
57.98   39.0545   6.24936
58   25.8365   5.08296
58.02   17.1981   4.4
58.04   11.9943   4.4
58.06   8.90032   4.4
58.08   6.97989   4.4
58.1   5.70351   4.4
58.12   4.80297   4.4
58.14   4.14142   4.4
58.16   3.64247   4.4
58.18   3.25912   4.4
58.2   2.96068   4.4
58.22   2.72632   4.4
58.24   2.54163   4.4
58.26   2.39645   4.4
58.28   2.2836   4.4
58.3   2.19799   4.4
58.32   2.13616   4.4
58.34   2.09588   4.4
58.36   2.07601   4.4
58.38   2.07646   4.4
58.4   2.09821   4.4
58.42   2.14352   4.4
58.44   2.21638   4.4
58.46   2.32314   4.4
58.48   2.47385   4.4
58.5   2.6847   4.4
58.52   2.98362   4.4
58.54   3.42361   4.4
58.56   4.11068   4.4
58.58   5.24585   4.4
58.6   7.15171   4.4
58.62   10.2104   4.4
58.64   14.5254   4.4
58.66   18.5559   4.4
58.68   19.645   4.43227
58.7   16.0183   4.4
58.72   11.6327   4.4
58.74   8.39152   4.4
58.76   6.37959   4.4
58.78   5.23249   4.4
58.8   4.60416   4.4
58.82   4.26746   4.4
58.84   4.09995   4.4
58.86   4.04137   4.4
58.88   4.06183   4.4
58.9   4.14569   4.4
58.92   4.28489   4.4
58.94   4.4761   4.4
58.96   4.71941   4.4
58.98   5.01778   4.4
59   5.37687   4.4
59.02   5.80522   4.4
59.04   6.31478   4.4
59.06   6.92171   4.4
59.08   7.64772   4.4
59.1   8.52201   4.4
59.12   9.58432   4.4
59.14   10.8893   4.4
59.16   12.5138   4.4
59.18   14.5677   4.4
59.2   17.2127   4.4
59.22   20.6963   4.54932
59.24   25.4221   5.04203
59.26   32.1163   5.66712
59.28   42.2062   6.49663
59.3   58.5018   7.64865
59.32   85.9266   9.26966
59.34   131.342   11.4604
59.36   200.374   14.1554
59.38   284.421   16.8648
59.4   333.313   18.2569
59.42   294.86   17.1715
59.44   211.68   14.5492
59.46   139.701   11.8195
59.48   91.518   9.5665
59.5   62.2969   7.89284
59.52   45.0515   6.71204
59.54   34.5518   5.87808
59.56   27.7418   5.26705
59.58   23.0567   4.80174
59.6   19.7078   4.43934
59.62   17.2647   4.4
59.64   15.4694   4.4
59.66   14.1566   4.4
59.68   13.2177   4.4
59.7   12.5808   4.4
59.72   12.1992   4.4
59.74   12.0447   4.4
59.76   12.1037   4.4
59.78   12.3751   4.4
59.8   12.8701   4.4
59.82   13.6133   4.4
59.84   14.6455   4.4
59.86   16.0284   4.4
59.88   17.8533   4.4
59.9   20.2544   4.50049
59.92   23.4316   4.84062
59.94   27.6911   5.26223
59.96   33.5281   5.79034
59.98   41.8199   6.46683
60   54.2742   7.36711
60.02   74.2837   8.6188
60.04   107.97   10.3909
60.06   164.311   12.8184
60.08   251.929   15.8723
60.1   365.241   19.1113
60.12   447.466   21.1534
60.14   415.756   20.3901
60.16   306.205   17.4987
60.18   203.056   14.2498
60.2   131.899   11.4847
60.22   88.1393   9.38825
60.24   62.1959   7.88644
60.26   46.4254   6.81362
60.28   36.2003   6.01667
60.3   29.1126   5.39561
60.32   23.9524   4.89412
60.34   20.0688   4.47982
60.36   17.0738   4.4
60.38   14.7177   4.4
60.4   12.8324   4.4
60.42   11.3015   4.4
60.44   10.0421   4.4
60.46   8.99419   4.4
60.48   8.11344   4.4
60.5   7.36657   4.4
60.52   6.72822   4.4
60.54   6.17879   4.4
60.56   5.70298   4.4
60.58   5.2887   4.4
60.6   4.92628   4.4
60.62   4.60797   4.4
60.64   4.32746   4.4
60.66   4.0796   4.4
60.68   3.86015   4.4
60.7   3.66563   4.4
60.72   3.49315   4.4
60.74   3.34029   4.4
60.76   3.20506   4.4
60.78   3.0858   4.4
60.8   2.98116   4.4
60.82   3.05754   4.4
60.84   2.98372   4.4
60.86   2.60047   4.4
60.88   2.55897   4.4
60.9   2.52837   4.4
60.92   2.50851   4.4
60.94   2.49939   4.4
60.96   2.50119   4.4
60.98   2.51424   4.4
61   2.53909   4.4
61.02   2.57649   4.4
61.04   2.62746   4.4
61.06   2.69332   4.4
61.08   2.77572   4.4
61.1   2.87681   4.4
61.12   2.99927   4.4
61.14   3.14647   4.4
61.16   3.32272   4.4
61.18   3.53351   4.4
61.2   3.78589   4.4
61.22   4.08905   4.4
61.24   4.45505   4.4
61.26   4.89999   4.4
61.28   5.44569   4.4
61.3   6.12218   4.4
61.32   6.97175   4.4
61.34   8.05526   4.4
61.36   9.46288   4.4
61.38   11.3342   4.4
61.4   13.9015   4.4
61.42   17.5933   4.4
61.44   23.2604   4.82291
61.46   32.55   5.70526
61.48   48.2266   6.94453
61.5   73.9397   8.59882
61.52   111.608   10.5645
61.54   153.238   12.3789
61.56   168.629   12.9857
61.58   140.449   11.8511
61.6   97.5605   9.87727
61.62   63.8693   7.99183
61.64   42.0101   6.48152
61.66   28.9075   5.37657
61.68   21.1491   4.59881
61.7   16.356   4.4
61.72   13.1935   4.4
61.74   10.9876   4.4
61.76   9.39432   4.4
61.78   8.22144   4.4
61.8   7.3512   4.4
61.82   6.70747   4.4
61.84   6.23976   4.4
61.86   5.9145   4.4
61.88   5.70982   4.4
61.9   5.61254   4.4
61.92   5.61637   4.4
61.94   5.72114   4.4
61.96   5.93279   4.4
61.98   6.26407   4.4
62   6.73625   4.4
62.02   7.38201   4.4
62.04   8.25046   4.4
62.06   9.41551   4.4
62.08   10.991   4.4
62.1   13.1613   4.4
62.12   16.2533   4.4
62.14   20.9029   4.57197
62.16   28.3743   5.32675
62.18   40.9554   6.39964
62.2   62.0232   7.87548
62.22   94.8439   9.73878
62.24   137.445   11.7237
62.26   168.967   12.9987
62.28   157.804   12.562
62.3   116.702   10.8029
62.32   77.6451   8.81165
62.34   50.6269   7.11526
62.36   33.9999   5.83094
62.38   24.1529   4.91456
62.4   18.1848   4.4
62.42   14.3336   4.4
62.44   11.681   4.4
62.46   9.76613   4.4
62.48   8.34208   4.4
62.5   7.2623   4.4
62.52   6.43322   4.4
62.54   5.79257   4.4
62.56   5.29804   4.4
62.58   4.92062   4.4
62.6   4.64059   4.4
62.62   4.44506   4.4
62.64   4.32651   4.4
62.66   4.28205   4.4
62.68   4.31325   4.4
62.7   4.42657   4.4
62.72   4.63445   4.4
62.74   4.95734   4.4
62.76   5.42739   4.4
62.78   6.09489   4.4
62.8   7.04132   4.4
62.82   8.40914   4.4
62.84   10.4721   4.4
62.86   13.7782   4.4
62.88   19.3476   4.4
62.9   28.7621   5.36303
62.92   43.8755   6.62386
62.94   64.4151   8.0259
62.96   82.5757   9.08712
62.98   81.6967   9.03862
63   62.7506   7.92153
63.02   42.2426   6.49943
63.04   27.5963   5.25322
63.06   18.4302   4.4
63.08   12.979   4.4
63.1   9.69521   4.4
63.12   7.5968   4.4
63.14   6.16034   4.4
63.16   5.1236   4.4
63.18   4.34839   4.4
63.2   3.75407   4.4
63.22   3.28953   4.4
63.24   2.92067   4.4
63.26   2.62402   4.4
63.28   2.38309   4.4
63.3   2.18609   4.4
63.32   2.02444   4.4
63.34   1.89194   4.4
63.36   1.78408   4.4
63.38   1.6977   4.4
63.4   1.63075   4.4
63.42   1.58223   4.4
63.44   1.55215   4.4
63.46   1.54181   4.4
63.48   1.55416   4.4
63.5   1.59486   4.4
63.52   1.67455   4.4
63.54   1.81449   4.4
63.56   2.05777   4.4
63.58   2.48495   4.4
63.6   3.32385   4.4
63.62   4.50668   4.4
63.64   6.12411   4.4
63.66   7.53824   4.4
63.68   7.44438   4.4
63.7   5.95834   4.4
63.72   4.3859   4.4
63.74   3.10682   4.4
63.76   2.4256   4.4
63.78   2.03845   4.4
63.8   1.82523   4.4
63.82   1.7103   4.4
63.84   1.65389   4.4
63.86   1.63663   4.4
63.88   1.64896   4.4
63.9   1.68604   4.4
63.92   1.74563   4.4
63.94   1.82727   4.4
63.96   1.93186   4.4
63.98   2.06156   4.4
64   2.21984   4.4
64.02   2.41167   4.4
64.04   2.64396   4.4
64.06   2.92612   4.4
64.08   3.271   4.4
64.1   3.69638   4.4
64.12   4.22718   4.4
64.14   4.89904   4.4
64.16   5.76418   4.4
64.18   6.90198   4.4
64.2   8.44041   4.4
64.22   10.6062   4.4
64.24   13.8407   4.4
64.26   19.0193   4.4
64.28   27.7141   5.26442
64.3   42.6673   6.53202
64.32   65.1325   8.07047
64.34   93.8821   9.68928
64.36   114.153   10.6843
64.38   105.316   10.2623
64.4   77.4598   8.80113
64.42   51.6163   7.18445
64.44   33.8974   5.82214
64.46   22.9709   4.7928
64.48   16.5725   4.4
64.5   12.7099   4.4
64.52   10.2324   4.4
64.54   8.54351   4.4
64.56   7.34394   4.4
64.58   6.47294   4.4
64.6   5.8352   4.4
64.62   5.37023   4.4
64.64   5.03834   4.4
64.66   4.8133   4.4
64.68   4.67805   4.4
64.7   4.62226   4.4
64.72   4.64087   4.4
64.74   4.73345   4.4
64.76   4.90414   4.4
64.78   5.16219   4.4
64.8   5.52324   4.4
64.82   6.01162   4.4
64.84   6.66422   4.4
64.86   7.53737   4.4
64.88   8.71979   4.4
64.9   10.361   4.4
64.92   12.7391   4.4
64.94   16.4081   4.4
64.96   22.4365   4.73672
64.98   32.6026   5.70987
65   49.1637   7.01168
65.02   73.3059   8.56189
65.04   99.4045   9.97018
65.06   107.921   10.3885
65.08   89.2775   9.44868
65.1   62.6193   7.91324
65.12   41.794   6.46482
65.14   28.4012   5.32928
65.16   20.4401   4.52108
65.18   15.7913   4.4
65.2   12.9822   4.4
65.22   11.1973   4.4
65.24   10.0277   4.4
65.26   9.2662   4.4
65.28   8.7991   4.4
65.3   8.55943   4.4
65.32   8.50727   4.4
65.34   8.62044   4.4
65.36   8.88963   4.4
65.38   9.31602   4.4
65.4   9.91051   4.4
65.42   10.6942   4.4
65.44   11.7002   4.4
65.46   12.9771   4.4
65.48   14.5946   4.4
65.5   16.6523   4.4
65.52   19.2946   4.4
65.54   22.7349   4.76811
65.56   27.2993   5.22487
65.58   33.517   5.78939
65.6   42.3319   6.5063
65.62   55.5896   7.45584
65.64   77.1781   8.78511
65.66   113.14   10.6367
65.68   173.033   13.1542
65.7   265.259   16.2868
65.72   381.383   19.529
65.74   458.358   21.4093
65.76   416.218   20.4014
65.78   302.468   17.3916
65.8   199.595   14.1278
65.82   129.604   11.3844
65.84   86.6991   9.31123
65.86   61.3449   7.8323
65.88   45.8789   6.7734
65.9   35.803   5.98356
65.92   28.7937   5.36598
65.94   23.6812   4.86633
65.96   19.8308   4.45318
65.98   16.8615   4.4
66   14.5269   4.4
66.02   12.6609   4.4
66.04   11.1478   4.4
66.06   9.90565   4.4
66.08   8.87471   4.4
66.1   8.01092   4.4
66.12   7.28117   4.4
66.14   6.66023   4.4
66.16   6.1286   4.4
66.18   5.67108   4.4
66.2   5.27565   4.4
66.22   4.93275   4.4
66.24   4.63471   4.4
66.26   4.37532   4.4
66.28   4.14956   4.4
66.3   3.95332   4.4
66.32   3.78325   4.4
66.34   3.71814   4.4
66.36   3.59506   4.4
66.38   3.49153   4.4
66.4   3.40616   4.4
66.42   3.33788   4.4
66.44   3.28591   4.4
66.46   3.24976   4.4
66.48   3.22919   4.4
66.5   3.22421   4.4
66.52   3.13304   4.4
66.54   3.16314   4.4
66.56   3.21047   4.4
66.58   3.27626   4.4
66.6   3.36216   4.4
66.62   3.47029   4.4
66.64   3.60336   4.4
66.66   3.7648   4.4
66.68   3.95895   4.4
66.7   4.19131   4.4
66.72   4.46889   4.4
66.74   4.80066   4.4
66.76   5.19823   4.4
66.78   5.67678   4.4
66.8   6.25639   4.4
66.82   6.96406   4.4
66.84   7.83664   4.4
66.86   8.92541   4.4
66.88   10.3032   4.4
66.9   12.0763   4.4
66.92   14.4049   4.4
66.94   17.5443   4.4
66.96   21.9393   4.68394
66.98   28.4462   5.33349
67   38.7708   6.22662
67.02   56.0843   7.48895
67.04   85.064   9.22301
67.06   130.708   11.4328
67.08   191.727   13.8465
67.1   241.787   15.5495
67.12   233.003   15.2644
67.14   175.526   13.2486
67.16   117.382   10.8343
67.18   76.3318   8.7368
67.2   50.8654   7.132
67.22   35.3379   5.94457
67.24   26.2516   5.12363
67.26   20.4381   4.52086
67.28   16.4628   4.4
67.3   13.6071   4.4
67.32   11.4897   4.4
67.34   9.88678   4.4
67.36   8.65624   4.4
67.38   7.70377   4.4
67.4   6.96535   4.4
67.42   6.39704   4.4
67.44   5.96888   4.4
67.46   5.66114   4.4
67.48   5.46209   4.4
67.5   5.36696   4.4
67.52   5.37775   4.4
67.54   5.50402   4.4
67.56   5.76484   4.4
67.58   6.19268   4.4
67.6   6.84067   4.4
67.62   7.79793   4.4
67.64   9.22566   4.4
67.66   11.5896   4.4
67.68   15.2282   4.4
67.7   21.4223   4.62843
67.72   31.8265   5.6415
67.74   47.9962   6.92793
67.76   68.7227   8.28992
67.78   83.321   9.12804
67.8   76.8536   8.76662
67.82   56.6185   7.52453
67.84   37.8412   6.15152
67.86   24.9481   4.9948
67.88   17.0311   4.4
67.9   12.336   4.4
67.92   9.4778   4.4
67.94   7.62313   4.4
67.96   6.33946   4.4
67.98   5.40955   4.4
68   4.71639   4.4
68.02   4.19033   4.4
68.04   3.78682   4.4
68.06   3.47627   4.4
68.08   3.23867   4.4
68.1   3.06047   4.4
68.12   2.93269   4.4
68.14   2.84984   4.4
68.16   2.8093   4.4
68.18   2.8111   4.4
68.2   2.85806   4.4
68.22   2.95639   4.4
68.24   3.1168   4.4
68.26   3.35663   4.4
68.28   3.70389   4.4
68.3   4.20609   4.4
68.32   4.95138   4.4
68.34   6.1154   4.4
68.36   8.04083   4.4
68.38   11.3108   4.4
68.4   16.6964   4.4
68.42   24.7053   4.97044
68.44   33.8384   5.81708
68.46   37.8059   6.14865
68.48   32.197   5.67424
68.5   22.9778   4.79352
68.52   15.5016   4.4
68.54   10.6223   4.4
68.56   7.70455   4.4
68.58   5.76436   4.4
68.6   4.74307   4.4
68.62   4.09858   4.4
68.64   3.67877   4.4
68.66   3.4072   4.4
68.68   3.24248   4.4
68.7   3.16059   4.4
68.72   3.14752   4.4
68.74   3.19573   4.4
68.76   3.30254   4.4
68.78   3.46926   4.4
68.8   3.70101   4.4
68.82   4.00711   4.4
68.84   4.40192   4.4
68.86   4.90647   4.4
68.88   5.55114   4.4
68.9   6.37994   4.4
68.92   7.45765   4.4
68.94   8.88241   4.4
68.96   10.8105   4.4
68.98   13.5133   4.4
69   17.5112   4.4
69.02   23.8425   4.88288
69.04   34.4298   5.86769
69.06   52.2266   7.22679
69.08   80.4203   8.96774
69.1   118.645   10.8924
69.12   151.494   12.3083
69.14   148.342   12.1796
69.16   112.823   10.6218
69.18   75.5967   8.69463
69.2   49.007   7.0005
69.22   32.4269   5.69446
69.24   22.5813   4.75198
69.26   16.5705   4.4
69.28   12.7767   4.4
69.3   10.1773   4.4
69.32   8.30005   4.4
69.34   6.89529   4.4
69.36   5.81683   4.4
69.38   4.97167   4.4
69.4   4.2976   4.4
69.42   3.7517   4.4
69.44   3.30361   4.4
69.46   2.93139   4.4
69.48   2.61888   4.4
69.5   2.35401   4.4
69.52   2.12757   4.4
69.54   1.93249   4.4
69.56   1.76323   4.4
69.58   1.61542   4.4
69.6   1.48559   4.4
69.62   1.37094   4.4
69.64   1.26917   4.4
69.66   1.17843   4.4
69.68   1.09718   4.4
69.7   1.02412   4.4
69.72   0.958202   4.4
69.74   0.898511   4.4
69.76   0.844286   4.4
69.78   0.794876   4.4
69.8   0.749726   4.4
69.82   0.708357   4.4
69.84   0.670356   4.4
69.86   0.635366   4.4
69.88   0.603076   4.4
69.9   0.573213   4.4
69.92   0.510323   4.4
69.94   0.48557   4.4
69.96   0.462574   4.4
69.98   0.441171   4.4
70   0.421219   4.4
