1.54056
5   0   4.4
5.02   0   4.4
5.04   0   4.4
5.06   0   4.4
5.08   0   4.4
5.1   0   4.4
5.12   0   4.4
5.14   0   4.4
5.16   0   4.4
5.18   0   4.4
5.2   0   4.4
5.22   0   4.4
5.24   0   4.4
5.26   0   4.4
5.28   0   4.4
5.3   0   4.4
5.32   0   4.4
5.34   0   4.4
5.36   0   4.4
5.38   0   4.4
5.4   0   4.4
5.42   0   4.4
5.44   0   4.4
5.46   0   4.4
5.48   0   4.4
5.5   0   4.4
5.52   0   4.4
5.54   0   4.4
5.56   0   4.4
5.58   0   4.4
5.6   0   4.4
5.62   0   4.4
5.64   0   4.4
5.66   0   4.4
5.68   0   4.4
5.7   0   4.4
5.72   0   4.4
5.74   0   4.4
5.76   0   4.4
5.78   0   4.4
5.8   0   4.4
5.82   0   4.4
5.84   0   4.4
5.86   0   4.4
5.88   0   4.4
5.9   0   4.4
5.92   0   4.4
5.94   0   4.4
5.96   0   4.4
5.98   0   4.4
6   0   4.4
6.02   0   4.4
6.04   0   4.4
6.06   0   4.4
6.08   0   4.4
6.1   0   4.4
6.12   0   4.4
6.14   0   4.4
6.16   0   4.4
6.18   0   4.4
6.2   0   4.4
6.22   0   4.4
6.24   0   4.4
6.26   0   4.4
6.28   0   4.4
6.3   0   4.4
6.32   0   4.4
6.34   0   4.4
6.36   0   4.4
6.38   0   4.4
6.4   0   4.4
6.42   0   4.4
6.44   0   4.4
6.46   0   4.4
6.48   0   4.4
6.5   0   4.4
6.52   0   4.4
6.54   0   4.4
6.56   0   4.4
6.58   0   4.4
6.6   0   4.4
6.62   0   4.4
6.64   0   4.4
6.66   0   4.4
6.68   0   4.4
6.7   0   4.4
6.72   0   4.4
6.74   0   4.4
6.76   0   4.4
6.78   0   4.4
6.8   0   4.4
6.82   0   4.4
6.84   0   4.4
6.86   0   4.4
6.88   0   4.4
6.9   0   4.4
6.92   0   4.4
6.94   0   4.4
6.96   0   4.4
6.98   0   4.4
7   0   4.4
7.02   0   4.4
7.04   0   4.4
7.06   0   4.4
7.08   0   4.4
7.1   0   4.4
7.12   0   4.4
7.14   0   4.4
7.16   0   4.4
7.18   0   4.4
7.2   0   4.4
7.22   0   4.4
7.24   0   4.4
7.26   0   4.4
7.28   0   4.4
7.3   0   4.4
7.32   0   4.4
7.34   0   4.4
7.36   0   4.4
7.38   0   4.4
7.4   0   4.4
7.42   0   4.4
7.44   0   4.4
7.46   0   4.4
7.48   0   4.4
7.5   0   4.4
7.52   0   4.4
7.54   0   4.4
7.56   0   4.4
7.58   0   4.4
7.6   0   4.4
7.62   0   4.4
7.64   0   4.4
7.66   0   4.4
7.68   0   4.4
7.7   0   4.4
7.72   0   4.4
7.74   0   4.4
7.76   0   4.4
7.78   0   4.4
7.8   0   4.4
7.82   0   4.4
7.84   0   4.4
7.86   0   4.4
7.88   0   4.4
7.9   0   4.4
7.92   0   4.4
7.94   0   4.4
7.96   0   4.4
7.98   0   4.4
8   0   4.4
8.02   0   4.4
8.04   0   4.4
8.06   0   4.4
8.08   0   4.4
8.1   0   4.4
8.12   0   4.4
8.14   0   4.4
8.16   0   4.4
8.18   0   4.4
8.2   0   4.4
8.22   0   4.4
8.24   0   4.4
8.26   0   4.4
8.28   0   4.4
8.3   0   4.4
8.32   0   4.4
8.34   0   4.4
8.36   0   4.4
8.38   0   4.4
8.4   0   4.4
8.42   0   4.4
8.44   0   4.4
8.46   0   4.4
8.48   0   4.4
8.5   0   4.4
8.52   0   4.4
8.54   0   4.4
8.56   0   4.4
8.58   0   4.4
8.6   0   4.4
8.62   0   4.4
8.64   0   4.4
8.66   0   4.4
8.68   0   4.4
8.7   0   4.4
8.72   0   4.4
8.74   0   4.4
8.76   0   4.4
8.78   0   4.4
8.8   0   4.4
8.82   0   4.4
8.84   0   4.4
8.86   0   4.4
8.88   0   4.4
8.9   5.32396   4.4
8.92   5.47153   4.4
8.94   5.62533   4.4
8.96   5.78569   4.4
8.98   5.95302   4.4
9   6.1277   4.4
9.02   15.3474   4.4
9.04   15.7917   4.4
9.06   16.2555   4.4
9.08   16.7401   4.4
9.1   17.2467   4.4
9.12   17.7766   4.4
9.14   18.3314   4.4
9.16   18.9126   4.4
9.18   19.522   4.41837
9.2   20.1613   4.49013
9.22   20.8325   4.56427
9.24   21.5379   4.6409
9.26   22.2798   4.72015
9.28   23.0608   4.80216
9.3   23.8836   4.88708
9.32   24.7513   4.97506
9.34   25.6672   5.06628
9.36   26.635   5.16091
9.38   27.6587   5.25915
9.4   28.7427   5.36122
9.42   29.8918   5.46734
9.44   31.1113   5.57775
9.46   32.4071   5.69273
9.48   33.7858   5.81256
9.5   35.2546   5.93756
9.52   36.8215   6.06808
9.54   38.4955   6.20448
9.56   40.2866   6.34717
9.58   42.206   6.49661
9.6   44.2663   6.65329
9.62   46.4816   6.81774
9.64   48.8679   6.99056
9.66   51.4435   7.17241
9.68   54.2289   7.36403
9.7   57.2476   7.56621
9.72   60.5265   7.77988
9.74   64.0964   8.00603
9.76   67.9932   8.2458
9.78   72.258   8.50047
9.8   76.9389   8.77148
9.82   82.0922   9.06048
9.84   87.784   9.36931
9.86   94.0923   9.70012
9.88   101.11   10.0554
9.9   108.949   10.4378
9.92   117.742   10.8509
9.94   127.653   11.2983
9.96   138.88   11.7847
9.98   151.67   12.3154
10   166.329   12.8969
10.02   183.244   13.5368
10.04   202.906   14.2445
10.06   225.953   15.0317
10.08   253.216   15.9128
10.1   285.803   16.9057
10.12   325.214   18.0337
10.14   373.523   19.3267
10.16   433.664   20.8246
10.18   509.911   22.5812
10.2   608.789   24.6736
10.22   741.036   27.222
10.24   926.145   30.4326
10.26   1201.68   34.6653
10.28   1636.99   40.4598
10.3   2341.91   48.3933
10.32   3447.74   58.7175
10.34   5000.86   70.7168
10.36   6602.64   81.2566
10.38   7247.14   85.1301
10.4   6977.28   83.5301
10.42   7092.58   84.2175
10.44   8225.39   90.694
10.46   9819.69   99.0944
10.48   10000   100
10.5   8018.5   89.5461
10.52   5550.16   74.4994
10.54   3670.96   60.5884
10.56   2459.09   49.5892
10.58   1724.08   41.5221
10.6   1277.05   35.7359
10.62   990.677   31.475
10.64   794.358   28.1844
10.66   652.147   25.5372
10.68   545.19   23.3493
10.7   462.591   21.5079
10.72   397.467   19.9366
10.74   345.22   18.5801
10.76   302.666   17.3973
10.78   267.547   16.3569
10.8   238.225   15.4345
10.82   213.489   14.6113
10.84   192.428   13.8718
10.86   174.348   13.2041
10.88   158.71   12.598
10.9   145.093   12.0455
10.92   133.162   11.5396
10.94   122.649   11.0747
10.96   113.337   10.646
10.98   105.05   10.2494
11   97.6426   9.88143
11.02   90.9939   9.53907
11.04   85.0037   9.21975
11.06   79.5876   8.92119
11.08   74.6745   8.64144
11.1   70.2037   8.37876
11.12   66.1236   8.13164
11.14   62.3899   7.89873
11.16   58.9644   7.67883
11.18   55.814   7.47088
11.2   52.91   7.27393
11.22   50.2274   7.08713
11.24   47.744   6.90971
11.26   45.4407   6.74098
11.28   43.3005   6.58031
11.3   41.3082   6.42714
11.32   39.4505   6.28096
11.34   37.7155   6.1413
11.36   36.0927   6.00772
11.38   34.5726   5.87985
11.4   33.1467   5.75731
11.42   31.8073   5.63979
11.44   30.5476   5.52698
11.46   29.3613   5.41861
11.48   28.2429   5.31441
11.5   27.1873   5.21415
11.52   26.1899   5.1176
11.54   25.2464   5.02458
11.56   24.353   4.93488
11.58   23.5063   4.84833
11.6   22.703   4.76477
11.62   21.9403   4.68405
11.64   21.2154   4.60602
11.66   20.5259   4.53055
11.68   19.8694   4.45751
11.7   19.244   4.4
11.72   18.6477   4.4
11.74   18.0787   4.4
11.76   17.5354   4.4
11.78   17.0162   4.4
11.8   16.5198   4.4
11.82   16.0448   4.4
11.84   15.59   4.4
11.86   9.95413   4.4
11.88   9.67324   4.4
11.9   9.40408   4.4
11.92   9.14598   4.4
11.94   0   4.4
11.96   0   4.4
11.98   0   4.4
12   0   4.4
12.02   0   4.4
12.04   0   4.4
12.06   0   4.4
12.08   0   4.4
12.1   0   4.4
12.12   0   4.4
12.14   0   4.4
12.16   0   4.4
12.18   0   4.4
12.2   0   4.4
12.22   0   4.4
12.24   0   4.4
12.26   0   4.4
12.28   0   4.4
12.3   0   4.4
12.32   0   4.4
12.34   0   4.4
12.36   0   4.4
12.38   0   4.4
12.4   0   4.4
12.42   0   4.4
12.44   0   4.4
12.46   0   4.4
12.48   0   4.4
12.5   0   4.4
12.52   0   4.4
12.54   0   4.4
12.56   0   4.4
12.58   0   4.4
12.6   0   4.4
12.62   0   4.4
12.64   0   4.4
12.66   0   4.4
12.68   0   4.4
12.7   0.049127   4.4
12.72   0.0505207   4.4
12.74   0.0519745   4.4
12.76   0.053492   4.4
12.78   0.0550768   4.4
12.8   0.0567332   4.4
12.82   0.0584653   4.4
12.84   0.060278   4.4
12.86   0.0621762   4.4
12.88   0.0641655   4.4
12.9   0.0662518   4.4
12.92   0.0684415   4.4
12.94   0.0707414   4.4
12.96   0.0731592   4.4
12.98   0.075703   4.4
13   0.0783817   4.4
13.02   0.0812051   4.4
13.04   0.0841837   4.4
13.06   0.0873292   4.4
13.08   0.0906541   4.4
13.1   0.0941725   4.4
13.12   0.0978995   4.4
13.14   0.101852   4.4
13.16   0.106049   4.4
13.18   0.11051   4.4
13.2   0.115259   4.4
13.22   0.120319   4.4
13.24   0.125721   4.4
13.26   0.131494   4.4
13.28   0.137673   4.4
13.3   0.144299   4.4
13.32   0.151413   4.4
13.34   0.159066   4.4
13.36   0.167314   4.4
13.38   0.176219   4.4
13.4   0.185853   4.4
13.42   0.196298   4.4
13.44   0.207648   4.4
13.46   0.220009   4.4
13.48   0.233505   4.4
13.5   0.24828   4.4
13.52   0.264499   4.4
13.54   0.282358   4.4
13.56   0.302083   4.4
13.58   0.323944   4.4
13.6   0.348259   4.4
13.62   0.375409   4.4
13.64   0.405852   4.4
13.66   0.440138   4.4
13.68   0.478941   4.4
13.7   0.523087   4.4
13.72   0.573598   4.4
13.74   0.631753   4.4
13.76   0.699165   4.4
13.78   0.777895   4.4
13.8   0.870604   4.4
13.82   0.980778   4.4
13.84   1.11305   4.4
13.86   1.27367   4.4
13.88   1.47125   4.4
13.9   1.71786   4.4
13.92   2.03084   4.4
13.94   2.43583   4.4
13.96   2.97234   4.4
13.98   3.70571   4.4
14   4.75551   4.4
14.02   6.35858   4.4
14.04   8.97617   4.4
14.06   13.3937   4.4
14.08   20.6516   4.54441
14.1   31.4431   5.60742
14.12   43.779   6.61657
14.14   49.2084   7.01487
14.16   41.6893   6.45672
14.18   29.2141   5.405
14.2   19.0578   4.4
14.22   12.4002   4.4
14.24   8.38759   4.4
14.26   6.00524   4.4
14.28   4.53021   4.4
14.3   3.5517   4.4
14.32   2.86132   4.4
14.34   2.3529   4.4
14.36   1.96728   4.4
14.38   1.66812   4.4
14.4   1.43165   4.4
14.42   1.24165   4.4
14.44   1.08681   4.4
14.46   0.959012   4.4
14.48   0.852359   4.4
14.5   0.762455   4.4
14.52   0.685986   4.4
14.54   0.620416   4.4
14.56   0.563776   4.4
14.58   0.514523   4.4
14.6   0.47143   4.4
14.62   0.433515   4.4
14.64   0.399982   4.4
14.66   0.370184   4.4
14.68   0.343587   4.4
14.7   0.319749   4.4
14.72   0.298303   4.4
14.74   0.27894   4.4
14.76   0.261399   4.4
14.78   0.245459   4.4
14.8   0.230931   4.4
14.82   0.217654   4.4
14.84   0.205488   4.4
14.86   0.194312   4.4
14.88   0.184023   4.4
14.9   0.174528   4.4
14.92   0.165749   4.4
14.94   0.157616   4.4
14.96   0.150066   4.4
14.98   0.143045   4.4
15   0.136505   4.4
15.02   0.130403   4.4
15.04   0.124701   4.4
15.06   0.119364   4.4
15.08   0.114363   4.4
15.1   0.109669   4.4
15.12   0.105258   4.4
15.14   0.101107   4.4
15.16   0.0971977   4.4
15.18   0.0935102   4.4
15.2   0.0900285   4.4
15.22   0.0867376   4.4
15.24   0.0836238   4.4
15.26   0.0806745   4.4
15.28   0.0778785   4.4
15.3   0.0752253   4.4
15.32   0.0727053   4.4
15.34   0.0703098   4.4
15.36   0.0680307   4.4
15.38   0.0658606   4.4
15.4   0.0637926   4.4
15.42   0.0618205   4.4
15.44   0.0599383   4.4
15.46   0.0581408   4.4
15.48   0.056423   4.4
15.5   0.0547801   4.4
15.52   0.0532079   4.4
15.54   0.0517024   4.4
15.56   0.0502599   4.4
15.58   0.0488769   4.4
15.6   0   4.4
15.62   0   4.4
15.64   0   4.4
15.66   0   4.4
15.68   0   4.4
15.7   0   4.4
15.72   0   4.4
15.74   0   4.4
15.76   0   4.4
15.78   0   4.4
15.8   0   4.4
15.82   0   4.4
15.84   0   4.4
15.86   0   4.4
15.88   0   4.4
15.9   0   4.4
15.92   0   4.4
15.94   0   4.4
15.96   0   4.4
15.98   0   4.4
16   0   4.4
16.02   0   4.4
16.04   0   4.4
16.06   0   4.4
16.08   0   4.4
16.1   0   4.4
16.12   0   4.4
16.14   0   4.4
16.16   0   4.4
16.18   0   4.4
16.2   0   4.4
16.22   0   4.4
16.24   0   4.4
16.26   0   4.4
16.28   0   4.4
16.3   0   4.4
16.32   0   4.4
16.34   0   4.4
16.36   0   4.4
16.38   0   4.4
16.4   0   4.4
16.42   0   4.4
16.44   0   4.4
16.46   0   4.4
16.48   0   4.4
16.5   0   4.4
16.52   0   4.4
16.54   0   4.4
16.56   0   4.4
16.58   0   4.4
16.6   0   4.4
16.62   1.88753   4.4
16.64   1.9405   4.4
16.66   1.99574   4.4
16.68   2.05337   4.4
16.7   2.11353   4.4
16.72   2.17638   4.4
16.74   2.24206   4.4
16.76   2.31077   4.4
16.78   2.38268   4.4
16.8   3.34805   4.4
16.82   3.45198   4.4
16.84   3.56085   4.4
16.86   3.67496   4.4
16.88   3.79467   4.4
16.9   3.92034   4.4
16.92   4.05238   4.4
16.94   4.19122   4.4
16.96   4.33735   4.4
16.98   4.49129   4.4
17   4.65359   4.4
17.02   4.8249   4.4
17.04   5.00587   4.4
17.06   5.19726   4.4
17.08   5.39988   4.4
17.1   5.61464   4.4
17.12   5.84253   4.4
17.14   6.08464   4.4
17.16   6.3422   4.4
17.18   6.61653   4.4
17.2   6.90915   4.4
17.22   7.22172   4.4
17.24   7.5561   4.4
17.26   7.91438   4.4
17.28   8.29892   4.4
17.3   8.71234   4.4
17.32   9.15763   4.4
17.34   9.63818   4.4
17.36   10.1578   4.4
17.38   10.7209   4.4
17.4   11.3326   4.4
17.42   11.9984   4.4
17.44   12.7252   4.4
17.46   13.5207   4.4
17.48   14.3937   4.4
17.5   15.3548   4.4
17.52   16.4165   4.4
17.54   17.5932   4.4
17.56   19.963   4.468
17.58   21.4554   4.632
17.6   23.1275   4.8091
17.62   25.0097   5.00097
17.64   27.1394   5.20955
17.66   29.5629   5.43718
17.68   32.3375   5.68661
17.7   35.5356   5.96117
17.72   39.2494   6.26493
17.74   43.5976   6.60285
17.76   48.7356   6.98109
17.78   54.8691   7.40737
17.8   62.276   7.89152
17.82   71.3382   8.44619
17.84   82.5914   9.08798
17.86   96.8062   9.83901
17.88   115.125   10.7297
17.9   139.326   11.8036
17.92   172.395   13.1299
17.94   219.907   14.8292
17.96   292.925   17.1151
17.98   412.481   20.3096
18   612.666   24.7521
18.02   934.796   30.5744
18.04   1393.82   37.3339
18.06   1860.51   43.1336
18.08   1962.23   44.2971
18.1   1595.79   39.9474
18.12   1135.34   33.6948
18.14   804.509   28.3639
18.16   627.845   25.0568
18.18   583.032   24.1461
18.2   651.643   25.5273
18.22   814.494   28.5393
18.24   993.446   31.519
18.26   1004.23   31.6896
18.28   802.113   28.3216
18.3   561.783   23.702
18.32   381.096   19.5217
18.34   264.598   16.2665
18.36   193.403   13.9069
18.38   149.456   12.2252
18.4   120.781   10.99
18.42   100.797   10.0398
18.44   86.151   9.28176
18.46   75.0679   8.66417
18.48   66.5102   8.15538
18.5   59.818   7.73421
18.52   54.5498   7.38578
18.54   50.4024   7.09946
18.56   47.165   6.86768
18.58   44.6913   6.68516
18.6   42.8823   6.54846
18.62   41.6754   6.45565
18.64   41.0386   6.40613
18.66   40.9674   6.40058
18.68   41.4859   6.44095
18.7   42.6492   6.53063
18.72   44.5512   6.67467
18.74   47.3364   6.88014
18.76   51.2201   7.15682
18.78   56.521   7.51805
18.8   63.7159   7.98223
18.82   73.5375   8.5754
18.84   87.1747   9.33674
18.86   106.74   10.3315
18.88   136.35   11.6769
18.9   184.186   13.5715
18.92   264.968   16.2778
18.94   400.188   20.0047
18.96   610.234   24.7029
18.98   880.207   29.6683
19   1072.85   32.7543
19.02   992.188   31.499
19.04   729.687   27.0127
19.06   484.629   22.0143
19.08   316.025   17.7771
19.1   212.397   14.5738
19.12   150.903   12.2843
19.14   113.435   10.6506
19.16   89.0656   9.43746
19.18   72.118   8.49223
19.2   59.7387   7.72908
19.22   50.3896   7.09857
19.24   43.1522   6.56904
19.26   37.4348   6.1184
19.28   32.8388   5.73051
19.3   29.0874   5.39327
19.32   25.9839   5.09744
19.34   23.3856   4.83587
19.36   21.25   4.60978
19.38   19.3735   4.40154
19.4   17.7569   4.4
19.42   16.3533   4.4
19.44   15.1261   4.4
19.46   14.0462   4.4
19.48   13.0904   4.4
19.5   12.24   4.4
19.52   11.4795   4.4
19.54   10.7965   4.4
19.56   8.37647   4.4
19.58   7.87105   4.4
19.6   7.41028   4.4
19.62   6.99268   4.4
19.64   6.61314   4.4
19.66   6.2673   4.4
19.68   5.95142   4.4
19.7   5.66233   4.4
19.72   5.39727   4.4
19.74   4.30447   4.4
19.76   4.10302   4.4
19.78   3.91851   4.4
19.8   3.74945   4.4
19.82   3.59454   4.4
19.84   3.45267   4.4
19.86   3.32288   4.4
19.88   3.20438   4.4
19.9   3.09649   4.4
19.92   2.99866   4.4
19.94   2.91047   4.4
19.96   2.83162   4.4
19.98   2.76194   4.4
20   2.7014   4.4
20.02   2.65011   4.4
20.04   2.60837   4.4
20.06   2.57668   4.4
20.08   2.55582   4.4
20.1   2.5469   4.4
20.12   2.55146   4.4
20.14   2.57166   4.4
20.16   2.61049   4.4
20.18   2.67212   4.4
20.2   2.76245   4.4
20.22   2.88994   4.4
20.24   3.80411   4.4
20.26   4.07075   4.4
20.28   8.30255   4.4
20.3   8.93487   4.4
20.32   9.8396   4.4
20.34   11.234   4.4
20.36   13.4968   4.4
20.38   17.1514   4.4
20.4   22.6165   4.75568
20.42   29.1896   5.40274
20.44   32.9888   5.74359
20.46   30.1702   5.49274
20.48   23.1039   4.80665
20.5   18.0194   4.4
20.52   14.7737   4.4
20.54   12.9958   4.4
20.56   12.1676   4.4
20.58   11.9111   4.4
20.6   12.018   4.4
20.62   12.4002   4.4
20.64   13.0414   4.4
20.66   13.9768   4.4
20.68   15.3025   4.4
20.7   17.2266   4.4
20.72   20.1797   4.49219
20.74   24.9686   4.99686
20.76   32.8397   5.73059
20.78   45.1471   6.71916
20.8   61.7682   7.85927
20.82   76.2658   8.73303
20.84   75.645   8.69742
20.86   61.2456   7.82596
20.88   46.0871   6.78875
20.9   35.5011   5.95828
20.92   29.2748   5.41062
20.94   26.0724   5.10611
20.96   24.7773   4.97768
20.98   24.7408   4.97401
21   25.6323   5.06283
21.02   27.0465   5.20063
21.04   28.0384   5.29513
21.06   28.0042   5.2919
21.08   27.728   5.26574
21.1   27.8887   5.28098
21.12   28.5875   5.34673
21.14   29.7445   5.45386
21.16   31.2737   5.59229
21.18   33.1245   5.75539
21.2   35.2838   5.94002
21.22   37.7649   6.14532
21.24   40.5996   6.37179
21.26   43.8343   6.62075
21.28   47.53   6.8942
21.3   51.7645   7.19475
21.32   56.6364   7.52572
21.34   62.2707   7.89118
21.36   68.8265   8.29617
21.38   76.5085   8.74691
21.4   85.5827   9.25109
21.42   96.3998   9.81834
21.44   109.428   10.4608
21.46   125.306   11.194
21.48   144.918   12.0382
21.5   169.518   13.0199
21.52   200.942   14.1754
21.54   241.997   15.5562
21.56   297.27   17.2415
21.58   374.838   19.3607
21.6   489.534   22.1254
21.62   668.095   25.8475
21.64   955.011   30.9032
21.66   1411.61   37.5714
21.68   2079.66   45.6032
21.7   2903.51   53.8842
21.72   3779.31   61.4761
21.74   4394.7   66.2926
21.76   4073.48   63.8238
21.78   3024.36   54.9942
21.8   2016.5   44.9054
21.82   1314.33   36.2538
21.84   879.231   29.6518
21.86   619.59   24.8916
21.88   461.153   21.4745
21.9   358.272   18.9281
21.92   286.943   16.9394
21.94   234.983   15.3291
21.96   195.847   13.9945
21.98   165.642   12.8702
22   141.862   11.9106
22.02   122.822   11.0825
22.04   107.349   10.3609
22.06   94.6102   9.72678
22.08   84.0013   9.16522
22.1   75.0746   8.66456
22.12   67.4939   8.21547
22.14   61.0026   7.81041
22.16   55.4022   7.44326
22.18   50.5373   7.10896
22.2   46.2848   6.8033
22.22   42.5465   6.52277
22.24   39.2427   6.2644
22.26   36.3088   6.02568
22.28   33.6917   5.80446
22.3   31.3475   5.59888
22.32   29.1783   5.4017
22.34   27.2775   5.22279
22.36   25.5563   5.05532
22.38   23.9929   4.89825
22.4   22.5685   4.75063
22.42   21.2672   4.61164
22.44   20.0752   4.48054
22.46   18.9807   4.4
22.48   17.9733   4.4
22.5   17.0393   4.4
22.52   16.1803   4.4
22.54   15.3848   4.4
22.56   14.6465   4.4
22.58   13.9601   4.4
22.6   13.321   4.4
22.62   12.7248   4.4
22.64   12.1679   4.4
22.66   11.6468   4.4
22.68   11.1587   4.4
22.7   10.7007   4.4
22.72   10.2706   4.4
22.74   9.86605   4.4
22.76   9.48521   4.4
22.78   9.12631   4.4
22.8   8.78776   4.4
22.82   8.46816   4.4
22.84   8.16625   4.4
22.86   7.88091   4.4
22.88   7.6112   4.4
22.9   7.3563   4.4
22.92   7.11564   4.4
22.94   6.88888   4.4
22.96   6.67611   4.4
22.98   6.47826   4.4
23   6.29794   4.4
23.02   6.14084   4.4
23.04   6.01679   4.4
23.06   5.93827   4.4
23.08   5.91098   4.4
23.1   5.89936   4.4
23.12   5.78838   4.4
23.14   5.52931   4.4
23.16   4.50462   4.4
23.18   4.27032   4.4
23.2   4.08319   4.4
23.22   0.0983548   4.4
23.24   0.0710568   4.4
23.26   0.0539826   4.4
23.28   0.0425319   4.4
23.3   0.0343881   4.4
23.32   0.0283584   4.4
23.34   0.0237672   4.4
23.36   0.0201941   4.4
23.38   0.0173618   4.4
23.4   0.0150809   4.4
23.42   0.013218   4.4
23.44   0.0116777   4.4
23.46   0.0103901   4.4
23.48   0.00930309   4.4
23.5   0.00837728   4.4
23.52   0.00758245   4.4
23.54   0.00689513   4.4
23.56   0.00629683   4.4
23.58   0.00577289   4.4
23.6   0.0053115   4.4
23.62   0.00490313   4.4
23.64   0.00453997   4.4
23.66   0.00421562   4.4
23.68   0.00392473   4.4
23.7   0.00366288   4.4
23.72   0.00342632   4.4
23.74   0.00321192   4.4
23.76   0.003017   4.4
23.78   0.00283926   4.4
23.8   0.00267675   4.4
23.82   0.00252778   4.4
23.84   0.0023909   4.4
23.86   0.00226482   4.4
23.88   0.00214844   4.4
23.9   0.0020408   4.4
23.92   0.00194104   4.4
23.94   0.00184841   4.4
23.96   0.00176225   4.4
23.98   0.00168197   4.4
24   0.00160705   4.4
24.02   0.00153702   4.4
24.04   0.00147146   4.4
24.06   0.00141001   4.4
24.08   0.00135233   4.4
24.1   0.00129811   4.4
24.12   0.00124708   4.4
24.14   0.001199   4.4
24.16   0.00115365   4.4
24.18   0.00111083   4.4
24.2   0.00107034   4.4
24.22   0.00103202   4.4
24.24   0.000995725   4.4
24.26   0.00096131   4.4
24.28   0.000928647   4.4
24.3   0.00089762   4.4
24.32   0.000868122   4.4
24.34   0.000840054   4.4
24.36   0.000813324   4.4
24.38   0.000787849   4.4
24.4   0.000763553   4.4
24.42   0.000740362   4.4
24.44   0.000718212   4.4
24.46   0.000697041   4.4
24.48   0.000676792   4.4
24.5   0.000657412   4.4
24.52   0.000638852   4.4
24.54   0.000621068   4.4
24.56   0.000604015   4.4
24.58   0   4.4
24.6   0   4.4
24.62   0   4.4
24.64   0   4.4
24.66   0   4.4
24.68   0   4.4
24.7   0   4.4
24.72   0   4.4
24.74   0   4.4
24.76   0   4.4
24.78   0   4.4
24.8   0   4.4
24.82   0   4.4
24.84   0   4.4
24.86   0   4.4
24.88   0   4.4
24.9   3.13677   4.4
24.92   3.22545   4.4
24.94   3.31793   4.4
24.96   3.41445   4.4
24.98   3.51525   4.4
25   5.59185   4.4
25.02   5.75671   4.4
25.04   5.92897   4.4
25.06   6.1091   4.4
25.08   6.29757   4.4
25.1   6.49492   4.4
25.12   6.7017   4.4
25.14   6.91854   4.4
25.16   7.14609   4.4
25.18   7.38508   4.4
25.2   7.63628   4.4
25.22   7.90054   4.4
25.24   8.17878   4.4
25.26   8.47202   4.4
25.28   8.78135   4.4
25.3   9.10797   4.4
25.32   9.4532   4.4
25.34   9.81848   4.4
25.36   10.2054   4.4
25.38   10.6157   4.4
25.4   11.0513   4.4
25.42   11.5144   4.4
25.44   12.0073   4.4
25.46   12.5326   4.4
25.48   13.0932   4.4
25.5   13.6924   4.4
25.52   14.3339   4.4
25.54   15.0217   4.4
25.56   15.7604   4.4
25.58   16.5551   4.4
25.6   17.4117   4.4
25.62   18.3368   4.4
25.64   19.3379   4.4
25.66   20.4237   4.51926
25.68   21.604   4.64801
25.7   22.8901   4.78436
25.72   24.2952   4.92901
25.74   25.8344   5.08275
25.76   27.5254   5.24646
25.78   29.3889   5.42116
25.8   31.4495   5.60799
25.82   33.7361   5.80828
25.84   36.283   6.02354
25.86   39.1317   6.25553
25.88   42.332   6.5063
25.9   45.9446   6.77825
25.92   50.044   7.07418
25.94   54.7224   7.39746
25.96   60.0948   7.75208
25.98   66.3066   8.14289
26   73.5435   8.57575
26.02   82.0457   9.05791
26.04   92.1283   9.59835
26.06   104.211   10.2084
26.08   118.864   10.9025
26.1   136.875   11.6994
26.12   159.357   12.6236
26.14   187.926   13.7086
26.16   225.017   15.0006
26.18   274.528   16.5689
26.2   343.311   18.5287
26.22   444.592   21.0853
26.24   604.312   24.5828
26.26   868.35   29.4678
26.28   1302.47   36.0898
26.3   1966.36   44.3437
26.32   2803.54   52.9485
26.34   3382.36   58.158
26.36   3168.91   56.2931
26.38   2522.98   50.2292
26.4   2049.76   45.2742
26.42   1940.72   44.0536
26.44   2152.88   46.3992
26.46   2419.64   49.1899
26.48   2281.77   47.7679
26.5   1745.08   41.7742
26.52   1201.28   34.6595
26.54   810.857   28.4756
26.56   562.562   23.7184
26.58   410.406   20.2585
26.6   315.049   17.7496
26.62   251.549   15.8603
26.64   206.461   14.3687
26.66   172.88   13.1484
26.68   147.051   12.1265
26.7   126.715   11.2568
26.72   110.399   10.5071
26.74   97.0998   9.85393
26.76   86.1097   9.27953
26.78   76.9184   8.77031
26.8   69.15   8.31565
26.82   62.5227   7.90713
26.84   56.8216   7.53801
26.86   51.8806   7.20282
26.88   47.5696   6.89707
26.9   45.44   6.74092
26.92   42.1465   6.49203
26.94   39.2321   6.26355
26.96   36.6423   6.05329
26.98   34.3322   5.85937
27   32.2646   5.6802
27.02   30.4087   5.51441
27.04   33.0515   5.74904
27.06   31.6656   5.62722
27.08   30.4299   5.51633
27.1   29.3291   5.41563
27.12   28.3499   5.32446
27.14   27.4812   5.24225
27.16   26.7134   5.1685
27.18   26.0386   5.10281
27.2   25.45   5.0448
27.22   24.9418   4.99418
27.24   24.5094   4.9507
27.26   24.149   4.91416
27.28   23.8575   4.88442
27.3   23.6329   4.86137
27.32   23.4738   4.84497
27.34   23.3795   4.83523
27.36   23.3503   4.83221
27.38   23.3874   4.83605
27.4   23.4931   4.84696
27.42   23.6709   4.86527
27.44   23.926   4.89142
27.46   24.2656   4.92602
27.48   24.7001   4.96992
27.5   25.2435   5.02429
27.52   25.9162   5.0908
27.54   26.7484   5.17188
27.56   27.7877   5.2714
27.58   29.1173   5.39605
27.6   30.8924   5.55809
27.62   33.3921   5.77859
27.64   37.0518   6.08702
27.66   42.3866   6.5105
27.68   49.5741   7.04089
27.7   57.0748   7.55479
27.72   61.2077   7.82354
27.74   62.6235   7.9135
27.76   66.8228   8.17452
27.78   77.3089   8.79255
27.8   94.2916   9.71038
27.82   108.198   10.4018
27.84   110.287   10.5017
27.86   96.4638   9.8216
27.88   81.0872   9.00484
27.9   73.7875   8.58996
27.92   69.1723   8.31699
27.94   68.5801   8.28131
27.96   68.9373   8.30285
27.98   73.4871   8.57246
28   79.9139   8.93946
28.02   89.8257   9.47764
28.04   97.1122   9.85455
28.06   104.33   10.2142
28.08   113.307   10.6446
28.1   125.18   11.1884
28.12   140.619   11.8583
28.14   160.461   12.6673
28.16   186.055   13.6402
28.18   222.394   14.9129
28.2   268.205   16.377
28.22   333.985   18.2753
28.24   434.873   20.8536
28.26   597.017   24.4339
28.28   856.604   29.2678
28.3   1243.47   35.2628
28.32   1713.97   41.4001
28.34   2015.95   44.8993
28.36   1907.12   43.6706
28.38   1635.08   40.4362
28.4   1517.18   38.9509
28.42   1683.92   41.0356
28.44   2204.17   46.9486
28.46   3102.05   55.6961
28.48   4156.84   64.4735
28.5   4574.02   67.6315
28.52   3840.38   61.9708
28.54   2698.8   51.95
28.56   1781.49   42.2077
28.58   1181.53   34.3734
28.6   819.003   28.6182
28.62   602.413   24.5441
28.64   467.248   21.6159
28.66   377.004   19.4166
28.68   313.139   17.6957
28.7   266.146   16.314
28.72   230.686   15.1883
28.74   203.459   14.2639
28.76   182.3   13.5019
28.78   165.735   12.8738
28.8   152.736   12.3586
28.82   142.577   11.9406
28.84   134.739   11.6077
28.86   128.847   11.3511
28.88   124.639   11.1642
28.9   121.932   11.0423
28.92   120.612   10.9823
28.94   120.621   10.9827
28.96   121.952   11.0432
28.98   124.651   11.1647
29   128.819   11.3498
29.02   134.621   11.6026
29.04   142.302   11.9291
29.06   152.214   12.3375
29.08   164.848   12.8393
29.1   180.899   13.4499
29.12   201.356   14.19
29.14   227.655   15.0882
29.16   261.949   16.1848
29.18   307.635   17.5395
29.2   370.561   19.25
29.22   461.906   21.492
29.24   603.443   24.5651
29.26   834.35   28.8851
29.28   1212.56   34.8218
29.3   1796.11   42.3806
29.32   2559.61   50.5926
29.34   3171.52   56.3162
29.36   3124.6   55.8981
29.38   2659.56   51.571
29.4   2361.79   48.5983
29.42   2438.55   49.3817
29.44   2782.32   52.7477
29.46   2943.1   54.2504
29.48   2546.47   50.4626
29.5   1927.03   43.8979
29.52   1452.29   38.109
29.54   1203.27   34.6882
29.56   1171.99   34.2343
29.58   1360.35   36.883
29.6   1788.82   42.2944
29.62   2427.78   49.2725
29.64   2981.31   54.6014
29.66   2884.53   53.7078
29.68   2207.6   46.9852
29.7   1508.14   38.8348
29.72   1007.46   31.7405
29.74   692.257   26.3108
29.76   501.953   22.4043
29.78   384.621   19.6117
29.8   305.961   17.4917
29.82   251.835   15.8693
29.84   211.787   14.5529
29.86   181.111   13.4578
29.88   157.016   12.5306
29.9   137.704   11.7347
29.92   121.96   11.0435
29.94   108.933   10.4371
29.96   93.7318   9.68152
29.98   84.5932   9.19746
30   76.7823   8.76255
30.02   70.0909   8.37203
30.04   64.2392   8.01493
30.06   59.1181   7.68883
30.08   54.608   7.38972
30.1   50.6129   7.11428
30.12   47.0556   6.85971
30.14   43.8729   6.62366
30.16   41.0127   6.40412
30.18   38.432   6.19936
30.2   36.0949   6.0079
30.22   33.9709   5.82846
30.24   32.0345   5.6599
30.26   30.2639   5.50126
30.28   28.6403   5.35166
30.3   27.1477   5.21035
30.32   25.7723   5.07664
30.34   24.5247   4.95224
30.36   23.3496   4.83214
30.38   22.26   4.71805
30.4   21.2479   4.60955
30.42   20.3064   4.50626
30.44   19.4294   4.40788
30.46   18.6118   4.4
30.48   17.8497   4.4
30.5   17.1403   4.4
30.52   16.4833   4.4
30.54   15.8802   4.4
30.56   15.3327   4.4
30.58   14.8349   4.4
30.6   14.353   4.4
30.62   13.8368   4.4
30.64   13.303   4.4
30.66   12.7983   4.4
30.68   12.3359   4.4
30.7   11.9119   4.4
30.72   11.5195   4.4
30.74   11.1529   4.4
30.76   10.8082   4.4
30.78   10.4831   4.4
30.8   10.176   4.4
30.82   7.20625   4.4
30.84   7.00257   4.4
30.86   6.811   4.4
30.88   6.631   4.4
30.9   6.46218   4.4
30.92   3.9938   4.4
30.94   3.90847   4.4
30.96   3.83128   4.4
30.98   3.7624   4.4
31   3.70212   4.4
31.02   3.65089   4.4
31.04   3.60934   4.4
31.06   3.57833   4.4
31.08   3.55902   4.4
31.1   3.55295   4.4
31.12   3.56217   4.4
31.14   0.956267   4.4
31.16   1.07429   4.4
31.18   1.21624   4.4
31.2   1.38908   4.4
31.22   1.60249   4.4
31.24   1.87021   4.4
31.26   2.21229   4.4
31.28   2.65907   4.4
31.3   3.25917   4.4
31.32   4.09815   4.4
31.34   5.34186   4.4
31.36   7.31944   4.4
31.38   10.6261   4.4
31.4   16.1389   4.4
31.42   24.7118   4.97109
31.44   35.835   5.98624
31.46   44.0947   6.64039
31.48   41.2699   6.42417
31.5   30.66   5.53714
31.52   20.589   4.53752
31.54   13.6672   4.4
31.56   9.47487   4.4
31.58   7.0833   4.4
31.6   5.75356   4.4
31.62   5.05227   4.4
31.64   4.78483   4.4
31.66   4.91749   4.4
31.68   5.55724   4.4
31.7   6.97588   4.4
31.72   9.60588   4.4
31.74   13.8758   4.4
31.76   19.5082   4.41681
31.78   23.6712   4.86531
31.8   22.0765   4.69857
31.82   16.4204   4.4
31.84   11.0491   4.4
31.86   7.3203   4.4
31.88   5.00971   4.4
31.9   3.62595   4.4
31.92   2.77406   4.4
31.94   2.21378   4.4
31.96   1.81958   4.4
31.98   1.5282   4.4
32   1.30549   4.4
32.02   1.13102   4.4
32.04   0.991564   4.4
32.06   0.878192   4.4
32.08   0.784416   4.4
32.1   0.706263   4.4
32.12   0.640224   4.4
32.14   0.58387   4.4
32.16   0.535364   4.4
32.18   0.493292   4.4
32.2   0.456554   4.4
32.22   0.42428   4.4
32.24   0.395777   4.4
32.26   0.370487   4.4
32.28   0.347955   4.4
32.3   0.327809   4.4
32.32   0.309741   4.4
32.34   0.293496   4.4
32.36   0.278859   4.4
32.38   1.22926   4.4
32.4   1.24465   4.4
32.42   1.26237   4.4
32.44   1.28238   4.4
32.46   1.30466   4.4
32.48   2.29008   4.4
32.5   2.34417   4.4
32.52   2.40177   4.4
32.54   2.46301   4.4
32.56   2.52803   4.4
32.58   2.59701   4.4
32.6   2.67013   4.4
32.62   2.74762   4.4
32.64   3.30368   4.4
32.66   3.41621   4.4
32.68   3.5227   4.4
32.7   3.63535   4.4
32.72   3.7546   4.4
32.74   3.88092   4.4
32.76   4.01482   4.4
32.78   4.15691   4.4
32.8   4.30785   4.4
32.82   4.46839   4.4
32.84   4.63939   4.4
32.86   4.82181   4.4
32.88   5.0168   4.4
32.9   5.22565   4.4
32.92   5.44992   4.4
32.94   5.64962   4.4
32.96   5.91177   4.4
32.98   6.19617   4.4
33   6.50635   4.4
33.02   6.84693   4.4
33.04   7.22416   4.4
33.06   7.6469   4.4
33.08   8.12875   4.4
33.1   8.69298   4.4
33.12   9.38352   4.4
33.14   10.2834   4.4
33.16   11.5319   4.4
33.18   13.3125   4.4
33.2   15.748   4.4
33.22   18.4958   4.4
33.24   20.1028   4.48361
33.26   19.5335   4.41967
33.28   18.227   4.4
33.3   17.4128   4.4
33.32   17.3019   4.4
33.34   17.7623   4.4
33.36   18.639   4.4
33.38   19.8314   4.45325
33.4   21.2975   4.61492
33.42   23.0366   4.79965
33.44   25.0739   5.00738
33.46   27.4539   5.23965
33.48   30.2399   5.49908
33.5   33.5174   5.78942
33.52   37.4006   6.1156
33.54   42.0429   6.48405
33.56   47.653   6.90312
33.58   54.519   7.3837
33.6   63.0476   7.94025
33.62   73.8285   8.59235
33.64   87.7498   9.36749
33.66   106.24   10.3073
33.68   131.826   11.4815
33.7   169.37   13.0142
33.72   228.205   15.1064
33.74   324.249   18.0069
33.76   479.117   21.8887
33.78   709.549   26.6374
33.8   984.944   31.3838
33.82   1153.05   33.9565
33.84   1100.36   33.1717
33.86   996.618   31.5693
33.88   1005.28   31.7062
33.9   1119.84   33.4639
33.92   1166.19   34.1496
33.94   992.858   31.5096
33.96   732.577   27.0662
33.98   531.142   23.0465
34   418.74   20.4631
34.02   387.03   19.6731
34.04   424.444   20.602
34.06   511.498   22.6163
34.08   582.883   24.143
34.1   541.132   23.2622
34.12   411.915   20.2957
34.14   286.949   16.9396
34.16   198.227   14.0793
34.18   141.765   11.9065
34.2   106.814   10.3351
34.22   84.4935   9.19204
34.24   69.2853   8.32378
34.26   58.2426   7.63168
34.28   49.8471   7.06025
34.3   43.2632   6.57748
34.32   37.9817   6.16293
34.34   33.6672   5.80235
34.36   30.0886   5.4853
34.38   27.082   5.20404
34.4   24.5261   4.95238
34.42   22.3323   4.72571
34.44   20.4329   4.52027
34.46   18.7756   4.4
34.48   17.3197   4.4
34.5   16.0328   4.4
34.52   14.889   4.4
34.54   13.8671   4.4
34.56   12.95   4.4
34.58   12.1235   4.4
34.6   11.3757   4.4
34.62   10.6967   4.4
34.64   10.0781   4.4
34.66   9.5129   4.4
34.68   8.99489   4.4
34.7   8.51073   4.4
34.72   8.07247   4.4
34.74   7.66781   4.4
34.76   7.29334   4.4
34.78   6.94609   4.4
34.8   6.62344   4.4
34.82   6.3231   4.4
34.84   6.04302   4.4
34.86   5.7814   4.4
34.88   5.53663   4.4
34.9   5.30729   4.4
34.92   5.09208   4.4
34.94   4.88987   4.4
34.96   4.69961   4.4
34.98   4.52037   4.4
35   4.35132   4.4
35.02   4.19169   4.4
35.04   4.04078   4.4
35.06   3.89798   4.4
35.08   3.76271   4.4
35.1   3.63444   4.4
35.12   3.51271   4.4
35.14   3.39707   4.4
35.16   3.56651   4.4
35.18   3.46972   4.4
35.2   3.37827   4.4
35.22   3.29185   4.4
35.24   3.21021   4.4
35.26   3.1331   4.4
35.28   2.12546   4.4
35.3   2.08184   4.4
35.32   2.04118   4.4
35.34   2.00336   4.4
35.36   1.96829   4.4
35.38   1.00277   4.4
35.4   0.997995   4.4
35.42   0.994794   4.4
35.44   0.993182   4.4
35.46   0.993191   4.4
35.48   0.994866   4.4
35.5   0.998271   4.4
35.52   1.22014   4.4
35.54   1.23331   4.4
35.56   0.792577   4.4
35.58   0.919967   4.4
35.6   0.955899   4.4
35.62   0.994732   4.4
35.64   1.03705   4.4
35.66   1.0837   4.4
35.68   1.136   4.4
35.7   1.19632   4.4
35.72   1.26916   4.4
35.74   1.36305   4.4
35.76   1.49199   4.4
35.78   1.67353   4.4
35.8   1.91647   4.4
35.82   2.17577   4.4
35.84   2.45104   4.4
35.86   2.3785   4.4
35.88   2.25414   4.4
35.9   2.18147   4.4
35.92   2.17195   4.4
35.94   2.21083   4.4
35.96   2.2827   4.4
35.98   2.37743   4.4
36   2.48997   4.4
36.02   2.61849   4.4
36.04   2.7629   4.4
36.06   2.92406   4.4
36.08   3.10347   4.4
36.1   3.30322   4.4
36.12   3.52598   4.4
36.14   3.77511   4.4
36.16   4.05473   4.4
36.18   4.36997   4.4
36.2   4.72717   4.4
36.22   5.13425   4.4
36.24   5.60119   4.4
36.26   6.14068   4.4
36.28   6.76907   4.4
36.3   7.50771   4.4
36.32   8.38485   4.4
36.34   9.43855   4.4
36.36   10.721   4.4
36.38   12.3053   4.4
36.4   14.2964   4.4
36.42   16.8489   4.4
36.44   20.2199   4.49665
36.46   24.7693   4.97687
36.48   31.2421   5.58946
36.5   41.0798   6.40936
36.52   57.0746   7.55477
36.54   83.9273   9.16118
36.56   127.743   11.3024
36.58   192.204   13.8638
36.6   264.041   16.2493
36.62   292.101   17.091
36.64   245.403   15.6653
36.66   173.328   13.1654
36.68   116.039   10.7722
36.7   79.1889   8.89881
36.72   57.6183   7.59067
36.74   45.5276   6.74742
36.76   38.8951   6.23659
36.78   35.5302   5.96072
36.8   34.4428   5.8688
36.82   35.313   5.94248
36.84   38.2881   6.18774
36.86   43.9904   6.63253
36.88   53.9944   7.34809
36.9   71.4097   8.45043
36.92   101.4   10.0698
36.94   150.435   12.2652
36.96   221.269   14.8751
36.98   295.888   17.2014
37   324.672   18.0187
37.02   286.861   16.937
37.04   214.627   14.6501
37.06   147.08   12.1277
37.08   100.125   10.0062
37.1   71.504   8.45601
37.12   56.2116   7.49744
37.14   47.4939   6.89159
37.16   43.6842   6.6094
37.18   43.9583   6.63011
37.2   49.0399   7.00285
37.22   61.0724   7.81489
37.24   83.0746   9.11453
37.26   116.56   10.7963
37.28   153.05   12.3713
37.3   163.852   12.8005
37.32   135.362   11.6345
37.34   95.6203   9.77856
37.36   64.5659   8.03529
37.38   44.4071   6.66386
37.4   32.2002   5.67452
37.42   24.8276   4.98273
37.44   20.1471   4.48855
37.46   16.9645   4.4
37.48   14.6752   4.4
37.5   12.967   4.4
37.52   11.6626   4.4
37.54   10.6515   4.4
37.56   9.86074   4.4
37.58   9.24091   4.4
37.6   8.75778   4.4
37.62   8.38776   4.4
37.64   8.11491   4.4
37.66   7.92934   4.4
37.68   7.82639   4.4
37.7   7.80667   4.4
37.72   7.87707   4.4
37.74   8.05364   4.4
37.76   8.36888   4.4
37.78   8.88938   4.4
37.8   9.75041   4.4
37.82   11.2006   4.4
37.84   13.6137   4.4
37.86   17.4736   4.4
37.88   22.4359   4.73666
37.9   26.4481   5.14277
37.92   25.8637   5.08564
37.94   21.7497   4.66366
37.96   17.8211   4.4
37.98   15.4171   4.4
38   14.4932   4.4
38.02   14.7527   4.4
38.04   15.8548   4.4
38.06   17.1029   4.4
38.08   17.2835   4.4
38.1   16.8396   4.4
38.12   16.57   4.4
38.14   16.8726   4.4
38.16   17.7693   4.4
38.18   19.2401   4.4
38.2   21.3489   4.62049
38.22   24.305   4.93001
38.24   28.4787   5.33654
38.26   34.3142   5.85783
38.28   41.9298   6.47532
38.3   49.9306   7.06616
38.32   55.0194   7.41751
38.34   57.8075   7.60312
38.36   62.3066   7.89345
38.38   70.8699   8.41843
38.4   84.9281   9.21565
38.42   106.824   10.3356
38.44   141.52   11.8962
38.46   198.826   14.1006
38.48   294.786   17.1693
38.5   450.235   21.2187
38.52   674.364   25.9685
38.54   924.459   30.4049
38.56   1034.7   32.1668
38.58   879.022   29.6483
38.6   617.796   24.8555
38.62   404.076   20.1016
38.64   263.646   16.2372
38.66   178.884   13.3747
38.68   128.524   11.3368
38.7   97.354   9.86681
38.72   76.6982   8.75775
38.74   62.1454   7.88323
38.76   51.2992   7.16234
38.78   43.2103   6.57345
38.8   36.9586   6.07935
38.82   32.0423   5.66059
38.84   28.1205   5.30288
38.86   25.0635   5.00635
38.88   22.4893   4.74229
38.9   20.3804   4.51446
38.92   18.7559   4.4
38.94   17.3353   4.4
38.96   16.1757   4.4
38.98   15.2421   4.4
39   14.5101   4.4
39.02   13.9649   4.4
39.04   13.6004   4.4
39.06   13.5398   4.4
39.08   13.5612   4.4
39.1   13.81   4.4
39.12   14.3355   4.4
39.14   15.22   4.4
39.16   16.6055   4.4
39.18   18.7573   4.4
39.2   22.2051   4.71223
39.22   27.9773   5.28936
39.24   37.8067   6.14871
39.26   53.948   7.34493
39.28   77.7749   8.81901
39.3   104.45   10.2201
39.32   115.213   10.7337
39.34   98.6387   9.9317
39.36   72.9269   8.53973
39.38   52.9814   7.27883
39.4   41.1275   6.41308
39.42   35.8169   5.98473
39.44   35.6513   5.97087
39.46   40.5507   6.36795
39.48   51.9497   7.20761
39.5   72.1002   8.49118
39.52   101.417   10.0706
39.54   130.122   11.4071
39.56   133.288   11.545
39.58   107.041   10.346
39.6   76.2535   8.73233
39.62   53.994   7.34806
39.64   40.9734   6.40104
39.66   35.1514   5.92886
39.68   35.0212   5.91788
39.7   40.1773   6.33856
39.72   50.4275   7.10123
39.74   62.5824   7.9109
39.76   66.3297   8.1443
39.78   56.0093   7.48393
39.8   41.3464   6.43012
39.82   29.8567   5.46413
39.84   22.4629   4.7395
39.86   18.1297   4.4
39.88   15.7405   4.4
39.9   14.5482   4.4
39.92   14.1942   4.4
39.94   14.6218   4.4
39.96   16.032   4.4
39.98   18.8492   4.4
40   23.7504   4.87343
40.02   29.9758   5.47502
40.04   38.1047   6.1729
40.06   43.0789   6.56345
40.08   40.6243   6.37372
40.1   33.9873   5.82986
40.12   28.0764   5.29871
40.14   25.0717   5.00717
40.16   24.8702   4.987
40.18   27.312   5.22609
40.2   32.886   5.73463
40.22   43.0458   6.56093
40.24   60.107   7.75287
40.26   86.151   9.28176
40.28   118.642   10.8923
40.3   141.863   11.9106
40.32   142.134   11.922
40.34   137.117   11.7097
40.36   143.629   11.9845
40.38   152.632   12.3544
40.4   141.011   11.8748
40.42   113.4   10.649
40.44   91.6275   9.57222
40.46   84.4733   9.19093
40.48   93.307   9.65956
40.5   115.682   10.7556
40.52   138.558   11.7711
40.54   135.758   11.6515
40.56   105.938   10.2926
40.58   73.5966   8.57884
40.6   49.989   7.07029
40.62   34.9549   5.91227
40.64   25.8084   5.0802
40.66   20.1513   4.48902
40.68   16.4398   4.4
40.7   13.8393   4.4
40.72   11.9253   4.4
40.74   10.4708   4.4
40.76   9.34134   4.4
40.78   8.3487   4.4
40.8   7.64112   4.4
40.82   7.07311   4.4
40.84   6.61566   4.4
40.86   6.24776   4.4
40.88   5.95394   4.4
40.9   5.72278   4.4
40.92   5.56009   4.4
40.94   5.43148   4.4
40.96   5.34637   4.4
40.98   5.30173   4.4
41   5.2957   4.4
41.02   5.32752   4.4
41.04   5.27954   4.4
41.06   5.39177   4.4
41.08   5.54538   4.4
41.1   5.74373   4.4
41.12   5.99151   4.4
41.14   6.29494   4.4
41.16   6.66218   4.4
41.18   7.10381   4.4
41.2   7.63354   4.4
41.22   8.21554   4.4
41.24   8.98194   4.4
41.26   9.90855   4.4
41.28   11.0369   4.4
41.3   12.4236   4.4
41.32   14.147   4.4
41.34   16.3182   4.4
41.36   19.1259   4.4
41.38   22.7562   4.77034
41.4   27.6148   5.25498
41.42   34.3496   5.86085
41.44   44.6876   6.68488
41.46   60.0889   7.7517
41.48   85.6432   9.25436
41.5   128.628   11.3414
41.52   197.593   14.0568
41.54   293.563   17.1337
41.56   384.19   19.6008
41.58   390.62   19.7641
41.6   305.669   17.4834
41.62   208.121   14.4264
41.64   136.598   11.6875
41.66   92.0515   9.59435
41.68   65.6814   8.10441
41.7   50.2938   7.09181
41.72   41.0655   6.40824
41.74   35.4687   5.95556
41.76   32.2652   5.68025
41.78   31.3405   5.59826
41.8   32.9102   5.73674
41.82   38.5088   6.20555
41.84   49.063   7.0045
41.86   66.8722   8.17754
41.88   91.4526   9.56308
41.9   111.37   10.5532
41.92   106.56   10.3228
41.94   81.712   9.03947
41.96   56.8986   7.54312
41.98   39.3747   6.27492
42   28.4413   5.33303
42.02   21.7812   4.66703
42.04   17.7937   4.4
42.06   15.2193   4.4
42.08   13.4572   4.4
42.1   12.2057   4.4
42.12   11.3048   4.4
42.14   10.6612   4.4
42.16   10.218   4.4
42.18   9.94004   4.4
42.2   9.80874   4.4
42.22   9.81956   4.4
42.24   9.98495   4.4
42.26   10.3455   4.4
42.28   10.9946   4.4
42.3   12.113   4.4
42.32   13.9825   4.4
42.34   16.9096   4.4
42.36   20.8629   4.56759
42.38   24.3713   4.93673
42.4   24.4969   4.94943
42.42   21.5828   4.64573
42.44   18.5845   4.4
42.46   16.7045   4.4
42.48   15.8993   4.4
42.5   15.8736   4.4
42.52   16.3987   4.4
42.54   17.2998   4.4
42.56   18.5453   4.4
42.58   20.144   4.4882
42.6   22.1448   4.70583
42.62   24.633   4.96316
42.64   27.7377   5.26666
42.66   31.6503   5.62586
42.68   36.6593   6.05469
42.7   43.2192   6.57413
42.72   52.0893   7.21729
42.74   64.6049   8.03772
42.76   83.1756   9.12006
42.78   112.112   10.5883
42.8   157.874   12.5648
42.82   227.701   15.0897
42.84   326.121   18.0588
42.86   450.614   21.2277
42.88   554.851   23.5553
42.9   553.713   23.5311
42.92   465.417   21.5735
42.94   384.158   19.5999
42.96   341.238   18.4726
42.98   307.851   17.5457
43   264.759   16.2714
43.02   235.888   15.3587
43.04   240.802   15.5178
43.06   282.815   16.8171
43.08   347.805   18.6495
43.1   380.678   19.511
43.12   335.688   18.3218
43.14   258.917   16.0909
43.16   200.451   14.1581
43.18   172.238   13.124
43.2   174.617   13.2143
43.22   209.806   14.4847
43.24   282.999   16.8226
43.26   392.104   19.8016
43.28   493.427   22.2132
43.3   490.628   22.1501
43.32   381.519   19.5325
43.34   261.401   16.1679
43.36   173.816   13.1839
43.38   118.296   10.8764
43.4   84.9234   9.21539
43.42   64.5357   8.03341
43.44   51.3117   7.16322
43.46   42.1214   6.4901
43.48   35.3867   5.94867
43.5   30.2728   5.50207
43.52   26.2908   5.12745
43.54   23.1287   4.80923
43.56   20.5772   4.53621
43.58   18.4911   4.4
43.6   16.7672   4.4
43.62   15.3312   4.4
43.64   14.1282   4.4
43.66   13.1178   4.4
43.68   12.2702   4.4
43.7   11.5635   4.4
43.72   10.9825   4.4
43.74   10.5182   4.4
43.76   10.1671   4.4
43.78   9.93293   4.4
43.8   9.82908   4.4
43.82   9.88598   4.4
43.84   10.1687   4.4
43.86   10.8111   4.4
43.88   12.0447   4.4
43.9   14.2627   4.4
43.92   17.8133   4.4
43.94   22.5141   4.74491
43.96   26.1787   5.11651
43.98   25.3775   5.03761
44   21.4025   4.62629
44.02   17.772   4.4
44.04   15.6643   4.4
44.06   15.0013   4.4
44.08   15.5443   4.4
44.1   17.2599   4.4
44.12   20.4965   4.5273
44.14   26.1085   5.10965
44.16   35.4402   5.95317
44.18   49.8593   7.06111
44.2   68.7699   8.29276
44.22   84.6604   9.20111
44.24   87.6909   9.36434
44.26   86.0579   9.27674
44.28   94.0713   9.69904
44.3   115.419   10.7433
44.32   138.602   11.7729
44.34   136.443   11.6809
44.36   106.298   10.3101
44.38   72.7155   8.52734
44.4   48.3451   6.95306
44.42   32.8765   5.7338
44.44   23.3943   4.83676
44.46   17.6903   4.4
44.48   13.9957   4.4
44.5   11.4336   4.4
44.52   9.56019   4.4
44.54   8.13998   4.4
44.56   6.73149   4.4
44.58   5.86189   4.4
44.6   5.16004   4.4
44.62   4.58491   4.4
44.64   4.10728   4.4
44.66   3.70591   4.4
44.68   3.36507   4.4
44.7   3.07291   4.4
44.72   2.82034   4.4
44.74   2.60034   4.4
44.76   2.40738   4.4
44.78   1.78879   4.4
44.8   1.64937   4.4
44.82   1.52574   4.4
44.84   1.41562   4.4
44.86   1.31709   4.4
44.88   1.22857   4.4
44.9   1.14874   4.4
44.92   1.0765   4.4
44.94   1.01091   4.4
44.96   0.951175   4.4
44.98   0.896613   4.4
45   0.846642   4.4
45.02   0.800759   4.4
45.04   0.882746   4.4
45.06   0.847243   4.4
45.08   0.814829   4.4
45.1   0.785221   4.4
45.12   0.758173   4.4
45.14   0.73347   4.4
45.16   0.710923   4.4
45.18   0.942521   4.4
45.2   0.930879   4.4
45.22   0.921255   4.4
45.24   0.913556   4.4
45.26   0.907703   4.4
45.28   0.903629   4.4
45.3   0.901284   4.4
45.32   0.900626   4.4
45.34   0.901628   4.4
45.36   0.90427   4.4
45.38   1.12017   4.4
45.4   1.13201   4.4
45.42   1.14575   4.4
45.44   1.14404   4.4
45.46   1.16216   4.4
45.48   1.18231   4.4
45.5   1.20456   4.4
45.52   1.229   4.4
45.54   1.25572   4.4
45.56   1.28485   4.4
45.58   1.3165   4.4
45.6   1.48   4.4
45.62   1.52083   4.4
45.64   1.56485   4.4
45.66   1.61228   4.4
45.68   1.66337   4.4
45.7   1.66826   4.4
45.72   1.72939   4.4
45.74   1.79509   4.4
45.76   1.86574   4.4
45.78   1.94179   4.4
45.8   2.24128   4.4
45.82   2.21511   4.4
45.84   2.32033   4.4
45.86   2.4336   4.4
45.88   2.55582   4.4
45.9   2.68798   4.4
45.92   2.83125   4.4
45.94   2.98695   4.4
45.96   3.15665   4.4
45.98   3.34214   4.4
46   3.54554   4.4
46.02   3.76936   4.4
46.04   4.01658   4.4
46.06   4.29074   4.4
46.08   4.59612   4.4
46.1   4.93794   4.4
46.12   5.43378   4.4
46.14   5.87225   4.4
46.16   6.37146   4.4
46.18   6.94397   4.4
46.2   7.60587   4.4
46.22   8.37818   4.4
46.24   9.28873   4.4
46.26   10.3824   4.4
46.28   11.6968   4.4
46.3   13.3123   4.4
46.32   15.3365   4.4
46.34   17.9353   4.4
46.36   21.3881   4.62473
46.38   26.2132   5.11988
46.4   33.4116   5.78028
46.42   44.7813   6.69188
46.44   63.009   7.93782
46.46   90.8939   9.53383
46.48   127.771   11.3036
46.5   159.53   12.6305
46.52   162.793   12.7591
46.54   147.699   12.1531
46.56   143.633   11.9847
46.58   164.673   12.8325
46.6   212.394   14.5737
46.62   268.988   16.4009
46.64   283.608   16.8407
46.66   235.378   15.342
46.68   171.908   13.1114
46.7   125.379   11.1973
46.72   99.781   9.98905
46.74   92.1628   9.60014
46.76   100.911   10.0454
46.78   127.189   11.2778
46.8   171.599   13.0996
46.82   222.668   14.9221
46.84   240.706   15.5147
46.86   203.398   14.2618
46.88   148.817   12.1991
46.9   107.209   10.3542
46.92   82.0903   9.06037
46.94   70.8538   8.41747
46.96   70.9008   8.42026
46.98   81.8076   9.04476
47   104.311   10.2133
47.02   135.433   11.6376
47.04   157.375   12.5449
47.06   146.984   12.1237
47.08   117.189   10.8254
47.1   92.7622   9.63132
47.12   80.2181   8.95646
47.14   79.6521   8.9248
47.16   89.5082   9.46088
47.18   111.023   10.5368
47.2   148.761   12.1968
47.22   200.032   14.1433
47.24   235.882   15.3584
47.26   216.334   14.7083
47.28   161.556   12.7105
47.3   110.911   10.5314
47.32   76.3184   8.73604
47.34   55.258   7.43357
47.36   43.0481   6.56111
47.38   36.0422   6.00352
47.4   32.1096   5.66653
47.42   30.2614   5.50104
47.44   30.2353   5.49866
47.46   32.3601   5.6886
47.48   37.6787   6.1383
47.5   48.0695   6.93322
47.52   66.0575   8.12758
47.54   92.0796   9.59581
47.56   118.614   10.891
47.58   123.65   11.1198
47.6   101.15   10.0573
47.62   73.1158   8.55078
47.64   52.5166   7.24684
47.66   40.2979   6.34807
47.68   33.9353   5.8254
47.7   29.999   5.47714
47.72   25.9879   5.09784
47.74   22.1928   4.71092
47.76   19.3617   4.4002
47.78   17.5042   4.4
47.8   16.3853   4.4
47.82   15.7846   4.4
47.84   15.5523   4.4
47.86   15.7534   4.4
47.88   16.0619   4.4
47.9   16.6179   4.4
47.92   17.4431   4.4
47.94   18.5885   4.4
47.96   20.1515   4.48904
47.98   22.1972   4.71139
48   25.3332   5.03321
48.02   30.0517   5.48194
48.04   37.2282   6.10149
48.06   47.6704   6.90438
48.08   60.8908   7.80325
48.1   71.2009   8.43806
48.12   74.0315   8.60416
48.14   74.6447   8.63972
48.16   80.5029   8.97234
48.18   94.6852   9.73063
48.2   115.371   10.7411
48.22   132.782   11.5231
48.24   142.264   11.9275
48.26   159.558   12.6316
48.28   201.992   14.2124
48.3   278.767   16.6963
48.32   383.363   19.5797
48.34   460.408   21.4571
48.36   432.507   20.7968
48.38   335.461   18.3156
48.4   248.356   15.7593
48.42   196.365   14.013
48.44   178.738   13.3693
48.46   193.256   13.9017
48.48   242.743   15.5802
48.5   332.501   18.2346
48.52   454.063   21.3088
48.54   544.435   23.3331
48.56   512.354   22.6352
48.58   398.627   19.9657
48.6   297.687   17.2536
48.62   241.526   15.5411
48.64   232.034   15.2327
48.66   268.051   16.3722
48.68   347.742   18.6478
48.7   449.244   21.1954
48.72   494.375   22.2346
48.74   423.809   20.5866
48.76   306.947   17.5199
48.78   211.704   14.5501
48.8   149.907   12.2437
48.82   114.204   10.6866
48.84   95.9782   9.79685
48.86   90.0466   9.48929
48.88   95.3105   9.76271
48.9   113.866   10.6708
48.92   147.352   12.1388
48.94   190.288   13.7945
48.96   213.716   14.619
48.98   188.727   13.7378
49   139.961   11.8305
49.02   98.2672   9.91298
49.04   70.3106   8.38514
49.06   53.1611   7.29116
49.08   43.1063   6.56554
49.1   37.298   6.10721
49.12   33.7569   5.81007
49.14   32.0769   5.66365
49.16   31.499   5.6124
49.18   32.264   5.68014
49.2   34.7017   5.89081
49.22   39.6706   6.29846
49.24   48.9222   6.99444
49.26   65.2675   8.07883
49.28   91.9393   9.5885
49.3   129.341   11.3728
49.32   164.462   12.8243
49.34   166.715   12.9118
49.36   134.892   11.6143
49.38   98.7929   9.93946
49.4   73.733   8.58679
49.42   60.3347   7.76754
49.44   56.4591   7.51393
49.46   61.2077   7.82353
49.48   75.905   8.71235
49.5   103.273   10.1623
49.52   143.567   11.9819
49.54   182.631   13.5141
49.56   185.396   13.616
49.58   147.289   12.1363
49.6   103.048   10.1513
49.62   70.3507   8.38753
49.64   49.6554   7.04666
49.66   37.3186   6.1089
49.68   29.9003   5.46811
49.7   25.3207   5.03196
49.72   22.3339   4.72588
49.74   20.3554   4.5117
49.76   19.0952   4.4
49.78   18.4078   4.4
49.8   18.2346   4.4
49.82   18.1878   4.4
49.84   19.1832   4.4
49.86   21.0706   4.59027
49.88   24.418   4.94145
49.9   30.3029   5.50481
49.92   40.3882   6.35517
49.94   56.4566   7.51376
49.96   78.2228   8.84437
49.98   96.7986   9.83863
50   95.0356   9.74862
50.02   74.9703   8.65854
50.04   54.6966   7.39571
50.06   40.5661   6.36915
50.08   32.2478   5.67872
50.1   27.9485   5.28663
50.12   26.1516   5.11387
50.14   25.9579   5.09489
50.16   26.9818   5.1944
50.18   28.7461   5.36154
50.2   32.3614   5.68871
50.22   37.9922   6.16378
50.24   46.9549   6.85236
50.26   61.7935   7.86088
50.28   86.6122   9.30656
50.3   126.289   11.2378
50.32   182.192   13.4979
50.34   237.567   15.4132
50.36   247.797   15.7416
50.38   204.506   14.3006
50.4   152.683   12.3565
50.42   116.794   10.8071
50.44   99.27   9.96344
50.46   97.2685   9.86248
50.48   110.166   10.496
50.5   141.385   11.8905
50.52   197.535   14.0547
50.54   282.535   16.8088
50.56   378.256   19.4488
50.58   422.882   20.5641
50.6   373.724   19.3319
50.62   281.576   16.7802
50.64   205.683   14.3417
50.66   160.308   12.6613
50.68   140.807   11.8662
50.7   143.087   11.9619
50.72   169.405   13.0156
50.74   227.048   15.0681
50.76   323.089   17.9747
50.78   445.426   21.1051
50.8   521.002   22.8255
50.82   465.731   21.5808
50.84   338.15   18.3889
50.86   225.509   15.017
50.88   149.208   12.2151
50.9   102.381   10.1183
50.92   74.3303   8.6215
50.94   56.9341   7.54547
50.96   45.3839   6.73676
50.98   37.2027   6.0994
51   31.134   5.57978
51.02   26.4884   5.14669
51.04   22.6826   4.76263
51.06   19.778   4.44725
51.08   17.4201   4.4
51.1   15.4798   4.4
51.12   13.8652   4.4
51.14   12.5086   4.4
51.16   11.3556   4.4
51.18   10.3553   4.4
51.2   9.47202   4.4
51.22   8.69433   4.4
51.24   8.01254   4.4
51.26   7.41301   4.4
51.28   6.8827   4.4
51.3   6.41065   4.4
51.32   5.98806   4.4
51.34   5.60786   4.4
51.36   5.26437   4.4
51.38   4.95285   4.4
51.4   4.66938   4.4
51.42   4.41061   4.4
51.44   4.17373   4.4
51.46   3.95629   4.4
51.48   3.67554   4.4
51.5   3.49247   4.4
51.52   3.32395   4.4
51.54   3.22259   4.4
51.56   3.07947   4.4
51.58   2.94668   4.4
51.6   2.82331   4.4
51.62   2.70854   4.4
51.64   2.60166   4.4
51.66   2.50203   4.4
51.68   2.40908   4.4
51.7   2.32232   4.4
51.72   2.2413   4.4
51.74   2.16563   4.4
51.76   2.09498   4.4
51.78   2.02904   4.4
51.8   1.96755   4.4
51.82   1.91029   4.4
51.84   1.64401   4.4
51.86   1.67919   4.4
51.88   1.64123   4.4
51.9   1.60688   4.4
51.92   1.57613   4.4
51.94   1.54901   4.4
51.96   1.52562   4.4
51.98   1.50612   4.4
52   1.49079   4.4
52.02   1.47998   4.4
52.04   1.4742   4.4
52.06   1.09711   4.4
52.08   1.11384   4.4
52.1   1.19963   4.4
52.12   1.23562   4.4
52.14   1.28431   4.4
52.16   1.34536   4.4
52.18   1.43453   4.4
52.2   1.56074   4.4
52.22   1.73737   4.4
52.24   2.00496   4.4
52.26   1.94876   4.4
52.28   3.07666   4.4
52.3   4.26696   4.4
52.32   6.02222   4.4
52.34   8.0536   4.4
52.36   9.14905   4.4
52.38   8.56715   4.4
52.4   7.34503   4.4
52.42   6.01575   4.4
52.44   4.66474   4.4
52.46   3.61097   4.4
52.48   2.93461   4.4
52.5   2.54078   4.4
52.52   2.32728   4.4
52.54   2.2236   4.4
52.56   2.18843   4.4
52.58   2.20003   4.4
52.6   2.24774   4.4
52.62   2.32673   4.4
52.64   2.43549   4.4
52.66   2.57517   4.4
52.68   2.74885   4.4
52.7   2.96207   4.4
52.72   3.22326   4.4
52.74   3.54478   4.4
52.76   3.94471   4.4
52.78   5.91658   4.4
52.8   6.60925   4.4
52.82   7.51637   4.4
52.84   9.25295   4.4
52.86   11.0736   4.4
52.88   13.9194   4.4
52.9   18.597   4.4
52.92   26.2417   5.12267
52.94   37.8184   6.14967
52.96   52.0531   7.21478
52.98   60.889   7.80314
53   55.3044   7.43669
53.02   41.9322   6.47551
53.04   30.2919   5.50381
53.06   23.5267   4.85044
53.08   19.2073   4.4
53.1   17.0255   4.4
53.12   16.136   4.4
53.14   16.0732   4.4
53.16   16.6528   4.4
53.18   17.8785   4.4
53.2   19.9346   4.46482
53.22   23.2862   4.82558
53.24   28.8599   5.37214
53.26   38.1514   6.17668
53.28   52.91   7.27393
53.3   73.4921   8.57276
53.32   93.3737   9.66301
53.34   96.2627   9.81135
53.36   80.2085   8.95592
53.38   61.6172   7.84966
53.4   48.8915   6.99224
53.42   42.5438   6.52256
53.44   41.4582   6.43881
53.46   45.0542   6.71224
53.48   53.6725   7.32615
53.5   67.8744   8.23859
53.52   85.7055   9.25773
53.54   97.567   9.8776
53.56   94.6287   9.72773
53.58   86.1307   9.28066
53.6   83.3114   9.12751
53.62   90.5699   9.51682
53.64   111.157   10.5431
53.66   150.357   12.262
53.68   215.73   14.6878
53.7   310.311   17.6156
53.72   406.447   20.1605
53.74   425.083   20.6175
53.76   344.892   18.5713
53.78   244.369   15.6323
53.8   169.144   13.0056
53.82   122.129   11.0512
53.84   95.2051   9.75731
53.86   80.6308   8.97946
53.88   72.8876   8.53742
53.9   69.3309   8.32652
53.92   68.6513   8.28561
53.94   70.2831   8.3835
53.96   74.0554   8.60555
53.98   80.0595   8.94759
54   88.6281   9.41425
54.02   100.381   10.0191
54.04   116.403   10.789
54.06   138.305   11.7603
54.08   169.194   13.0075
54.1   215.138   14.6676
54.12   287.511   16.9562
54.14   407.378   20.1836
54.16   605.402   24.6049
54.18   911.482   30.1908
54.2   1308.27   36.17
54.22   1611.68   40.1457
54.24   1561.24   39.5125
54.26   1295.46   35.9925
54.28   1089.44   33.0067
54.3   975.684   31.2359
54.32   836.192   28.917
54.34   647.118   25.4385
54.36   488.155   22.0942
54.38   391.591   19.7887
54.4   355.813   18.863
54.42   379.189   19.4728
54.44   467.977   21.6328
54.46   628.461   25.0691
54.48   828.655   28.7864
54.5   927.964   30.4625
54.52   803.036   28.3379
54.54   578.406   24.0501
54.56   390.143   19.752
54.58   264.33   16.2582
54.6   187.038   13.6762
54.62   140.161   11.839
54.64   110.469   10.5104
54.66   90.3088   9.5031
54.68   75.7512   8.70352
54.7   64.7827   8.04877
54.72   56.2767   7.50178
54.74   49.5371   7.03826
54.76   44.1046   6.64113
54.78   39.8012   6.30882
54.8   36.1333   6.0111
54.82   32.9969   5.74429
54.84   30.4307   5.51641
54.86   28.2681   5.31678
54.88   26.4437   5.14234
54.9   24.9084   4.99083
54.92   23.6258   4.86064
54.94   22.5699   4.75078
54.96   21.7233   4.66083
54.98   21.0766   4.59093
55   20.5689   4.53529
55.02   20.3285   4.50872
55.04   20.3123   4.50692
55.06   20.5525   4.53349
55.08   21.1012   4.5936
55.1   22.0405   4.69474
55.12   23.503   4.84799
55.14   25.7108   5.07058
55.16   29.0829   5.39286
55.18   34.4134   5.86629
55.2   43.1969   6.57243
55.22   57.512   7.58367
55.24   81.1639   9.0091
55.26   115.116   10.7292
55.28   153.933   12.407
55.3   176.251   13.276
55.32   158.847   12.6034
55.34   120.69   10.9859
55.36   88.7344   9.41989
55.38   69.5364   8.33885
55.4   61.9209   7.86899
55.42   64.0576   8.0036
55.44   75.2678   8.6757
55.46   94.7133   9.73207
55.48   116.873   10.8108
55.5   135.149   11.6254
55.52   156.254   12.5002
55.54   180.491   13.4347
55.56   182.238   13.4995
55.58   152.177   12.336
55.6   118.513   10.8864
55.62   97.6361   9.8811
55.64   87.078   9.33156
55.66   77.5323   8.80524
55.68   63.9159   7.99474
55.7   47.5976   6.8991
55.72   35.7917   5.98262
55.74   27.8851   5.28063
55.76   22.8356   4.77867
55.78   19.9033   4.46132
55.8   17.5036   4.4
55.82   16.4048   4.4
55.84   15.924   4.4
55.86   16.0097   4.4
55.88   16.7229   4.4
55.9   18.2795   4.4
55.92   21.1718   4.60129
55.94   26.3392   5.13217
55.96   34.3893   5.86424
55.98   48.5153   6.9653
56   67.4778   8.21449
56.02   83.312   9.12754
56.04   81.6921   9.03837
56.06   66.1124   8.13095
56.08   51.091   7.14779
56.1   42.5551   6.52343
56.12   41.0951   6.41055
56.14   47.0512   6.85939
56.16   61.8949   7.86733
56.18   87.4411   9.351
56.2   121.269   11.0122
56.22   145.237   12.0514
56.24   133.942   11.5733
56.26   99.6631   9.98314
56.28   67.6403   8.22437
56.3   45.6273   6.7548
56.32   32.0931   5.66508
56.34   24.0644   4.90554
56.36   19.1911   4.4
56.38   16.0571   4.4
56.4   13.9267   4.4
56.42   12.4307   4.4
56.44   11.3714   4.4
56.46   10.6329   4.4
56.48   10.1435   4.4
56.5   9.98346   4.4
56.52   9.88159   4.4
56.54   9.94782   4.4
56.56   10.1834   4.4
56.58   10.6022   4.4
56.6   11.2402   4.4
56.62   12.595   4.4
56.64   13.8391   4.4
56.66   15.5519   4.4
56.68   17.9597   4.4
56.7   21.5027   4.6371
56.72   27.0361   5.19963
56.74   36.1479   6.01231
56.76   51.138   7.15109
56.78   74.8797   8.65331
56.8   107.052   10.3466
56.82   134.121   11.5811
56.84   131.786   11.4798
56.86   104.336   10.2145
56.88   76.6913   8.75736
56.9   58.7602   7.66552
56.92   50.5915   7.11277
56.94   50.5455   7.10954
56.96   57.3619   7.57377
56.98   69.3862   8.32984
57   81.0421   9.00234
57.02   87.7424   9.36709
57.04   94.3912   9.71551
57.06   101.613   10.0803
57.08   100.704   10.0351
57.1   95.535   9.7742
57.12   98.7853   9.93908
57.14   116.71   10.8032
57.16   148.897   12.2023
57.18   186.106   13.6421
57.2   221.015   14.8666
57.22   249.927   15.8091
57.24   242.51   15.5727
57.26   191.427   13.8357
57.28   135.22   11.6284
57.3   94.486   9.72039
57.32   69.3787   8.32939
57.34   55.3217   7.43785
57.36   48.3247   6.9516
57.38   46.1576   6.79394
57.4   48.365   6.95449
57.42   55.9722   7.48146
57.44   70.9712   8.42444
57.46   94.7763   9.73531
57.48   122.906   11.0863
57.5   136.238   11.6721
57.52   120.854   10.9933
57.54   94.537   9.72302
57.56   74.1394   8.61042
57.58   63.1364   7.94584
57.6   60.4885   7.77744
57.62   65.5511   8.09636
57.64   79.7628   8.931
57.66   106.946   10.3415
57.68   151.78   12.3199
57.7   213.329   14.6058
57.72   266.945   16.3384
57.74   263.177   16.2227
57.76   208.033   14.4234
57.78   151.075   12.2913
57.8   112.511   10.6071
57.82   91.9987   9.59159
57.84   85.5458   9.2491
57.86   90.7921   9.52849
57.88   107.878   10.3864
57.9   137.819   11.7396
57.92   176.915   13.3009
57.94   205.927   14.3502
57.96   212.1   14.5636
57.98   221.616   14.8868
58   263.866   16.244
58.02   349.441   18.6934
58.04   458.839   21.4205
58.06   510.692   22.5985
58.08   441.812   21.0193
58.1   324.842   18.0234
58.12   231.934   15.2294
58.14   176.832   13.2978
58.16   153.473   12.3884
58.18   156.397   12.5059
58.2   185.769   13.6297
58.22   241.752   15.5484
58.24   307.353   17.5315
58.26   327.235   18.0896
58.28   271.803   16.4865
58.3   193.484   13.9099
58.32   131.865   11.4833
58.34   92.1172   9.59777
58.36   68.6564   8.28592
58.38   55.5129   7.4507
58.4   48.147   6.9388
58.42   42.7189   6.53597
58.44   36.8033   6.06657
58.46   31.2484   5.59002
58.48   26.923   5.18874
58.5   24.0444   4.90351
58.52   22.48   4.7413
58.54   22.1952   4.71118
58.56   23.5722   4.85512
58.58   26.9715   5.19341
58.6   32.3562   5.68825
58.62   37.3937   6.11503
58.64   36.828   6.06861
58.66   30.6724   5.53827
58.68   24.0178   4.9008
58.7   19.2284   4.4
58.72   16.1089   4.4
58.74   14.5264   4.4
58.76   13.8417   4.4
58.78   13.8155   4.4
58.8   14.3874   4.4
58.82   15.6017   4.4
58.84   17.4933   4.4
58.86   20.0182   4.47417
58.88   23.6975   4.868
58.9   30.186   5.49418
58.92   41.4805   6.44053
58.94   58.8267   7.66986
58.96   79.1076   8.89425
58.98   88.9248   9.43
59   77.3752   8.79632
59.02   57.0535   7.55338
59.04   40.5274   6.36611
59.06   29.8021   5.45913
59.08   23.6642   4.86459
59.1   20.4592   4.52318
59.12   19.0182   4.4
59.14   18.7143   4.4
59.16   19.295   4.4
59.18   20.7326   4.5533
59.2   23.165   4.813
59.22   26.701   5.1673
59.24   32.5224   5.70284
59.26   41.8619   6.47008
59.28   57.5643   7.58711
59.3   84.2929   9.18111
59.32   127.773   11.3037
59.34   190.304   13.7951
59.36   254.793   15.9622
59.38   269.671   16.4217
59.4   217.655   14.7531
59.42   150.259   12.258
59.44   98.8184   9.94075
59.46   65.9469   8.12077
59.48   46.3465   6.80782
59.5   34.7125   5.89173
59.52   27.0389   5.1999
59.54   22.2666   4.71875
59.56   18.9539   4.4
59.58   16.6142   4.4
59.6   14.9621   4.4
59.62   13.8276   4.4
59.64   13.1236   4.4
59.66   12.7973   4.4
59.68   12.8295   4.4
59.7   13.2473   4.4
59.72   13.8331   4.4
59.74   15.3554   4.4
59.76   17.685   4.4
59.78   21.4048   4.62653
59.8   27.5907   5.25269
59.82   38.1974   6.1804
59.84   56.1037   7.49024
59.86   84.0973   9.17046
59.88   120.411   10.9732
59.9   147.092   12.1282
59.92   137.232   11.7146
59.94   102.021   10.1005
59.96   68.7039   8.28878
59.98   45.7007   6.76023
60   31.5746   5.61913
60.02   23.241   4.82089
60.04   18.2299   4.4
60.06   15.0445   4.4
60.08   12.907   4.4
60.1   11.4327   4.4
60.12   10.3877   4.4
60.14   9.7066   4.4
60.16   9.29486   4.4
60.18   9.11316   4.4
60.2   9.14416   4.4
60.22   9.38911   4.4
60.24   9.86786   4.4
60.26   10.6224   4.4
60.28   11.7249   4.4
60.3   13.2949   4.4
60.32   15.5339   4.4
60.34   18.8205   4.4
60.36   23.8866   4.88739
60.38   32.1651   5.67143
60.4   46.069   6.78742
60.42   68.905   8.30091
60.44   102.882   10.1431
60.46   143.356   11.9731
60.48   168.601   12.9846
60.5   152.88   12.3645
60.52   112.322   10.5982
60.54   75.5282   8.69069
60.56   50.5253   7.10812
60.58   35.3424   5.94495
60.6   26.8276   5.17953
60.62   21.6598   4.65401
60.64   18.625   4.4
60.66   16.7964   4.4
60.68   15.8712   4.4
60.7   15.711   4.4
60.72   16.3315   4.4
60.74   17.9289   4.4
60.76   21.01   4.58366
60.78   26.6183   5.15929
60.8   36.5089   6.04226
60.82   52.8821   7.27201
60.84   76.4852   8.74558
60.86   101.726   10.0859
60.88   108.847   10.433
60.9   90.331   9.50426
60.92   65.6507   8.10251
60.94   47.5756   6.89751
60.96   35.9486   5.99572
60.98   27.9233   5.28425
61   22.2069   4.71242
61.02   18.5893   4.4
61.04   16.6908   4.4
61.06   16.2307   4.4
61.08   17.2053   4.4
61.1   19.9088   4.46193
61.12   24.7689   4.97683
61.14   32.3488   5.6876
61.16   42.7761   6.54035
61.18   54.4835   7.3813
61.2   58.6253   7.65672
61.22   49.5266   7.03752
61.24   36.1801   6.01499
61.26   25.6883   5.06836
61.28   19.012   4.4
61.3   15.2116   4.4
61.32   13.1926   4.4
61.34   12.0012   4.4
61.36   10.9596   4.4
61.38   9.88462   4.4
61.4   9.22268   4.4
61.42   8.85103   4.4
61.44   8.72872   4.4
61.46   8.82816   4.4
61.48   9.15514   4.4
61.5   9.74312   4.4
61.52   10.6104   4.4
61.54   11.6155   4.4
61.56   12.2888   4.4
61.58   12.424   4.4
61.6   12.503   4.4
61.62   12.8741   4.4
61.64   13.6029   4.4
61.66   14.6831   4.4
61.68   16.1225   4.4
61.7   17.9712   4.4
61.72   20.3389   4.50986
61.74   23.4227   4.8397
61.76   27.5553   5.24931
61.78   33.2611   5.76724
61.8   41.2934   6.42599
61.82   52.5733   7.25075
61.84   67.713   8.22879
61.86   87.095   9.33247
61.88   115.09   10.728
61.9   159.848   12.6431
61.92   223.886   14.9628
61.94   287.723   16.9624
61.96   307.322   17.5306
61.98   289.012   17.0004
62   287.72   16.9623
62.02   329.428   18.1501
62.04   396.968   19.924
62.06   423.254   20.5731
62.08   366.766   19.1511
62.1   273.085   16.5253
62.12   189.153   13.7533
62.14   130.846   11.4388
62.16   94.9624   9.74486
62.18   74.0793   8.60693
62.2   62.1418   7.88301
62.22   55.6979   7.4631
62.24   53.1322   7.28919
62.26   54.0791   7.35385
62.28   59.5372   7.71604
62.3   71.209   8.43855
62.32   93.1531   9.65159
62.34   129.996   11.4016
62.36   183.251   13.537
62.38   236.707   15.3853
62.4   246.349   15.6955
62.42   202.597   14.2337
62.44   149.687   12.2347
62.46   112.533   10.6082
62.48   93.3111   9.65977
62.5   89.2844   9.44904
62.52   99.5429   9.97712
62.54   126.355   11.2408
62.56   172.689   13.1411
62.58   236.66   15.3837
62.6   293.829   17.1415
62.62   300.761   17.3425
62.64   269.649   16.421
62.66   236.672   15.3842
62.68   195.365   13.9773
62.7   144.007   12.0003
62.72   100.386   10.0193
62.74   70.4608   8.39409
62.76   51.4201   7.17078
62.78   39.4363   6.27983
62.8   31.6442   5.62532
62.82   26.2832   5.12671
62.84   22.3919   4.73201
62.86   19.4821   4.41386
62.88   17.2121   4.4
62.9   15.412   4.4
62.92   13.9694   4.4
62.94   12.801   4.4
62.96   11.8479   4.4
62.98   11.0675   4.4
63   10.4286   4.4
63.02   10.3016   4.4
63.04   9.92713   4.4
63.06   9.6092   4.4
63.08   9.37155   4.4
63.1   9.20816   4.4
63.12   9.11555   4.4
63.14   9.0926   4.4
63.16   9.1406   4.4
63.18   9.26343   4.4
63.2   9.46805   4.4
63.22   9.76531   4.4
63.24   10.1713   4.4
63.26   10.8666   4.4
63.28   11.5764   4.4
63.3   12.5063   4.4
63.32   13.7424   4.4
63.34   15.4265   4.4
63.36   17.8813   4.4
63.38   21.6488   4.65283
63.4   27.6264   5.25608
63.42   36.9185   6.07606
63.44   49.7949   7.05655
63.46   63.6615   7.97881
63.48   69.0328   8.3086
63.5   63.1958   7.94958
63.52   55.7987   7.46985
63.54   54.3034   7.36908
63.56   60.5634   7.78225
63.58   76.213   8.73001
63.6   102.432   10.1209
63.62   136.364   11.6775
63.64   165.455   12.8629
63.66   186.053   13.6401
63.68   217.43   14.7455
63.7   263.055   16.219
63.72   284.956   16.8806
63.74   251.211   15.8496
63.76   197.327   14.0473
63.78   153.787   12.4011
63.8   118.74   10.8968
63.82   90.5467   9.5156
63.84   72.0608   8.48886
63.86   62.863   7.92862
63.88   61.7316   7.85695
63.9   69.6694   8.34682
63.92   88.6778   9.41689
63.94   120.796   10.9907
63.96   160.983   12.6879
63.98   183.567   13.5487
64   162.979   12.7663
64.02   120.477   10.9762
64.04   83.7408   9.151
64.06   59.2274   7.69593
64.08   44.2583   6.65269
64.1   35.8193   5.98492
64.12   31.0642   5.57352
64.14   28.5006   5.33859
64.16   27.3245   5.22728
64.18   27.5359   5.24747
64.2   29.1473   5.39882
64.22   32.6133   5.71081
64.24   38.7189   6.22245
64.26   48.1148   6.93649
64.28   60.2324   7.76095
64.3   70.5446   8.39908
64.32   74.3258   8.62124
64.34   75.4844   8.68817
64.36   81.7142   9.03959
64.38   99.5998   9.97997
64.4   136.179   11.6696
64.42   200.068   14.1446
64.44   296.57   17.2212
64.46   405.919   20.1474
64.48   451.331   21.2446
64.5   382.721   19.5632
64.52   272.542   16.5088
64.54   184.149   13.5701
64.56   127.844   11.3068
64.58   96.5467   9.82582
64.6   82.4521   9.08031
64.62   81.3607   9.02002
64.64   92.835   9.63509
64.66   117.994   10.8625
64.68   153.379   12.3846
64.7   177.501   13.323
64.72   161.645   12.714
64.74   120.44   10.9745
64.76   82.7794   9.09832
64.78   56.7693   7.53454
64.8   40.5152   6.36515
64.82   30.5902   5.53084
64.84   24.3088   4.9304
64.86   20.0542   4.47819
64.88   16.9809   4.4
64.9   14.6576   4.4
64.92   12.847   4.4
64.94   11.404   4.4
64.96   10.3576   4.4
64.98   9.40064   4.4
65   8.60516   4.4
65.02   7.93799   4.4
65.04   7.37472   4.4
65.06   6.8972   4.4
65.08   6.49181   4.4
65.1   6.06266   4.4
65.12   5.77601   4.4
65.14   5.53876   4.4
65.16   5.34829   4.4
65.18   4.97278   4.4
65.2   4.88355   4.4
65.22   4.84439   4.4
65.24   4.8498   4.4
65.26   4.84153   4.4
65.28   5.05629   4.4
65.3   5.1742   4.4
65.32   5.38877   4.4
65.34   5.92307   4.4
65.36   6.46372   4.4
65.38   7.3092   4.4
65.4   8.68801   4.4
65.42   11.0002   4.4
65.44   14.6527   4.4
65.46   20.491   4.5267
65.48   27.3877   5.23332
65.5   31.4598   5.6089
65.52   28.7957   5.36616
65.54   23.0511   4.80115
65.56   18.7208   4.4
65.58   16.9616   4.4
65.6   17.9818   4.4
65.62   22.0149   4.69201
65.64   29.2672   5.40991
65.66   38.4038   6.19708
65.68   43.4691   6.59311
65.7   38.9055   6.23743
65.72   29.9055   5.46859
65.74   22.5607   4.74981
65.76   18.1797   4.4
65.78   16.4263   4.4
65.8   16.8605   4.4
65.82   19.6364   4.4313
65.84   25.5101   5.05076
65.86   35.5513   5.96249
65.88   49.7042   7.05012
65.9   62.5332   7.90779
65.92   62.2311   7.88867
65.94   48.6051   6.97173
65.96   34.1889   5.84712
65.98   23.8441   4.88304
66   17.4448   4.4
66.02   13.7499   4.4
66.04   11.661   4.4
66.06   10.4807   4.4
66.08   9.84183   4.4
66.1   9.56834   4.4
66.12   9.5782   4.4
66.14   9.83725   4.4
66.16   10.3417   4.4
66.18   10.9634   4.4
66.2   12.0565   4.4
66.22   13.5538   4.4
66.24   15.6079   4.4
66.26   18.454   4.4
66.28   22.5715   4.75095
66.3   28.9   5.37587
66.32   39.248   6.26482
66.34   56.5958   7.52302
66.36   84.6642   9.20132
66.38   125.193   11.189
66.4   168.057   12.9637
66.42   180.49   13.4347
66.44   149.013   12.2071
66.46   106.045   10.2978
66.48   73.2564   8.559
66.5   52.8096   7.26702
66.52   41.4151   6.43545
66.54   35.7016   5.97508
66.56   33.4553   5.78405
66.58   33.5949   5.79611
66.6   35.8516   5.98762
66.62   40.5168   6.36528
66.64   48.6895   6.97778
66.66   62.594   7.91164
66.68   85.9254   9.2696
66.7   123.425   11.1097
66.72   177.674   13.3294
66.74   237.579   15.4136
66.76   273.932   16.5509
66.78   287.073   16.9432
66.8   295.1   17.1785
66.82   275.741   16.6055
66.84   227.475   15.0823
66.86   188.305   13.7224
66.88   174.828   13.2222
66.9   176.621   13.2899
66.92   165.754   12.8746
66.94   133.92   11.5724
66.96   102.325   10.1156
66.98   83.0002   9.11044
67   75.5815   8.69376
67.02   73.0436   8.54655
67.04   64.8608   8.05362
67.06   50.6839   7.11926
67.08   37.5802   6.13027
67.1   28.2303   5.31322
67.12   22.0076   4.69122
67.14   17.9503   4.4
67.16   15.3311   4.4
67.18   13.6509   4.4
67.2   12.7155   4.4
67.22   12.459   4.4
67.24   12.7108   4.4
67.26   12.7606   4.4
67.28   11.6628   4.4
67.3   9.8559   4.4
67.32   8.23325   4.4
67.34   7.13023   4.4
67.36   6.29913   4.4
67.38   5.71363   4.4
67.4   5.22874   4.4
67.42   4.90176   4.4
67.44   4.64705   4.4
67.46   4.45022   4.4
67.48   4.30685   4.4
67.5   4.21082   4.4
67.52   4.16734   4.4
67.54   4.18565   4.4
67.56   4.28628   4.4
67.58   4.51236   4.4
67.6   4.94796   4.4
67.62   6.24881   4.4
67.64   7.57565   4.4
67.66   9.52503   4.4
67.68   11.6616   4.4
67.7   12.538   4.4
67.72   11.5504   4.4
67.74   10.0443   4.4
67.76   9.11817   4.4
67.78   9.03988   4.4
67.8   10.125   4.4
67.82   12.5903   4.4
67.84   16.4516   4.4
67.86   20.5042   4.52815
67.88   21.2607   4.61093
67.9   18.1271   4.4
67.92   14.2337   4.4
67.94   11.5768   4.4
67.96   10.4214   4.4
67.98   10.6787   4.4
68   12.3961   4.4
68.02   15.7514   4.4
68.04   20.5277   4.53076
68.06   24.5822   4.95804
68.08   24.1107   4.91027
68.1   19.9625   4.46795
68.12   16.0189   4.4
68.14   13.8401   4.4
68.16   13.6081   4.4
68.18   15.3899   4.4
68.2   19.5427   4.42072
68.22   25.6504   5.06462
68.24   31.2602   5.59108
68.26   31.6343   5.62443
68.28   26.1491   5.11362
68.3   19.9011   4.46106
68.32   15.6893   4.4
68.34   14.0944   4.4
68.36   13.1201   4.4
68.38   13.0672   4.4
68.4   13.5949   4.4
68.42   14.9068   4.4
68.44   17.0888   4.4
68.46   20.6607   4.54541
68.48   26.6398   5.16138
68.5   36.6161   6.05112
68.52   52.2904   7.23121
68.54   73.6214   8.58029
68.56   92.477   9.6165
68.58   92.2438   9.60436
68.6   74.3817   8.62448
68.62   55.9083   7.47719
68.64   43.4935   6.59496
68.66   37.378   6.11376
68.68   36.2593   6.02157
68.7   39.3059   6.26944
68.72   46.3397   6.80733
68.74   57.5864   7.58857
68.76   74.5922   8.63668
68.78   97.7947   9.88912
68.8   117.357   10.8331
68.82   115.006   10.7241
68.84   95.2897   9.76164
68.86   76.7809   8.76247
68.88   66.4155   8.14957
68.9   64.1336   8.00834
68.92   68.9382   8.3029
68.94   80.9717   8.99843
68.96   102.736   10.1359
68.98   140.878   11.8692
69   206.077   14.3554
69.02   308.306   17.5586
69.04   439.965   20.9753
69.06   533.565   23.099
69.08   494.515   22.2377
69.1   368.967   19.2085
69.12   253.969   15.9364
69.14   178.759   13.3701
69.16   139.271   11.8013
69.18   126.104   11.2296
69.2   129.776   11.3919
69.22   135.227   11.6287
69.24   123.412   11.1091
69.26   97.8998   9.89443
69.28   74.3719   8.62391
69.3   58.0007   7.61582
69.32   47.8478   6.91721
69.34   41.9413   6.47621
69.36   38.686   6.2198
69.38   37.1621   6.09607
69.4   36.8834   6.07317
69.42   37.6664   6.13729
69.44   39.4963   6.28461
69.46   42.4879   6.51827
69.48   46.9046   6.84869
69.5   53.247   7.29705
69.52   62.4704   7.90382
69.54   76.3829   8.73973
69.56   98.2579   9.91251
69.58   132.937   11.5298
69.6   185.735   13.6285
69.62   256.387   16.0121
69.64   324.151   18.0042
69.66   360.127   18.977
69.68   380.875   19.516
69.7   417.458   20.4318
69.72   478.967   21.8853
69.74   588.125   24.2513
69.76   742.146   27.2423
69.78   828.19   28.7783
69.8   723.27   26.8937
69.82   522.254   22.8529
69.84   351.054   18.7364
69.86   237.1   15.398
69.88   168.577   12.9837
69.9   129.244   11.3685
69.92   107.324   10.3597
69.94   96.6295   9.83003
69.96   95.4112   9.76787
69.98   105.176   10.2555
70   129.542   11.3816
