1.54056
5   0   4.4
5.02   0   4.4
5.04   0   4.4
5.06   0   4.4
5.08   0   4.4
5.1   0   4.4
5.12   0   4.4
5.14   0   4.4
5.16   0   4.4
5.18   0   4.4
5.2   0   4.4
5.22   0   4.4
5.24   0   4.4
5.26   0   4.4
5.28   0   4.4
5.3   0   4.4
5.32   0   4.4
5.34   0   4.4
5.36   0   4.4
5.38   0   4.4
5.4   0   4.4
5.42   0   4.4
5.44   0   4.4
5.46   0   4.4
5.48   0   4.4
5.5   0   4.4
5.52   0   4.4
5.54   0   4.4
5.56   0   4.4
5.58   0   4.4
5.6   0   4.4
5.62   0   4.4
5.64   0   4.4
5.66   0   4.4
5.68   0   4.4
5.7   0   4.4
5.72   0   4.4
5.74   0   4.4
5.76   0   4.4
5.78   0   4.4
5.8   0   4.4
5.82   0   4.4
5.84   0   4.4
5.86   0   4.4
5.88   0   4.4
5.9   0   4.4
5.92   0   4.4
5.94   0   4.4
5.96   0   4.4
5.98   0   4.4
6   0   4.4
6.02   0   4.4
6.04   0   4.4
6.06   0   4.4
6.08   0   4.4
6.1   0   4.4
6.12   0   4.4
6.14   0   4.4
6.16   0   4.4
6.18   0   4.4
6.2   0   4.4
6.22   0   4.4
6.24   0   4.4
6.26   0   4.4
6.28   0   4.4
6.3   0   4.4
6.32   0   4.4
6.34   0   4.4
6.36   0   4.4
6.38   0   4.4
6.4   0   4.4
6.42   0   4.4
6.44   0   4.4
6.46   0   4.4
6.48   0   4.4
6.5   0   4.4
6.52   0   4.4
6.54   0   4.4
6.56   0   4.4
6.58   0   4.4
6.6   0   4.4
6.62   0   4.4
6.64   0   4.4
6.66   0   4.4
6.68   0   4.4
6.7   0   4.4
6.72   0   4.4
6.74   0   4.4
6.76   0   4.4
6.78   0   4.4
6.8   0   4.4
6.82   0   4.4
6.84   0   4.4
6.86   0   4.4
6.88   0   4.4
6.9   0   4.4
6.92   0   4.4
6.94   0   4.4
6.96   0   4.4
6.98   0   4.4
7   0   4.4
7.02   0   4.4
7.04   0   4.4
7.06   0   4.4
7.08   0   4.4
7.1   0   4.4
7.12   0   4.4
7.14   0   4.4
7.16   0   4.4
7.18   0   4.4
7.2   0   4.4
7.22   0   4.4
7.24   0   4.4
7.26   0   4.4
7.28   0   4.4
7.3   0   4.4
7.32   0   4.4
7.34   0   4.4
7.36   0   4.4
7.38   0   4.4
7.4   0   4.4
7.42   0   4.4
7.44   0   4.4
7.46   0   4.4
7.48   0   4.4
7.5   0   4.4
7.52   0   4.4
7.54   0   4.4
7.56   0   4.4
7.58   0   4.4
7.6   0   4.4
7.62   0   4.4
7.64   0   4.4
7.66   0   4.4
7.68   0   4.4
7.7   0   4.4
7.72   0   4.4
7.74   0   4.4
7.76   0   4.4
7.78   0   4.4
7.8   0   4.4
7.82   0   4.4
7.84   0   4.4
7.86   0   4.4
7.88   0   4.4
7.9   0   4.4
7.92   0   4.4
7.94   0   4.4
7.96   0   4.4
7.98   0   4.4
8   0   4.4
8.02   0   4.4
8.04   0   4.4
8.06   0   4.4
8.08   0   4.4
8.1   0   4.4
8.12   0   4.4
8.14   0   4.4
8.16   0   4.4
8.18   0   4.4
8.2   0   4.4
8.22   0   4.4
8.24   0   4.4
8.26   0   4.4
8.28   0   4.4
8.3   0   4.4
8.32   0   4.4
8.34   0   4.4
8.36   0   4.4
8.38   0   4.4
8.4   0   4.4
8.42   0   4.4
8.44   0   4.4
8.46   0   4.4
8.48   0   4.4
8.5   0   4.4
8.52   0   4.4
8.54   0   4.4
8.56   0   4.4
8.58   0   4.4
8.6   0   4.4
8.62   0   4.4
8.64   0   4.4
8.66   0   4.4
8.68   0   4.4
8.7   0   4.4
8.72   0   4.4
8.74   0   4.4
8.76   0   4.4
8.78   0   4.4
8.8   0   4.4
8.82   0   4.4
8.84   0   4.4
8.86   0   4.4
8.88   0   4.4
8.9   0   4.4
8.92   0   4.4
8.94   0   4.4
8.96   0   4.4
8.98   0   4.4
9   0   4.4
9.02   0   4.4
9.04   0   4.4
9.06   0   4.4
9.08   0   4.4
9.1   0   4.4
9.12   0   4.4
9.14   0   4.4
9.16   0   4.4
9.18   0   4.4
9.2   0   4.4
9.22   0   4.4
9.24   0   4.4
9.26   0   4.4
9.28   0   4.4
9.3   0   4.4
9.32   0   4.4
9.34   0   4.4
9.36   0   4.4
9.38   0   4.4
9.4   0   4.4
9.42   0   4.4
9.44   0   4.4
9.46   0   4.4
9.48   0   4.4
9.5   0   4.4
9.52   0   4.4
9.54   0   4.4
9.56   0   4.4
9.58   0   4.4
9.6   0   4.4
9.62   0   4.4
9.64   0   4.4
9.66   0   4.4
9.68   0   4.4
9.7   0   4.4
9.72   0   4.4
9.74   0   4.4
9.76   0   4.4
9.78   0   4.4
9.8   0   4.4
9.82   0   4.4
9.84   0   4.4
9.86   0   4.4
9.88   0   4.4
9.9   0   4.4
9.92   0   4.4
9.94   0   4.4
9.96   0   4.4
9.98   0   4.4
10   0   4.4
10.02   0   4.4
10.04   0   4.4
10.06   0   4.4
10.08   0   4.4
10.1   0   4.4
10.12   0   4.4
10.14   0   4.4
10.16   0   4.4
10.18   0   4.4
10.2   0   4.4
10.22   0   4.4
10.24   0   4.4
10.26   0   4.4
10.28   0   4.4
10.3   0   4.4
10.32   0   4.4
10.34   0   4.4
10.36   0   4.4
10.38   0   4.4
10.4   0   4.4
10.42   0   4.4
10.44   0   4.4
10.46   0   4.4
10.48   0   4.4
10.5   0   4.4
10.52   0   4.4
10.54   0   4.4
10.56   0   4.4
10.58   0   4.4
10.6   0   4.4
10.62   0   4.4
10.64   0   4.4
10.66   0   4.4
10.68   0   4.4
10.7   0   4.4
10.72   0   4.4
10.74   0   4.4
10.76   0   4.4
10.78   0   4.4
10.8   0   4.4
10.82   0   4.4
10.84   0   4.4
10.86   0   4.4
10.88   0   4.4
10.9   0   4.4
10.92   0   4.4
10.94   0   4.4
10.96   0   4.4
10.98   0   4.4
11   0   4.4
11.02   0   4.4
11.04   0   4.4
11.06   0   4.4
11.08   0   4.4
11.1   0   4.4
11.12   0   4.4
11.14   0   4.4
11.16   0   4.4
11.18   0   4.4
11.2   0   4.4
11.22   0   4.4
11.24   0   4.4
11.26   0   4.4
11.28   0   4.4
11.3   0   4.4
11.32   0   4.4
11.34   0   4.4
11.36   0   4.4
11.38   0   4.4
11.4   0   4.4
11.42   0   4.4
11.44   0   4.4
11.46   0   4.4
11.48   0   4.4
11.5   0   4.4
11.52   0   4.4
11.54   0   4.4
11.56   0   4.4
11.58   0   4.4
11.6   0   4.4
11.62   0   4.4
11.64   0   4.4
11.66   0   4.4
11.68   0   4.4
11.7   0   4.4
11.72   0   4.4
11.74   0   4.4
11.76   0   4.4
11.78   0   4.4
11.8   0   4.4
11.82   0   4.4
11.84   0   4.4
11.86   0   4.4
11.88   0   4.4
11.9   0   4.4
11.92   0   4.4
11.94   0   4.4
11.96   0   4.4
11.98   0   4.4
12   0   4.4
12.02   0   4.4
12.04   0   4.4
12.06   0   4.4
12.08   0   4.4
12.1   0   4.4
12.12   0   4.4
12.14   0   4.4
12.16   0   4.4
12.18   0   4.4
12.2   0   4.4
12.22   0   4.4
12.24   0   4.4
12.26   0   4.4
12.28   0   4.4
12.3   0   4.4
12.32   0   4.4
12.34   0   4.4
12.36   0   4.4
12.38   0   4.4
12.4   0   4.4
12.42   0   4.4
12.44   0   4.4
12.46   0   4.4
12.48   0   4.4
12.5   0   4.4
12.52   0   4.4
12.54   0   4.4
12.56   0   4.4
12.58   0   4.4
12.6   0   4.4
12.62   0   4.4
12.64   0   4.4
12.66   0   4.4
12.68   0   4.4
12.7   0   4.4
12.72   0   4.4
12.74   0   4.4
12.76   0   4.4
12.78   0   4.4
12.8   0   4.4
12.82   0   4.4
12.84   0   4.4
12.86   0   4.4
12.88   0   4.4
12.9   0   4.4
12.92   0   4.4
12.94   0   4.4
12.96   0   4.4
12.98   0   4.4
13   0   4.4
13.02   0   4.4
13.04   0   4.4
13.06   0   4.4
13.08   0   4.4
13.1   0   4.4
13.12   0   4.4
13.14   0   4.4
13.16   0   4.4
13.18   0   4.4
13.2   0   4.4
13.22   0   4.4
13.24   0   4.4
13.26   0   4.4
13.28   0   4.4
13.3   0   4.4
13.32   0   4.4
13.34   0   4.4
13.36   0   4.4
13.38   0   4.4
13.4   0   4.4
13.42   0   4.4
13.44   0   4.4
13.46   0   4.4
13.48   0   4.4
13.5   0   4.4
13.52   0   4.4
13.54   0   4.4
13.56   0   4.4
13.58   0   4.4
13.6   0   4.4
13.62   0   4.4
13.64   0   4.4
13.66   0   4.4
13.68   0   4.4
13.7   0   4.4
13.72   0   4.4
13.74   0   4.4
13.76   0   4.4
13.78   0   4.4
13.8   0   4.4
13.82   0   4.4
13.84   0   4.4
13.86   0   4.4
13.88   0   4.4
13.9   0   4.4
13.92   0   4.4
13.94   0   4.4
13.96   0   4.4
13.98   0   4.4
14   0   4.4
14.02   0   4.4
14.04   0   4.4
14.06   0   4.4
14.08   0   4.4
14.1   0   4.4
14.12   0   4.4
14.14   0   4.4
14.16   0   4.4
14.18   0   4.4
14.2   0   4.4
14.22   0   4.4
14.24   0   4.4
14.26   0   4.4
14.28   0   4.4
14.3   0   4.4
14.32   0   4.4
14.34   0   4.4
14.36   0   4.4
14.38   0   4.4
14.4   0   4.4
14.42   0   4.4
14.44   0   4.4
14.46   0   4.4
14.48   0   4.4
14.5   0   4.4
14.52   0   4.4
14.54   0   4.4
14.56   0   4.4
14.58   0   4.4
14.6   0   4.4
14.62   0   4.4
14.64   0   4.4
14.66   0   4.4
14.68   0   4.4
14.7   0   4.4
14.72   0   4.4
14.74   0   4.4
14.76   0   4.4
14.78   0   4.4
14.8   0   4.4
14.82   0   4.4
14.84   0   4.4
14.86   0   4.4
14.88   0   4.4
14.9   0   4.4
14.92   0   4.4
14.94   0   4.4
14.96   0   4.4
14.98   0   4.4
15   0   4.4
15.02   0   4.4
15.04   0   4.4
15.06   0   4.4
15.08   0   4.4
15.1   0   4.4
15.12   0   4.4
15.14   0   4.4
15.16   0   4.4
15.18   0   4.4
15.2   0   4.4
15.22   0   4.4
15.24   0   4.4
15.26   0   4.4
15.28   0   4.4
15.3   0   4.4
15.32   0   4.4
15.34   0   4.4
15.36   0   4.4
15.38   0   4.4
15.4   0   4.4
15.42   0   4.4
15.44   0   4.4
15.46   0   4.4
15.48   0   4.4
15.5   0   4.4
15.52   0   4.4
15.54   0   4.4
15.56   0   4.4
15.58   0   4.4
15.6   0   4.4
15.62   0   4.4
15.64   0   4.4
15.66   0   4.4
15.68   0   4.4
15.7   0   4.4
15.72   0   4.4
15.74   0   4.4
15.76   0   4.4
15.78   0   4.4
15.8   0   4.4
15.82   0   4.4
15.84   0   4.4
15.86   0   4.4
15.88   0   4.4
15.9   0   4.4
15.92   0   4.4
15.94   0   4.4
15.96   0   4.4
15.98   0   4.4
16   0   4.4
16.02   0   4.4
16.04   0   4.4
16.06   0   4.4
16.08   0   4.4
16.1   0   4.4
16.12   0   4.4
16.14   0   4.4
16.16   0   4.4
16.18   0   4.4
16.2   0   4.4
16.22   0   4.4
16.24   0   4.4
16.26   0   4.4
16.28   0   4.4
16.3   0   4.4
16.32   0   4.4
16.34   0   4.4
16.36   0   4.4
16.38   0   4.4
16.4   0   4.4
16.42   0   4.4
16.44   0   4.4
16.46   0   4.4
16.48   0   4.4
16.5   0   4.4
16.52   0   4.4
16.54   0   4.4
16.56   0   4.4
16.58   0   4.4
16.6   0   4.4
16.62   0   4.4
16.64   0   4.4
16.66   0   4.4
16.68   0   4.4
16.7   0   4.4
16.72   0   4.4
16.74   0   4.4
16.76   0   4.4
16.78   0   4.4
16.8   0   4.4
16.82   0   4.4
16.84   0   4.4
16.86   0   4.4
16.88   0   4.4
16.9   0   4.4
16.92   0   4.4
16.94   0   4.4
16.96   0   4.4
16.98   0   4.4
17   0   4.4
17.02   0   4.4
17.04   0   4.4
17.06   0   4.4
17.08   0   4.4
17.1   0   4.4
17.12   0   4.4
17.14   0   4.4
17.16   0   4.4
17.18   0   4.4
17.2   0   4.4
17.22   0   4.4
17.24   0   4.4
17.26   0   4.4
17.28   0   4.4
17.3   0   4.4
17.32   0   4.4
17.34   0   4.4
17.36   0   4.4
17.38   0   4.4
17.4   0   4.4
17.42   0   4.4
17.44   0   4.4
17.46   0   4.4
17.48   0   4.4
17.5   0   4.4
17.52   0   4.4
17.54   0   4.4
17.56   0   4.4
17.58   0   4.4
17.6   0   4.4
17.62   0   4.4
17.64   0   4.4
17.66   0   4.4
17.68   0   4.4
17.7   0   4.4
17.72   0   4.4
17.74   0   4.4
17.76   0   4.4
17.78   0   4.4
17.8   0   4.4
17.82   0   4.4
17.84   0   4.4
17.86   0   4.4
17.88   0   4.4
17.9   0   4.4
17.92   0   4.4
17.94   0   4.4
17.96   0   4.4
17.98   0   4.4
18   0   4.4
18.02   0   4.4
18.04   0   4.4
18.06   0   4.4
18.08   0   4.4
18.1   0   4.4
18.12   0   4.4
18.14   0   4.4
18.16   0   4.4
18.18   0   4.4
18.2   0   4.4
18.22   0   4.4
18.24   0   4.4
18.26   0   4.4
18.28   0   4.4
18.3   0   4.4
18.32   0   4.4
18.34   0   4.4
18.36   0   4.4
18.38   0   4.4
18.4   0   4.4
18.42   0   4.4
18.44   0   4.4
18.46   0   4.4
18.48   0   4.4
18.5   0   4.4
18.52   0   4.4
18.54   0   4.4
18.56   0   4.4
18.58   0   4.4
18.6   0   4.4
18.62   0   4.4
18.64   0   4.4
18.66   0   4.4
18.68   0   4.4
18.7   0   4.4
18.72   0   4.4
18.74   0   4.4
18.76   0   4.4
18.78   0   4.4
18.8   0   4.4
18.82   0   4.4
18.84   0   4.4
18.86   0   4.4
18.88   0   4.4
18.9   0   4.4
18.92   0   4.4
18.94   0   4.4
18.96   0   4.4
18.98   0   4.4
19   0   4.4
19.02   0   4.4
19.04   0   4.4
19.06   0   4.4
19.08   0   4.4
19.1   0   4.4
19.12   0   4.4
19.14   0   4.4
19.16   0   4.4
19.18   0   4.4
19.2   0   4.4
19.22   0   4.4
19.24   0   4.4
19.26   0   4.4
19.28   0   4.4
19.3   0   4.4
19.32   0   4.4
19.34   0   4.4
19.36   0   4.4
19.38   0   4.4
19.4   0   4.4
19.42   0   4.4
19.44   0   4.4
19.46   0   4.4
19.48   0   4.4
19.5   0   4.4
19.52   0   4.4
19.54   0   4.4
19.56   0   4.4
19.58   0   4.4
19.6   0   4.4
19.62   0   4.4
19.64   0   4.4
19.66   0   4.4
19.68   0   4.4
19.7   0   4.4
19.72   0   4.4
19.74   0   4.4
19.76   0   4.4
19.78   0   4.4
19.8   0   4.4
19.82   0   4.4
19.84   0   4.4
19.86   0   4.4
19.88   0   4.4
19.9   0   4.4
19.92   0   4.4
19.94   0   4.4
19.96   0   4.4
19.98   0   4.4
20   0   4.4
20.02   0   4.4
20.04   0   4.4
20.06   0   4.4
20.08   0   4.4
20.1   0   4.4
20.12   0   4.4
20.14   0   4.4
20.16   0   4.4
20.18   0   4.4
20.2   0   4.4
20.22   0   4.4
20.24   0   4.4
20.26   0   4.4
20.28   0   4.4
20.3   0   4.4
20.32   0   4.4
20.34   0   4.4
20.36   0   4.4
20.38   0   4.4
20.4   0   4.4
20.42   0   4.4
20.44   0   4.4
20.46   0   4.4
20.48   0   4.4
20.5   0   4.4
20.52   0   4.4
20.54   0   4.4
20.56   0   4.4
20.58   0   4.4
20.6   0   4.4
20.62   0   4.4
20.64   0   4.4
20.66   0   4.4
20.68   0   4.4
20.7   0   4.4
20.72   0   4.4
20.74   0   4.4
20.76   0   4.4
20.78   0   4.4
20.8   0   4.4
20.82   0   4.4
20.84   0   4.4
20.86   0   4.4
20.88   0   4.4
20.9   0   4.4
20.92   0   4.4
20.94   0   4.4
20.96   0   4.4
20.98   0   4.4
21   0   4.4
21.02   0   4.4
21.04   0   4.4
21.06   0   4.4
21.08   0   4.4
21.1   0   4.4
21.12   0   4.4
21.14   0   4.4
21.16   0   4.4
21.18   0   4.4
21.2   0   4.4
21.22   0   4.4
21.24   0   4.4
21.26   0   4.4
21.28   0   4.4
21.3   0   4.4
21.32   0   4.4
21.34   0   4.4
21.36   0   4.4
21.38   0   4.4
21.4   0   4.4
21.42   0   4.4
21.44   0   4.4
21.46   0   4.4
21.48   0   4.4
21.5   0   4.4
21.52   0   4.4
21.54   0   4.4
21.56   0   4.4
21.58   0   4.4
21.6   0   4.4
21.62   0   4.4
21.64   0   4.4
21.66   0   4.4
21.68   0   4.4
21.7   0   4.4
21.72   0   4.4
21.74   0   4.4
21.76   0   4.4
21.78   0   4.4
21.8   0   4.4
21.82   0   4.4
21.84   0   4.4
21.86   0   4.4
21.88   0   4.4
21.9   0   4.4
21.92   0   4.4
21.94   0   4.4
21.96   0   4.4
21.98   0   4.4
22   0   4.4
22.02   0   4.4
22.04   0   4.4
22.06   0   4.4
22.08   0   4.4
22.1   0   4.4
22.12   0   4.4
22.14   0   4.4
22.16   0   4.4
22.18   0   4.4
22.2   0   4.4
22.22   0   4.4
22.24   0   4.4
22.26   0   4.4
22.28   0   4.4
22.3   0   4.4
22.32   0   4.4
22.34   0   4.4
22.36   0   4.4
22.38   0   4.4
22.4   0   4.4
22.42   0   4.4
22.44   0   4.4
22.46   0   4.4
22.48   0   4.4
22.5   0   4.4
22.52   0   4.4
22.54   0   4.4
22.56   0   4.4
22.58   0   4.4
22.6   0   4.4
22.62   0   4.4
22.64   0   4.4
22.66   0   4.4
22.68   0   4.4
22.7   0   4.4
22.72   0   4.4
22.74   0   4.4
22.76   0   4.4
22.78   0   4.4
22.8   0   4.4
22.82   0   4.4
22.84   0   4.4
22.86   0   4.4
22.88   0   4.4
22.9   0   4.4
22.92   0   4.4
22.94   0   4.4
22.96   0   4.4
22.98   0   4.4
23   0   4.4
23.02   0   4.4
23.04   0   4.4
23.06   0   4.4
23.08   0   4.4
23.1   0   4.4
23.12   0   4.4
23.14   0   4.4
23.16   0   4.4
23.18   0   4.4
23.2   0   4.4
23.22   0   4.4
23.24   0   4.4
23.26   0   4.4
23.28   0   4.4
23.3   0   4.4
23.32   0   4.4
23.34   0   4.4
23.36   0   4.4
23.38   0   4.4
23.4   0   4.4
23.42   0   4.4
23.44   0   4.4
23.46   0   4.4
23.48   0   4.4
23.5   0   4.4
23.52   0   4.4
23.54   0   4.4
23.56   0   4.4
23.58   0   4.4
23.6   0   4.4
23.62   0   4.4
23.64   0   4.4
23.66   0   4.4
23.68   0   4.4
23.7   0   4.4
23.72   0   4.4
23.74   0   4.4
23.76   0   4.4
23.78   0   4.4
23.8   0   4.4
23.82   0   4.4
23.84   0   4.4
23.86   0   4.4
23.88   0   4.4
23.9   0   4.4
23.92   0   4.4
23.94   0   4.4
23.96   0   4.4
23.98   0   4.4
24   0   4.4
24.02   0   4.4
24.04   0   4.4
24.06   0   4.4
24.08   0   4.4
24.1   5.90998   4.4
24.12   6.07395   4.4
24.14   6.24482   4.4
24.16   6.42301   4.4
24.18   6.60894   4.4
24.2   6.80305   4.4
24.22   7.00583   4.4
24.24   7.21782   4.4
24.26   7.43957   4.4
24.28   7.67169   4.4
24.3   7.91484   4.4
24.32   8.16974   4.4
24.34   8.43714   4.4
24.36   8.71787   4.4
24.38   9.01285   4.4
24.4   9.32305   4.4
24.42   9.64953   4.4
24.44   9.99345   4.4
24.46   10.3561   4.4
24.48   10.7388   4.4
24.5   11.1431   4.4
24.52   11.5707   4.4
24.54   12.0233   4.4
24.56   12.503   4.4
24.58   13.012   4.4
24.6   13.5527   4.4
24.62   14.1277   4.4
24.64   14.7401   4.4
24.66   15.3932   4.4
24.68   16.0906   4.4
24.7   16.8364   4.4
24.72   17.6353   4.4
24.74   18.4923   4.4
24.76   19.4133   4.40605
24.78   20.4047   4.51715
24.8   21.4739   4.63399
24.82   22.6293   4.75703
24.84   23.8804   4.88675
24.86   25.2379   5.02374
24.88   26.7144   5.1686
24.9   28.3242   5.32204
24.92   30.0836   5.48485
24.94   32.0118   5.6579
24.96   34.1311   5.84218
24.98   36.4675   6.03883
25   39.0516   6.24913
25.02   41.9196   6.47453
25.04   45.1145   6.71674
25.06   48.6879   6.97767
25.08   52.7017   7.2596
25.1   57.2311   7.56512
25.12   62.3679   7.89733
25.14   68.2252   8.25985
25.16   74.9436   8.657
25.18   82.6996   9.09393
25.2   91.7169   9.57689
25.22   102.282   10.1135
25.24   114.769   10.713
25.26   129.668   11.3872
25.28   147.635   12.1505
25.3   169.565   13.0217
25.32   196.695   14.0248
25.34   230.778   15.1914
25.36   274.362   16.5639
25.38   331.265   18.2007
25.4   407.519   20.1871
25.42   513.496   22.6605
25.44   668.947   25.864
25.46   913.282   30.2206
25.48   1320.15   36.3339
25.5   2004.64   44.7732
25.52   3095.8   55.64
25.54   4600.06   67.8237
25.56   5965.99   77.2398
25.58   5966.54   77.2434
25.6   4601.08   67.8313
25.62   3096.65   55.6475
25.64   2005.2   44.7794
25.66   1320.49   36.3385
25.68   913.48   30.2238
25.7   669.069   25.8664
25.72   513.577   22.6622
25.74   407.575   20.1885
25.76   331.307   18.2018
25.78   274.394   16.5648
25.8   230.803   15.1922
25.82   196.714   14.0255
25.84   169.58   13.0223
25.86   147.648   12.151
25.88   129.678   11.3876
25.9   114.778   10.7134
25.92   102.29   10.1138
25.94   91.7231   9.57722
25.96   82.7049   9.09422
25.98   74.9482   8.65726
26   68.2291   8.26009
26.02   62.3713   7.89755
26.04   57.2342   7.56533
26.06   52.7044   7.25978
26.08   48.6903   6.97785
26.1   45.1167   6.7169
26.12   41.9215   6.47468
26.14   39.0533   6.24926
26.16   36.469   6.03896
26.18   34.1325   5.8423
26.2   32.0131   5.65801
26.22   30.0847   5.48496
26.24   28.3252   5.32215
26.26   26.7154   5.1687
26.28   25.2388   5.02383
26.3   23.8812   4.88684
26.32   22.6301   4.75711
26.34   21.4746   4.63407
26.36   20.4053   4.51722
26.38   19.4139   4.40612
26.4   18.4929   4.4
26.42   17.6358   4.4
26.44   16.8369   4.4
26.46   16.0911   4.4
26.48   15.3936   4.4
26.5   14.7405   4.4
26.52   14.1281   4.4
26.54   13.553   4.4
26.56   13.0123   4.4
26.58   12.5034   4.4
26.6   12.0236   4.4
26.62   11.571   4.4
26.64   11.1434   4.4
26.66   10.7391   4.4
26.68   10.3563   4.4
26.7   9.99368   4.4
26.72   9.64974   4.4
26.74   9.32325   4.4
26.76   9.01304   4.4
26.78   8.71806   4.4
26.8   8.43731   4.4
26.82   8.1699   4.4
26.84   7.915   4.4
26.86   7.67184   4.4
26.88   7.43971   4.4
26.9   7.21796   4.4
26.92   7.00597   4.4
26.94   6.80317   4.4
26.96   6.60906   4.4
26.98   6.42313   4.4
27   6.24494   4.4
27.02   6.07405   4.4
27.04   5.91009   4.4
27.06   0   4.4
27.08   0   4.4
27.1   0   4.4
27.12   0   4.4
27.14   0   4.4
27.16   0   4.4
27.18   0   4.4
27.2   0   4.4
27.22   0   4.4
27.24   0   4.4
27.26   0   4.4
27.28   0   4.4
27.3   0   4.4
27.32   0   4.4
27.34   0   4.4
27.36   0   4.4
27.38   0   4.4
27.4   0   4.4
27.42   0   4.4
27.44   0   4.4
27.46   0   4.4
27.48   0   4.4
27.5   0   4.4
27.52   0   4.4
27.54   0   4.4
27.56   0   4.4
27.58   0   4.4
27.6   0   4.4
27.62   0   4.4
27.64   0   4.4
27.66   0   4.4
27.68   0   4.4
27.7   0   4.4
27.72   0   4.4
27.74   0   4.4
27.76   0   4.4
27.78   0   4.4
27.8   0   4.4
27.82   0   4.4
27.84   0   4.4
27.86   0   4.4
27.88   0   4.4
27.9   0   4.4
27.92   0   4.4
27.94   0   4.4
27.96   0   4.4
27.98   0   4.4
28   0   4.4
28.02   0   4.4
28.04   0   4.4
28.06   0   4.4
28.08   0   4.4
28.1   0   4.4
28.12   0   4.4
28.14   0   4.4
28.16   0   4.4
28.18   0   4.4
28.2   0   4.4
28.22   0   4.4
28.24   0   4.4
28.26   0   4.4
28.28   0   4.4
28.3   0   4.4
28.32   0   4.4
28.34   0   4.4
28.36   0   4.4
28.38   0   4.4
28.4   0   4.4
28.42   0   4.4
28.44   0   4.4
28.46   0   4.4
28.48   0   4.4
28.5   0   4.4
28.52   0   4.4
28.54   0   4.4
28.56   0   4.4
28.58   0   4.4
28.6   0   4.4
28.62   0   4.4
28.64   0   4.4
28.66   0   4.4
28.68   0   4.4
28.7   0   4.4
28.72   0   4.4
28.74   0   4.4
28.76   0   4.4
28.78   0   4.4
28.8   0   4.4
28.82   0   4.4
28.84   0   4.4
28.86   0   4.4
28.88   0   4.4
28.9   0   4.4
28.92   0   4.4
28.94   0   4.4
28.96   0   4.4
28.98   0   4.4
29   0   4.4
29.02   0   4.4
29.04   0   4.4
29.06   0   4.4
29.08   0   4.4
29.1   0   4.4
29.12   0   4.4
29.14   0   4.4
29.16   0   4.4
29.18   0   4.4
29.2   0   4.4
29.22   0   4.4
29.24   0   4.4
29.26   0   4.4
29.28   0   4.4
29.3   0   4.4
29.32   0   4.4
29.34   0   4.4
29.36   0   4.4
29.38   0   4.4
29.4   0   4.4
29.42   0   4.4
29.44   0   4.4
29.46   0   4.4
29.48   0   4.4
29.5   0   4.4
29.52   0   4.4
29.54   0   4.4
29.56   0   4.4
29.58   0   4.4
29.6   0   4.4
29.62   0   4.4
29.64   0   4.4
29.66   0   4.4
29.68   0   4.4
29.7   0   4.4
29.72   0   4.4
29.74   0   4.4
29.76   0   4.4
29.78   0   4.4
29.8   0   4.4
29.82   0   4.4
29.84   0   4.4
29.86   0   4.4
29.88   0   4.4
29.9   0   4.4
29.92   0   4.4
29.94   0   4.4
29.96   0   4.4
29.98   0   4.4
30   0   4.4
30.02   0   4.4
30.04   0   4.4
30.06   0   4.4
30.08   0   4.4
30.1   0   4.4
30.12   0   4.4
30.14   0   4.4
30.16   0   4.4
30.18   0   4.4
30.2   0   4.4
30.22   0   4.4
30.24   0   4.4
30.26   0   4.4
30.28   0   4.4
30.3   0   4.4
30.32   0   4.4
30.34   0   4.4
30.36   0   4.4
30.38   0   4.4
30.4   0   4.4
30.42   0   4.4
30.44   0   4.4
30.46   0   4.4
30.48   0   4.4
30.5   0   4.4
30.52   0   4.4
30.54   0   4.4
30.56   0   4.4
30.58   0   4.4
30.6   0   4.4
30.62   0   4.4
30.64   0   4.4
30.66   0   4.4
30.68   0   4.4
30.7   0   4.4
30.72   0   4.4
30.74   0   4.4
30.76   0   4.4
30.78   0   4.4
30.8   0   4.4
30.82   0   4.4
30.84   0   4.4
30.86   0   4.4
30.88   0   4.4
30.9   0   4.4
30.92   0   4.4
30.94   0   4.4
30.96   0   4.4
30.98   0   4.4
31   0   4.4
31.02   0   4.4
31.04   0   4.4
31.06   0   4.4
31.08   0   4.4
31.1   0   4.4
31.12   0   4.4
31.14   0   4.4
31.16   0   4.4
31.18   0   4.4
31.2   0   4.4
31.22   0   4.4
31.24   0   4.4
31.26   0   4.4
31.28   0   4.4
31.3   0   4.4
31.32   0   4.4
31.34   0   4.4
31.36   0   4.4
31.38   0   4.4
31.4   0   4.4
31.42   0   4.4
31.44   0   4.4
31.46   0   4.4
31.48   0   4.4
31.5   0   4.4
31.52   0   4.4
31.54   0   4.4
31.56   0   4.4
31.58   0   4.4
31.6   0   4.4
31.62   0   4.4
31.64   0   4.4
31.66   0   4.4
31.68   0   4.4
31.7   0   4.4
31.72   0   4.4
31.74   0   4.4
31.76   0   4.4
31.78   0   4.4
31.8   0   4.4
31.82   0   4.4
31.84   0   4.4
31.86   0   4.4
31.88   0   4.4
31.9   0   4.4
31.92   0   4.4
31.94   0   4.4
31.96   0   4.4
31.98   0   4.4
32   0   4.4
32.02   0   4.4
32.04   0   4.4
32.06   0   4.4
32.08   0   4.4
32.1   0   4.4
32.12   0   4.4
32.14   0   4.4
32.16   0   4.4
32.18   0   4.4
32.2   0   4.4
32.22   0   4.4
32.24   0   4.4
32.26   0   4.4
32.28   0   4.4
32.3   0   4.4
32.32   0   4.4
32.34   0   4.4
32.36   0   4.4
32.38   0   4.4
32.4   0   4.4
32.42   0   4.4
32.44   0   4.4
32.46   0   4.4
32.48   0   4.4
32.5   0   4.4
32.52   0   4.4
32.54   0   4.4
32.56   0   4.4
32.58   0   4.4
32.6   0   4.4
32.62   0   4.4
32.64   0   4.4
32.66   0   4.4
32.68   0   4.4
32.7   0   4.4
32.72   0   4.4
32.74   0   4.4
32.76   0   4.4
32.78   0   4.4
32.8   0   4.4
32.82   0   4.4
32.84   0   4.4
32.86   0   4.4
32.88   0   4.4
32.9   0   4.4
32.92   0   4.4
32.94   0   4.4
32.96   0   4.4
32.98   0   4.4
33   0   4.4
33.02   0   4.4
33.04   0   4.4
33.06   0   4.4
33.08   0   4.4
33.1   0   4.4
33.12   0   4.4
33.14   0   4.4
33.16   0   4.4
33.18   0   4.4
33.2   0   4.4
33.22   0   4.4
33.24   0   4.4
33.26   0   4.4
33.28   0   4.4
33.3   0   4.4
33.32   0   4.4
33.34   0   4.4
33.36   0   4.4
33.38   0   4.4
33.4   0   4.4
33.42   0   4.4
33.44   0   4.4
33.46   0   4.4
33.48   0   4.4
33.5   0   4.4
33.52   0   4.4
33.54   0   4.4
33.56   0   4.4
33.58   0   4.4
33.6   0   4.4
33.62   0   4.4
33.64   0   4.4
33.66   0   4.4
33.68   0   4.4
33.7   9.5653   4.4
33.72   9.83562   4.4
33.74   10.1175   4.4
33.76   10.4118   4.4
33.78   10.719   4.4
33.8   11.04   4.4
33.82   11.3757   4.4
33.84   11.7269   4.4
33.86   12.0946   4.4
33.88   12.4799   4.4
33.9   12.8839   4.4
33.92   13.3078   4.4
33.94   13.753   4.4
33.96   14.2208   4.4
33.98   14.713   4.4
34   15.2311   4.4
34.02   15.777   4.4
34.04   16.3529   4.4
34.06   16.9608   4.4
34.08   17.6032   4.4
34.1   18.2828   4.4
34.12   19.0025   4.4
34.14   19.7655   4.44584
34.16   20.5753   4.536
34.18   21.4359   4.6299
34.2   22.3517   4.72775
34.22   23.3273   4.82983
34.24   24.3681   4.93641
34.26   25.4801   5.04778
34.28   26.6699   5.1643
34.3   27.945   5.2863
34.32   29.3136   5.4142
34.34   30.7851   5.54843
34.36   32.3701   5.68947
34.38   34.0806   5.83786
34.4   35.9301   5.99417
34.42   37.934   6.15906
34.44   40.1102   6.33326
34.46   42.4787   6.51757
34.48   45.063   6.7129
34.5   47.89   6.92026
34.52   50.991   7.1408
34.54   54.4025   7.37581
34.56   58.1674   7.62675
34.58   62.3358   7.8953
34.6   66.9677   8.18338
34.62   72.1339   8.49317
34.64   77.9197   8.82721
34.66   84.428   9.18847
34.68   91.7836   9.58038
34.7   100.14   10.007
34.72   109.685   10.4731
34.74   120.656   10.9844
34.76   133.349   11.5477
34.78   148.141   12.1713
34.8   165.519   12.8654
34.82   186.117   13.6425
34.84   210.775   14.5181
34.86   240.621   15.512
34.88   277.199   16.6493
34.9   322.663   17.9628
34.92   380.089   19.4959
34.94   453.979   21.3068
34.96   551.182   23.4773
34.98   682.768   26.1298
35   868.418   29.4689
35.02   1146.55   33.8607
35.04   1593.21   39.9151
35.06   2344.26   48.4175
35.08   3595.34   59.9612
35.1   5525.08   74.3309
35.12   7967.39   89.2603
35.14   9618.44   98.0736
35.16   8773.14   93.665
35.18   6387.39   79.9212
35.2   4212.81   64.9062
35.22   2729.41   52.2438
35.24   1821.46   42.6786
35.26   1283.57   35.827
35.28   955.767   30.9155
35.3   742.461   27.2481
35.32   594.204   24.3763
35.34   486.115   22.048
35.36   404.718   20.1176
35.38   341.932   18.4914
35.4   292.542   17.1039
35.42   253.026   15.9068
35.44   220.942   14.8641
35.46   194.549   13.9481
35.48   172.587   13.1372
35.5   154.122   12.4146
35.52   138.454   11.7667
35.54   125.048   11.1825
35.56   113.49   10.6532
35.58   103.457   10.1714
35.6   94.6929   9.73103
35.62   86.9934   9.32703
35.64   80.1933   8.95507
35.66   74.1581   8.61151
35.68   68.7776   8.29322
35.7   63.9606   7.99754
35.72   59.6313   7.72213
35.74   55.7262   7.465
35.76   52.1917   7.22438
35.78   48.9825   6.99875
35.8   46.0599   6.78674
35.82   43.3908   6.58717
35.84   40.9468   6.39897
35.86   38.7033   6.2212
35.88   36.639   6.05301
35.9   34.7353   5.89366
35.92   32.976   5.74247
35.94   31.3469   5.59883
35.96   29.8355   5.46218
35.98   28.4306   5.33204
36   27.1226   5.20794
36.02   25.9028   5.08948
36.04   24.7633   4.97628
36.06   23.6974   4.86799
36.08   22.6987   4.76432
36.1   21.7618   4.66496
36.12   20.8817   4.56965
36.14   20.0539   4.47816
36.16   19.2743   4.4
36.18   18.5393   4.4
36.2   17.8455   4.4
36.22   17.1899   4.4
36.24   16.5698   4.4
36.26   15.9825   4.4
36.28   15.426   4.4
36.3   14.898   4.4
36.32   18.8129   4.4
36.34   18.4611   4.4
36.36   18.1378   4.4
36.38   17.842   4.4
36.4   17.5726   4.4
36.42   17.3286   4.4
36.44   17.1093   4.4
36.46   16.9141   4.4
36.48   16.7424   4.4
36.5   16.5937   4.4
36.52   16.4677   4.4
36.54   16.3641   4.4
36.56   16.2829   4.4
36.58   16.224   4.4
36.6   16.1874   4.4
36.62   7.02717   4.4
36.64   7.27861   4.4
36.66   7.54379   4.4
36.68   7.82371   4.4
36.7   8.11949   4.4
36.72   8.43236   4.4
36.74   8.76365   4.4
36.76   9.11484   4.4
36.78   9.48755   4.4
36.8   9.88358   4.4
36.82   10.3049   4.4
36.84   10.7537   4.4
36.86   11.2325   4.4
36.88   11.7439   4.4
36.9   12.2911   4.4
36.92   12.8773   4.4
36.94   13.5064   4.4
36.96   14.1828   4.4
36.98   14.9112   4.4
37   15.697   4.4
37.02   16.5466   4.4
37.04   17.467   4.4
37.06   18.4662   4.4
37.08   19.5535   4.42193
37.1   20.7395   4.55406
37.12   22.0366   4.69431
37.14   23.459   4.84345
37.16   25.0233   5.00233
37.18   26.7492   5.17196
37.2   28.6594   5.35345
37.22   30.7812   5.54808
37.24   33.1469   5.75733
37.26   35.7952   5.98291
37.28   38.7728   6.22678
37.3   42.1365   6.49126
37.32   45.9556   6.77906
37.34   50.316   7.09338
37.36   55.3243   7.43803
37.38   61.1146   7.81759
37.4   67.8578   8.23758
37.42   75.7731   8.70477
37.44   85.1464   9.22748
37.46   96.3555   9.81609
37.48   109.907   10.4837
37.5   126.495   11.247
37.52   147.081   12.1277
37.54   173.04   13.1545
37.56   206.376   14.3658
37.58   250.124   15.8153
37.6   309.154   17.5828
37.62   392.032   19.7998
37.64   515.363   22.7016
37.66   712.152   26.6862
37.68   1042.24   32.2838
37.7   1594.18   39.9272
37.72   2455.13   49.5493
37.74   3577.63   59.8133
37.76   4422.54   66.5022
37.78   4148.96   64.4124
37.8   3070.33   55.4105
37.82   2035.9   45.1209
37.84   1318.09   36.3055
37.86   875.729   29.5927
37.88   613.571   24.7704
37.9   454.61   21.3216
37.92   351.896   18.7589
37.94   280.919   16.7606
37.96   229.374   15.1451
37.98   190.663   13.8081
38   160.868   12.6834
38.02   137.471   11.7248
38.04   118.782   10.8987
38.06   103.628   10.1798
38.08   91.1778   9.54871
38.1   80.8287   8.99048
38.12   72.136   8.49329
38.14   64.7663   8.04775
38.16   58.4654   7.64627
38.18   53.0371   7.28266
38.2   48.3282   6.95185
38.22   44.2172   6.6496
38.24   40.6076   6.37241
38.26   37.4212   6.11729
38.28   34.5945   5.88171
38.3   32.0756   5.66353
38.32   29.8214   5.46089
38.34   27.7961   5.2722
38.36   25.97   5.09607
38.38   24.3177   4.93129
38.4   22.8179   4.7768
38.42   21.4524   4.63167
38.44   20.2057   4.49508
38.46   19.0645   4.4
38.48   18.0171   4.4
38.5   17.0536   4.4
38.52   16.1652   4.4
38.54   15.3444   4.4
38.56   14.5845   4.4
38.58   13.8797   4.4
38.6   13.2246   4.4
38.62   12.6148   4.4
38.64   12.0462   4.4
38.66   11.5151   4.4
38.68   11.0184   4.4
38.7   10.5531   4.4
38.72   10.1166   4.4
38.74   9.70667   4.4
38.76   9.32111   4.4
38.78   8.95806   4.4
38.8   8.6158   4.4
38.82   8.29277   4.4
38.84   7.98757   4.4
38.86   7.69889   4.4
38.88   7.42558   4.4
38.9   7.16655   4.4
38.92   6.92084   4.4
38.94   6.68755   4.4
38.96   6.46585   4.4
38.98   6.25498   4.4
39   6.05426   4.4
39.02   5.86305   4.4
39.04   5.68075   4.4
39.06   5.50681   4.4
39.08   5.34074   4.4
39.1   5.18207   4.4
39.12   5.03036   4.4
39.14   4.88522   4.4
39.16   4.74626   4.4
39.18   4.61315   4.4
39.2   4.48556   4.4
39.22   4.36318   4.4
39.24   0   4.4
39.26   0   4.4
39.28   0   4.4
39.3   0   4.4
39.32   0   4.4
39.34   0   4.4
39.36   0   4.4
39.38   0   4.4
39.4   0   4.4
39.42   0   4.4
39.44   0   4.4
39.46   0   4.4
39.48   0   4.4
39.5   0   4.4
39.52   0   4.4
39.54   0   4.4
39.56   0   4.4
39.58   0   4.4
39.6   0   4.4
39.62   0   4.4
39.64   0   4.4
39.66   0   4.4
39.68   0   4.4
39.7   0   4.4
39.72   0   4.4
39.74   0   4.4
39.76   0   4.4
39.78   0   4.4
39.8   0   4.4
39.82   0   4.4
39.84   0   4.4
39.86   0   4.4
39.88   0   4.4
39.9   0   4.4
39.92   0   4.4
39.94   0   4.4
39.96   0   4.4
39.98   0   4.4
40   0   4.4
40.02   0   4.4
40.04   0   4.4
40.06   0   4.4
40.08   0   4.4
40.1   0   4.4
40.12   0   4.4
40.14   0   4.4
40.16   0   4.4
40.18   0   4.4
40.2   0   4.4
40.22   0.0482927   4.4
40.24   0.0496491   4.4
40.26   0.0510634   4.4
40.28   0.052539   4.4
40.3   0.0540795   4.4
40.32   0.0556886   4.4
40.34   0.0573707   4.4
40.36   0.0591301   4.4
40.38   0.0609717   4.4
40.4   0.0629006   4.4
40.42   0.0649224   4.4
40.44   0.0670433   4.4
40.46   0.0692697   4.4
40.48   0.0716089   4.4
40.5   0.0740685   4.4
40.52   0.076657   4.4
40.54   0.0793835   4.4
40.56   0.0822579   4.4
40.58   0.0852913   4.4
40.6   0.0884954   4.4
40.62   0.0918834   4.4
40.64   0.0954697   4.4
40.66   0.0992698   4.4
40.68   0.103301   4.4
40.7   0.107583   4.4
40.72   0.112137   4.4
40.74   0.116985   4.4
40.76   0.122155   4.4
40.78   0.127675   4.4
40.8   0.133576   4.4
40.82   0.139897   4.4
40.84   0.146676   4.4
40.86   0.15396   4.4
40.88   0.161799   4.4
40.9   0.170251   4.4
40.92   0.179383   4.4
40.94   0.189268   4.4
40.96   0.199992   4.4
40.98   0.211653   4.4
41   0.224361   4.4
41.02   0.238248   4.4
41.04   0.253461   4.4
41.06   0.270177   4.4
41.08   0.288598   4.4
41.1   0.308964   4.4
41.12   0.331558   4.4
41.14   0.356716   4.4
41.16   0.384841   4.4
41.18   0.416416   4.4
41.2   0.452026   4.4
41.22   0.492387   4.4
41.24   0.53838   4.4
41.26   0.591096   4.4
41.28   0.651905   4.4
41.3   0.722543   4.4
41.32   0.80523   4.4
41.34   0.902848   4.4
41.36   1.01919   4.4
41.38   1.1593   4.4
41.4   1.33006   4.4
41.42   1.54096   4.4
41.44   1.80541   4.4
41.46   2.14282   4.4
41.48   2.58217   4.4
41.5   3.1689   4.4
41.52   3.9802   4.4
41.54   5.16153   4.4
41.56   7.00304   4.4
41.58   10.0545   4.4
41.6   15.1984   4.4
41.62   23.4804   4.84566
41.64   35.1866   5.93183
41.66   46.69   6.83301
41.68   48.3246   6.95159
41.7   38.2021   6.18078
41.72   25.9643   5.09552
41.74   16.8321   4.4
41.76   11.0392   4.4
41.78   7.58582   4.4
41.8   5.52075   4.4
41.82   4.21761   4.4
41.84   3.33596   4.4
41.86   2.70498   4.4
41.88   2.23582   4.4
41.9   11.8124   4.4
41.92   11.8137   4.4
41.94   11.8846   4.4
41.96   12.0112   4.4
41.98   12.184   4.4
42   12.3962   4.4
42.02   12.6435   4.4
42.04   12.9227   4.4
42.06   13.2318   4.4
42.08   13.5694   4.4
42.1   13.9349   4.4
42.12   14.3282   4.4
42.14   14.7495   4.4
42.16   15.1993   4.4
42.18   15.6786   4.4
42.2   16.1885   4.4
42.22   16.7305   4.4
42.24   17.3062   4.4
42.26   17.9176   4.4
42.28   18.5669   4.4
42.3   19.2567   4.4
42.32   19.9898   4.471
42.34   20.7694   4.55735
42.36   21.599   4.64747
42.38   22.4825   4.74157
42.4   23.4244   4.83987
42.42   24.4295   4.94262
42.44   25.5033   5.05008
42.46   26.652   5.16256
42.48   27.8824   5.28038
42.5   29.2022   5.4039
42.52   30.62   5.53353
42.54   32.1455   5.6697
42.56   33.7897   5.81289
42.58   35.5652   5.96366
42.6   37.486   6.12258
42.62   39.5682   6.29032
42.64   41.8302   6.46763
42.66   44.2933   6.65532
42.68   46.9817   6.85432
42.7   49.9236   7.06566
42.72   53.1517   7.29052
42.74   56.7042   7.53022
42.76   60.6258   7.78626
42.78   64.9691   8.06034
42.8   69.7966   8.35443
42.82   75.1826   8.67079
42.84   81.2164   9.01202
42.86   88.0056   9.38113
42.88   95.6812   9.78168
42.9   104.404   10.2178
42.92   114.371   10.6944
42.94   125.831   11.2174
42.96   139.094   11.7938
42.98   154.558   12.4321
43   172.733   13.1428
43.02   194.287   13.9387
43.04   220.104   14.8359
43.06   251.371   15.8547
43.08   289.717   17.0211
43.1   337.416   18.3689
43.12   397.718   19.9429
43.14   475.389   21.8034
43.16   577.651   24.0344
43.18   716.39   26.7655
43.2   912.64   30.2099
43.22   1207.68   34.7517
43.24   1683.06   41.0252
43.26   2483.21   49.8318
43.28   3813.15   61.7507
43.3   5851.87   76.4975
43.32   8389.43   91.5938
43.34   10000   100
43.36   8991.82   94.8252
43.38   6495.16   80.5926
43.4   4273.36   65.3709
43.42   2770.14   52.6322
43.44   1853.07   43.0473
43.46   1309.74   36.1904
43.48   977.709   31.2683
43.5   760.865   27.5838
43.52   609.71   24.6923
43.54   499.29   22.3448
43.56   416.024   20.3967
43.58   351.727   18.7544
43.6   301.1   17.3522
43.62   260.564   16.142
43.64   227.626   15.0873
43.66   200.516   14.1604
43.68   177.944   13.3396
43.7   158.957   12.6078
43.72   142.838   11.9515
43.74   129.041   11.3596
43.76   117.141   10.8232
43.78   106.808   10.3348
43.8   97.7799   9.88837
43.82   89.8457   9.4787
43.84   82.8364   9.10145
43.86   76.6141   8.75295
43.88   71.0656   8.43004
43.9   66.0972   8.13002
43.92   61.631   7.85054
43.94   57.6016   7.58957
43.96   53.954   7.34534
43.98   50.6416   7.11629
44   47.6246   6.90105
44.02   44.8688   6.69842
44.04   42.3452   6.50732
44.06   40.0283   6.32679
44.08   37.8962   6.15599
44.1   35.9298   5.99415
44.12   34.1123   5.84058
44.14   32.4292   5.69467
44.16   30.8675   5.55585
44.18   29.4158   5.42364
44.2   28.0641   5.29756
44.22   26.8033   5.17719
44.24   25.6256   5.06217
44.26   24.5237   4.95214
44.28   23.4913   4.84679
44.3   22.5228   4.74582
44.32   21.6128   4.64896
44.34   20.7569   4.55597
44.36   19.9508   4.46663
44.38   19.1907   4.4
44.4   18.4732   4.4
44.42   17.7952   4.4
44.44   17.1538   4.4
44.46   16.5464   4.4
44.48   15.9707   4.4
44.5   15.4246   4.4
44.52   14.9059   4.4
44.54   14.413   4.4
44.56   13.9441   4.4
44.58   13.4977   4.4
44.6   13.0724   4.4
44.62   12.6669   4.4
44.64   12.28   4.4
44.66   11.9105   4.4
44.68   11.5574   4.4
44.7   11.2198   4.4
44.72   11.0439   4.4
44.74   10.7388   4.4
44.76   10.4468   4.4
44.78   10.1672   4.4
44.8   9.89952   4.4
44.82   0.169806   4.4
44.84   0.174963   4.4
44.86   0.180358   4.4
44.88   0.186007   4.4
44.9   0.191925   4.4
44.92   0.198129   4.4
44.94   0.20464   4.4
44.96   0.211476   4.4
44.98   0.218661   4.4
45   0.226218   4.4
45.02   0.234173   4.4
45.04   0.242555   4.4
45.06   0.251395   4.4
45.08   0.260727   4.4
45.1   0.270588   4.4
45.12   0.281018   4.4
45.14   0.292063   4.4
45.16   0.303772   4.4
45.18   0.316199   4.4
45.2   0.329403   4.4
45.22   0.343451   4.4
45.24   0.358416   4.4
45.26   0.374381   4.4
45.28   0.391435   4.4
45.3   0.40968   4.4
45.32   0.429229   4.4
45.34   0.45021   4.4
45.36   0.472766   4.4
45.38   0.497058   4.4
45.4   0.523268   4.4
45.42   0.551605   4.4
45.44   0.582303   4.4
45.46   0.615633   4.4
45.48   0.651903   4.4
45.5   0.691469   4.4
45.52   0.734741   4.4
45.54   0.782198   4.4
45.56   0.834394   4.4
45.58   0.89198   4.4
45.6   0.955725   4.4
45.62   1.02653   4.4
45.64   1.10549   4.4
45.66   1.19388   4.4
45.68   1.29328   4.4
45.7   1.40557   4.4
45.72   1.53309   4.4
45.74   1.67869   4.4
45.76   1.84594   4.4
45.78   2.03934   4.4
45.8   2.2646   4.4
45.82   2.52906   4.4
45.84   2.84229   4.4
45.86   3.21695   4.4
45.88   3.67002   4.4
45.9   4.22472   4.4
45.92   4.91336   4.4
45.94   5.78201   4.4
45.96   6.89796   4.4
45.98   8.36318   4.4
46   10.3415   4.4
46.02   13.1218   4.4
46.04   17.2648   4.4
46.06   23.8843   4.88716
46.08   34.9937   5.91555
46.1   53.5562   7.31821
46.12   82.4472   9.08005
46.14   119.897   10.9498
46.16   147.514   12.1455
46.18   137.591   11.7299
46.2   101.471   10.0733
46.22   67.2068   8.19797
46.24   43.516   6.59667
46.26   28.9372   5.37933
46.28   20.2984   4.50538
46.3   15.055   4.4
46.32   11.6621   4.4
46.34   9.31472   4.4
46.36   7.6086   4.4
46.38   6.32659   4.4
46.4   5.3394   4.4
46.42   4.56393   4.4
46.44   3.94428   4.4
46.46   3.4417   4.4
46.48   3.02869   4.4
46.5   2.6853   4.4
46.52   2.39682   4.4
46.54   2.1522   4.4
46.56   1.94302   4.4
46.58   1.76278   4.4
46.6   1.60641   4.4
46.62   1.46988   4.4
46.64   1.34998   4.4
46.66   1.24414   4.4
46.68   1.15023   4.4
46.7   1.06654   4.4
46.72   0.991636   4.4
46.74   0.924338   4.4
46.76   0.86365   4.4
46.78   0.808736   4.4
46.8   0.758888   4.4
46.82   0.713502   4.4
46.84   0.672061   4.4
46.86   0.634124   4.4
46.88   0.599305   4.4
46.9   0.567273   4.4
46.92   0.537738   4.4
46.94   0.510449   4.4
46.96   0.485182   4.4
46.98   0.461744   4.4
47   0.439962   4.4
47.02   0.419685   4.4
47.04   0.400776   4.4
47.06   0.383115   4.4
47.08   0.366596   4.4
47.1   0.351121   4.4
47.12   0.336605   4.4
47.14   0.32297   4.4
47.16   0.310147   4.4
47.18   0.298072   4.4
47.2   0.286688   4.4
47.22   0.275943   4.4
47.24   0.265791   4.4
47.26   0.256189   4.4
47.28   0.247097   4.4
47.3   0.238481   4.4
47.32   0.230307   4.4
47.34   0.222546   4.4
47.36   0.215171   4.4
47.38   0.208156   4.4
47.4   0.201479   4.4
47.42   0.195117   4.4
47.44   0.189052   4.4
47.46   0.183266   4.4
47.48   0.177741   4.4
47.5   0.172462   4.4
47.52   0.167414   4.4
47.54   0.162585   4.4
47.56   0.157962   4.4
47.58   0.153533   4.4
47.6   0.149288   4.4
47.62   0.145216   4.4
47.64   0   4.4
47.66   0   4.4
47.68   0   4.4
47.7   0   4.4
47.72   0   4.4
47.74   0   4.4
47.76   0   4.4
47.78   0   4.4
47.8   0   4.4
47.82   0   4.4
47.84   0   4.4
47.86   0   4.4
47.88   0   4.4
47.9   0   4.4
47.92   0   4.4
47.94   0   4.4
47.96   0   4.4
47.98   0   4.4
48   0   4.4
48.02   0   4.4
48.04   0   4.4
48.06   0   4.4
48.08   0   4.4
48.1   0   4.4
48.12   0   4.4
48.14   0   4.4
48.16   0   4.4
48.18   0   4.4
48.2   0   4.4
48.22   0   4.4
48.24   0   4.4
48.26   0   4.4
48.28   0   4.4
48.3   0   4.4
48.32   0   4.4
48.34   0   4.4
48.36   0   4.4
48.38   0   4.4
48.4   0   4.4
48.42   0   4.4
48.44   0   4.4
48.46   0   4.4
48.48   0   4.4
48.5   0   4.4
48.52   0   4.4
48.54   0   4.4
48.56   0   4.4
48.58   0   4.4
48.6   0   4.4
48.62   0   4.4
48.64   0   4.4
48.66   0   4.4
48.68   0   4.4
48.7   0   4.4
48.72   0   4.4
48.74   0   4.4
48.76   0   4.4
48.78   0   4.4
48.8   0   4.4
48.82   0   4.4
48.84   0   4.4
48.86   0   4.4
48.88   0   4.4
48.9   0   4.4
48.92   0   4.4
48.94   0   4.4
48.96   0   4.4
48.98   0   4.4
49   0   4.4
49.02   0   4.4
49.04   0   4.4
49.06   0   4.4
49.08   0   4.4
49.1   0   4.4
49.12   0   4.4
49.14   0   4.4
49.16   0   4.4
49.18   0   4.4
49.2   0   4.4
49.22   0   4.4
49.24   0   4.4
49.26   0   4.4
49.28   0   4.4
49.3   0   4.4
49.32   0   4.4
49.34   0   4.4
49.36   0   4.4
49.38   0   4.4
49.4   0   4.4
49.42   0   4.4
49.44   0   4.4
49.46   0   4.4
49.48   0   4.4
49.5   0   4.4
49.52   0   4.4
49.54   0   4.4
49.56   0   4.4
49.58   0   4.4
49.6   0   4.4
49.62   0   4.4
49.64   0   4.4
49.66   0   4.4
49.68   0   4.4
49.7   0   4.4
49.72   0   4.4
49.74   0   4.4
49.76   0   4.4
49.78   0   4.4
49.8   0   4.4
49.82   0   4.4
49.84   0   4.4
49.86   0   4.4
49.88   0   4.4
49.9   0   4.4
49.92   0   4.4
49.94   0   4.4
49.96   0   4.4
49.98   0   4.4
50   0   4.4
50.02   0   4.4
50.04   0   4.4
50.06   0   4.4
50.08   0   4.4
50.1   0   4.4
50.12   0   4.4
50.14   0   4.4
50.16   0   4.4
50.18   0   4.4
50.2   0   4.4
50.22   0   4.4
50.24   0   4.4
50.26   0   4.4
50.28   0   4.4
50.3   0   4.4
50.32   0   4.4
50.34   0   4.4
50.36   0   4.4
50.38   0   4.4
50.4   0   4.4
50.42   0   4.4
50.44   0   4.4
50.46   0   4.4
50.48   0   4.4
50.5   0   4.4
50.52   0   4.4
50.54   0   4.4
50.56   0   4.4
50.58   0   4.4
50.6   0   4.4
50.62   0   4.4
50.64   0   4.4
50.66   0   4.4
50.68   0   4.4
50.7   0   4.4
50.72   0   4.4
50.74   0   4.4
50.76   0   4.4
50.78   0   4.4
50.8   0   4.4
50.82   0   4.4
50.84   0   4.4
50.86   0   4.4
50.88   0   4.4
50.9   0   4.4
50.92   0   4.4
50.94   0   4.4
50.96   0   4.4
50.98   0   4.4
51   0   4.4
51.02   0   4.4
51.04   0   4.4
51.06   0   4.4
51.08   0   4.4
51.1   5.04015   4.4
51.12   5.18315   4.4
51.14   5.33231   4.4
51.16   5.48801   4.4
51.18   5.65062   4.4
51.2   5.82057   4.4
51.22   5.99829   4.4
51.24   6.18428   4.4
51.26   6.37905   4.4
51.28   6.58316   4.4
51.3   6.79723   4.4
51.32   7.0219   4.4
51.34   7.25789   4.4
51.36   7.50597   4.4
51.38   7.76698   4.4
51.4   8.04184   4.4
51.42   8.33154   4.4
51.44   8.63718   4.4
51.46   8.95993   4.4
51.48   9.3011   4.4
51.5   9.66212   4.4
51.52   10.0446   4.4
51.54   10.4501   4.4
51.56   10.8808   4.4
51.58   11.3385   4.4
51.6   11.8258   4.4
51.62   12.3451   4.4
51.64   12.8994   4.4
51.66   13.4918   4.4
51.68   14.1259   4.4
51.7   14.8058   4.4
51.72   15.5359   4.4
51.74   16.3212   4.4
51.76   17.1676   4.4
51.78   18.0814   4.4
51.8   19.0701   4.4
51.82   20.1421   4.48799
51.84   21.3068   4.61593
51.86   22.5754   4.75136
51.88   23.9605   4.89495
51.9   25.4768   5.04746
51.92   27.1414   5.20975
51.94   28.9743   5.38278
51.96   30.9988   5.56766
51.98   33.2425   5.76563
52   35.7382   5.97814
52.02   38.5249   6.20685
52.04   41.6496   6.45365
52.06   45.1689   6.72078
52.08   49.152   7.01085
52.1   53.6837   7.32691
52.12   58.8689   7.67261
52.14   64.839   8.05226
52.16   71.7597   8.47111
52.18   79.8426   8.93547
52.2   89.3611   9.4531
52.22   100.673   10.0336
52.24   114.255   10.689
52.26   130.749   11.4346
52.28   151.04   12.2898
52.3   176.368   13.2804
52.32   208.516   14.4401
52.34   250.12   15.8152
52.36   305.241   17.4711
52.38   380.603   19.5091
52.4   488.515   22.1024
52.42   653.361   25.5609
52.44   922.614   30.3746
52.46   1377.02   37.1083
52.48   2123.38   46.0801
52.5   3232.19   56.8523
52.52   4496.73   67.0577
52.54   5046.98   71.0421
52.56   4269.94   65.3448
52.58   2990.24   54.6831
52.6   1950.37   44.163
52.62   1269.18   35.6255
52.64   858.722   29.304
52.66   615.005   24.7993
52.68   464.059   21.542
52.7   363.886   19.0758
52.72   293.19   17.1228
52.74   241.117   15.5279
52.76   201.616   14.1992
52.78   170.97   13.0755
52.8   146.741   12.1137
52.82   127.274   11.2816
52.84   111.407   10.5549
52.86   98.3108   9.91518
52.88   87.3807   9.34776
52.9   78.1666   8.84119
52.92   70.3291   8.38624
52.94   63.6083   7.97548
52.96   57.8028   7.60281
52.98   52.7541   7.2632
53   48.3368   6.95246
53.02   44.45   6.66709
53.04   41.0125   6.4041
53.06   37.9577   6.16098
53.08   35.231   5.93557
53.1   32.7872   5.72601
53.12   30.5885   5.53069
53.14   28.6034   5.34821
53.16   26.805   5.17735
53.18   25.1707   5.01704
53.2   23.6811   4.86633
53.22   22.3198   4.72438
53.24   21.0724   4.59046
53.26   19.9265   4.46391
53.28   18.8715   4.4
53.3   17.898   4.4
53.32   16.9978   4.4
53.34   16.1638   4.4
53.36   15.3896   4.4
53.38   14.6697   4.4
53.4   13.9991   4.4
53.42   13.3734   4.4
53.44   12.7887   4.4
53.46   12.2414   4.4
53.48   11.7286   4.4
53.5   11.2472   4.4
53.52   10.7949   4.4
53.54   10.3693   4.4
53.56   9.96837   4.4
53.58   9.59023   4.4
53.6   9.23319   4.4
53.62   8.89571   4.4
53.64   8.57639   4.4
53.66   8.27395   4.4
53.68   7.98722   4.4
53.7   7.71513   4.4
53.72   7.4567   4.4
53.74   7.21104   4.4
53.76   6.97731   4.4
53.78   6.75476   4.4
53.8   6.54268   4.4
53.82   6.34043   4.4
53.84   6.14741   4.4
53.86   5.96307   4.4
53.88   5.7869   4.4
53.9   5.61841   4.4
53.92   5.45718   4.4
53.94   5.30278   4.4
53.96   5.15485   4.4
53.98   5.01301   4.4
54   0   4.4
54.02   0   4.4
54.04   0   4.4
54.06   0   4.4
54.08   0   4.4
54.1   0   4.4
54.12   0   4.4
54.14   0   4.4
54.16   0   4.4
54.18   0   4.4
54.2   0   4.4
54.22   0   4.4
54.24   0   4.4
54.26   0   4.4
54.28   0   4.4
54.3   0   4.4
54.32   0   4.4
54.34   0   4.4
54.36   0   4.4
54.38   0   4.4
54.4   0   4.4
54.42   0   4.4
54.44   0   4.4
54.46   0   4.4
54.48   0   4.4
54.5   0   4.4
54.52   0   4.4
54.54   0   4.4
54.56   0   4.4
54.58   0   4.4
54.6   0   4.4
54.62   0   4.4
54.64   0   4.4
54.66   0   4.4
54.68   0   4.4
54.7   0   4.4
54.72   0   4.4
54.74   0   4.4
54.76   0   4.4
54.78   0   4.4
54.8   0   4.4
54.82   0   4.4
54.84   0   4.4
54.86   0   4.4
54.88   0   4.4
54.9   0   4.4
54.92   0   4.4
54.94   0   4.4
54.96   0   4.4
54.98   0   4.4
55   0   4.4
55.02   0   4.4
55.04   0   4.4
55.06   0   4.4
55.08   0   4.4
55.1   0   4.4
55.12   0   4.4
55.14   0   4.4
55.16   0   4.4
55.18   0   4.4
55.2   0   4.4
55.22   0   4.4
55.24   0   4.4
55.26   0   4.4
55.28   0   4.4
55.3   0   4.4
55.32   0   4.4
55.34   0   4.4
55.36   0   4.4
55.38   0   4.4
55.4   0   4.4
55.42   0   4.4
55.44   0   4.4
55.46   0   4.4
55.48   0   4.4
55.5   0   4.4
55.52   0   4.4
55.54   0   4.4
55.56   0   4.4
55.58   0   4.4
55.6   0   4.4
55.62   0   4.4
55.64   0   4.4
55.66   0   4.4
55.68   0   4.4
55.7   0   4.4
55.72   0   4.4
55.74   0   4.4
55.76   0   4.4
55.78   0   4.4
55.8   0   4.4
55.82   0   4.4
55.84   0   4.4
55.86   0   4.4
55.88   0   4.4
55.9   0   4.4
55.92   0   4.4
55.94   0   4.4
55.96   0   4.4
55.98   0   4.4
56   0   4.4
56.02   9.60794   4.4
56.04   9.87494   4.4
56.06   10.1532   4.4
56.08   10.4434   4.4
56.1   10.7462   4.4
56.12   11.0624   4.4
56.14   11.3928   4.4
56.16   11.7381   4.4
56.18   12.0994   4.4
56.2   12.4776   4.4
56.22   12.8738   4.4
56.24   13.2892   4.4
56.26   13.725   4.4
56.28   14.1826   4.4
56.3   14.6635   4.4
56.32   15.1692   4.4
56.34   15.7015   4.4
56.36   16.2623   4.4
56.38   16.8537   4.4
56.4   17.4779   4.4
56.42   18.1375   4.4
56.44   18.835   4.4
56.46   19.5735   4.4242
56.48   20.3563   4.5118
56.5   21.187   4.60294
56.52   22.0696   4.69782
56.54   23.0083   4.7967
56.56   24.0083   4.89982
56.58   25.0748   5.00747
56.6   26.2139   5.11995
56.62   27.4323   5.23758
56.64   28.7376   5.36074
56.66   30.1382   5.48982
56.68   31.6436   5.62526
56.7   33.2645   5.76754
56.72   35.013   5.91718
56.74   36.9029   6.07478
56.76   38.9499   6.24098
56.78   41.1716   6.41651
56.8   43.5887   6.60217
56.82   46.2246   6.79887
56.84   49.1065   7.00761
56.86   52.2661   7.22953
56.88   55.7399   7.46591
56.9   59.571   7.71822
56.92   63.81   7.98811
56.94   68.5167   8.27748
56.96   73.7625   8.58851
56.98   79.6324   8.9237
57   86.2293   9.28598
57.02   93.6779   9.67874
57.04   102.131   10.106
57.06   111.776   10.5724
57.08   122.847   11.0836
57.1   135.638   11.6464
57.12   150.522   12.2688
57.14   167.98   12.9607
57.16   188.634   13.7344
57.18   213.307   14.605
57.2   243.104   15.5918
57.22   279.525   16.719
57.24   324.662   18.0184
57.26   381.481   19.5316
57.28   454.304   21.3144
57.3   549.645   23.4445
57.32   677.876   26.0361
57.34   857.057   29.2755
57.36   1121.92   33.4951
57.38   1541.68   39.2642
57.4   2243.65   47.3672
57.42   3421.16   58.4907
57.44   5277.24   72.6446
57.46   7763.75   88.1122
57.48   9818.49   99.0883
57.5   9483.21   97.3818
57.52   7145.24   84.5295
57.54   4767.74   69.0488
57.56   3086.06   55.5523
57.58   2041.68   45.185
57.6   1422.14   37.7112
57.62   1048.24   32.3765
57.64   808.361   28.4317
57.66   643.607   25.3694
57.68   524.455   22.901
57.7   435.228   20.8621
57.72   366.702   19.1495
57.74   312.993   17.6916
57.76   270.16   16.4365
57.78   235.478   15.3453
57.8   207.02   14.3882
57.82   183.39   13.5422
57.84   163.563   12.7892
57.86   146.768   12.1148
57.88   132.42   11.5074
57.9   120.069   10.9576
57.92   109.361   10.4576
57.94   100.019   10.001
57.96   91.821   9.58233
57.98   84.5877   9.19716
58   78.1741   8.84161
58.02   72.4613   8.51242
58.04   67.3509   8.20676
58.06   62.7614   7.92221
58.08   58.6245   7.65667
58.1   54.8827   7.40829
58.12   51.4873   7.17547
58.14   48.397   6.95679
58.16   45.5762   6.75102
58.18   42.9947   6.55704
58.2   40.6261   6.37386
58.22   38.4477   6.20062
58.24   36.4397   6.03653
58.26   34.5848   5.88088
58.28   33.1288   5.75576
58.3   31.5437   5.61638
58.32   30.0719   5.48379
58.34   28.7028   5.3575
58.36   27.4273   5.23711
58.38   26.2372   5.12223
58.4   25.1251   5.0125
58.42   24.0846   4.90761
58.44   23.1097   4.80726
58.46   22.1953   4.71119
58.48   21.3365   4.61914
58.5   20.5291   4.53091
58.52   19.7693   4.44627
58.54   19.0536   4.4
58.56   18.3788   4.4
58.58   17.7421   4.4
58.6   17.1408   4.4
58.62   16.5727   4.4
58.64   16.0354   4.4
58.66   15.5272   4.4
58.68   15.0461   4.4
58.7   14.5906   4.4
58.72   14.1592   4.4
58.74   13.7505   4.4
58.76   13.3633   4.4
58.78   12.9965   4.4
58.8   12.6491   4.4
58.82   12.3202   4.4
58.84   12.0089   4.4
58.86   11.7145   4.4
58.88   11.4365   4.4
58.9   11.1742   4.4
58.92   10.9271   4.4
58.94   10.695   4.4
58.96   0.931392   4.4
58.98   0.982025   4.4
59   1.03689   4.4
59.02   1.09649   4.4
59.04   1.16136   4.4
59.06   1.23215   4.4
59.08   1.3096   4.4
59.1   1.39458   4.4
59.12   1.48808   4.4
59.14   1.59129   4.4
59.16   1.70559   4.4
59.18   1.83262   4.4
59.2   1.97435   4.4
59.22   2.13312   4.4
59.24   2.31176   4.4
59.26   2.51373   4.4
59.28   2.74324   4.4
59.3   3.00553   4.4
59.32   3.3071   4.4
59.34   3.65616   4.4
59.36   4.06316   4.4
59.38   4.54157   4.4
59.4   5.10897   4.4
59.42   5.78865   4.4
59.44   6.61196   4.4
59.46   7.62184   4.4
59.48   8.87828   4.4
59.5   10.467   4.4
59.52   12.514   4.4
59.54   15.211   4.4
59.56   18.8701   4.4
59.58   24.0495   4.90403
59.6   31.8434   5.643
59.62   44.4117   6.66421
59.64   65.8875   8.11711
59.66   101.045   10.0521
59.68   154.846   12.4437
59.7   221.51   14.8832
59.72   263.097   16.2203
59.74   235.752   15.3542
59.76   170.068   13.041
59.78   111.964   10.5813
59.8   72.7388   8.5287
59.82   48.8328   6.98805
59.84   35.4105   5.95068
59.86   26.7783   5.17478
59.88   21.1489   4.5988
59.9   17.2344   4.4
59.92   14.3852   4.4
59.94   12.2474   4.4
59.96   10.6074   4.4
59.98   9.3271   4.4
60   8.31298   4.4
60.02   7.50011   4.4
60.04   6.84229   4.4
60.06   6.30603   4.4
60.08   5.86657   4.4
60.1   5.50538   4.4
60.12   5.20837   4.4
60.14   4.96473   4.4
60.16   4.76605   4.4
60.18   4.60579   4.4
60.2   4.47878   4.4
60.22   4.38096   4.4
60.24   4.30914   4.4
60.26   4.26082   4.4
60.28   4.23405   4.4
60.3   4.22736   4.4
60.32   4.23967   4.4
60.34   4.27027   4.4
60.36   4.31871   4.4
60.38   4.38486   4.4
60.4   4.46885   4.4
60.42   4.57104   4.4
60.44   4.69209   4.4
60.46   4.83291   4.4
60.48   4.99469   4.4
60.5   5.17896   4.4
60.52   5.38759   4.4
60.54   5.62284   4.4
60.56   5.88748   4.4
60.58   6.18479   4.4
60.6   6.51875   4.4
60.62   6.89411   4.4
60.64   7.31661   4.4
60.66   7.7932   4.4
60.68   8.33233   4.4
60.7   8.94434   4.4
60.72   9.64204   4.4
60.74   10.4413   4.4
60.76   11.3623   4.4
60.78   12.4305   4.4
60.8   13.6789   4.4
60.82   15.1506   4.4
60.84   16.9029   4.4
60.86   19.0139   4.4
60.88   21.5911   4.64662
60.9   24.7875   4.97871
60.92   28.827   5.36908
60.94   34.0536   5.83555
60.96   41.0406   6.4063
60.98   50.8463   7.13066
61   65.5448   8.09598
61.02   89.011   9.43456
61.04   127.394   11.2869
61.06   187.904   13.7078
61.08   272.323   16.5022
61.1   355.199   18.8467
61.12   371.783   19.2817
61.14   314.204   17.7258
61.16   249.941   15.8095
61.18   216.474   14.7131
61.2   223.426   14.9474
61.22   276.941   16.6415
61.24   386.703   19.6648
61.26   554.388   23.5454
61.28   727.611   26.9743
61.3   759.848   27.5653
61.32   608.584   24.6695
61.34   418.079   20.447
61.36   273.792   16.5466
61.38   181.459   13.4707
61.4   126.013   11.2256
61.42   92.649   9.62543
61.44   71.4777   8.45445
61.46   57.0736   7.55471
61.48   46.7018   6.83387
61.5   38.9399   6.24018
61.52   32.9713   5.74206
61.54   28.2829   5.31817
61.56   24.5335   4.95313
61.58   21.488   4.63552
61.6   18.9806   4.4
61.62   16.8912   4.4
61.64   15.1315   4.4
61.66   13.6355   4.4
61.68   12.3527   4.4
61.7   11.2443   4.4
61.72   10.2798   4.4
61.74   9.43539   4.4
61.76   8.69171   4.4
61.78   8.0333   4.4
61.8   7.44754   4.4
61.82   6.92407   4.4
61.84   6.4543   4.4
61.86   6.03111   4.4
61.88   5.6485   4.4
61.9   5.30142   4.4
61.92   4.98558   4.4
61.94   4.69733   4.4
61.96   4.43351   4.4
61.98   4.19145   4.4
62   3.9688   4.4
62.02   3.76352   4.4
62.04   3.57385   4.4
62.06   3.39824   4.4
62.08   3.23533   4.4
62.1   3.08392   4.4
62.12   2.94294   4.4
62.14   2.81146   4.4
62.16   2.68863   4.4
62.18   2.57372   4.4
62.2   2.46604   4.4
62.22   2.36502   4.4
62.24   2.2701   4.4
62.26   2.18081   4.4
62.28   2.0967   4.4
62.3   2.01738   4.4
62.32   1.9425   4.4
62.34   1.87172   4.4
62.36   1.80475   4.4
62.38   1.74133   4.4
62.4   1.6812   4.4
62.42   1.62415   4.4
62.44   1.56996   4.4
62.46   1.51844   4.4
62.48   1.46943   4.4
62.5   1.42276   4.4
62.52   1.37828   4.4
62.54   1.33586   4.4
62.56   1.29538   4.4
62.58   1.25671   4.4
62.6   0.910425   4.4
62.62   0.883218   4.4
62.64   0.857213   4.4
62.66   0.832338   4.4
62.68   0.80853   4.4
62.7   0.785729   4.4
62.72   0.763879   4.4
62.74   0.742927   4.4
62.76   0.722825   4.4
62.78   0   4.4
62.8   0   4.4
62.82   0   4.4
62.84   0   4.4
62.86   0   4.4
62.88   0   4.4
62.9   0   4.4
62.92   0   4.4
62.94   0   4.4
62.96   0   4.4
62.98   0   4.4
63   0   4.4
63.02   0   4.4
63.04   0   4.4
63.06   0   4.4
63.08   0   4.4
63.1   0   4.4
63.12   0   4.4
63.14   0   4.4
63.16   0   4.4
63.18   0   4.4
63.2   0   4.4
63.22   0   4.4
63.24   0   4.4
63.26   0   4.4
63.28   0   4.4
63.3   0   4.4
63.32   0   4.4
63.34   0   4.4
63.36   0   4.4
63.38   0   4.4
63.4   0   4.4
63.42   0   4.4
63.44   0   4.4
63.46   0   4.4
63.48   0   4.4
63.5   0   4.4
63.52   0   4.4
63.54   0   4.4
63.56   0   4.4
63.58   0   4.4
63.6   0   4.4
63.62   0   4.4
63.64   0   4.4
63.66   0   4.4
63.68   0   4.4
63.7   0   4.4
63.72   0   4.4
63.74   0   4.4
63.76   0   4.4
63.78   0   4.4
63.8   0   4.4
63.82   0   4.4
63.84   0   4.4
63.86   0   4.4
63.88   0   4.4
63.9   0   4.4
63.92   0   4.4
63.94   0   4.4
63.96   0   4.4
63.98   0   4.4
64   0   4.4
64.02   0   4.4
64.04   0   4.4
64.06   0   4.4
64.08   0   4.4
64.1   0   4.4
64.12   0   4.4
64.14   0   4.4
64.16   0   4.4
64.18   0   4.4
64.2   0   4.4
64.22   0   4.4
64.24   0   4.4
64.26   0   4.4
64.28   0   4.4
64.3   0   4.4
64.32   0   4.4
64.34   0   4.4
64.36   0   4.4
64.38   0   4.4
64.4   0   4.4
64.42   0   4.4
64.44   0   4.4
64.46   0   4.4
64.48   0   4.4
64.5   0   4.4
64.52   0   4.4
64.54   0   4.4
64.56   0   4.4
64.58   0   4.4
64.6   0   4.4
64.62   0   4.4
64.64   0   4.4
64.66   0   4.4
64.68   0   4.4
64.7   0   4.4
64.72   0   4.4
64.74   0   4.4
64.76   0   4.4
64.78   0   4.4
64.8   0   4.4
64.82   0   4.4
64.84   0   4.4
64.86   0   4.4
64.88   0   4.4
64.9   0   4.4
64.92   0   4.4
64.94   0   4.4
64.96   0   4.4
64.98   0   4.4
65   0   4.4
65.02   0   4.4
65.04   0   4.4
65.06   3.96127   4.4
65.08   4.07354   4.4
65.1   4.19066   4.4
65.12   4.31289   4.4
65.14   4.44055   4.4
65.16   4.57395   4.4
65.18   4.71346   4.4
65.2   4.85945   4.4
65.22   5.01232   4.4
65.24   5.17252   4.4
65.26   5.34051   4.4
65.28   5.51682   4.4
65.3   5.70201   4.4
65.32   5.89667   4.4
65.34   6.10146   4.4
65.36   6.31711   4.4
65.38   6.54439   4.4
65.4   6.78414   4.4
65.42   7.03731   4.4
65.44   7.30491   4.4
65.46   7.58805   4.4
65.48   7.88797   4.4
65.5   8.20601   4.4
65.52   8.54366   4.4
65.54   8.90257   4.4
65.56   9.28456   4.4
65.58   9.69165   4.4
65.6   10.1261   4.4
65.62   10.5904   4.4
65.64   11.0873   4.4
65.66   11.62   4.4
65.68   12.1919   4.4
65.7   12.8071   4.4
65.72   13.47   4.4
65.74   14.1857   4.4
65.76   14.9598   4.4
65.78   15.799   4.4
65.8   16.7107   4.4
65.82   17.7036   4.4
65.84   18.7874   4.4
65.86   19.9736   4.46919
65.88   21.2756   4.61255
65.9   22.7089   4.76539
65.92   24.2917   4.92866
65.94   26.0454   5.10347
65.96   27.9955   5.29108
65.98   30.1725   5.49295
66   32.6126   5.71075
66.02   35.3601   5.94643
66.04   38.4684   6.20229
66.06   42.0035   6.48101
66.08   46.0466   6.78577
66.1   50.6996   7.12037
66.12   56.0908   7.48938
66.14   62.3837   7.89834
66.16   69.7897   8.35403
66.18   78.5853   8.86483
66.2   89.1373   9.44126
66.22   101.941   10.0966
66.24   117.676   10.8479
66.26   137.296   11.7173
66.28   162.166   12.7344
66.3   194.303   13.9393
66.32   236.801   15.3883
66.34   294.751   17.1683
66.36   377.399   19.4268
66.38   503.012   22.4279
66.4   707.334   26.5957
66.42   1051.99   32.4344
66.44   1620.42   40.2544
66.46   2473.92   49.7386
66.48   3477.16   58.9675
66.5   3979.91   63.0865
66.52   3430.79   58.573
66.54   2424.51   49.2393
66.56   1585.1   39.8134
66.58   1029.98   32.0933
66.6   694.296   26.3495
66.62   495.185   22.2528
66.64   372.408   19.2979
66.66   291.339   17.0687
66.68   234.342   15.3082
66.7   192.466   13.8732
66.72   166.662   12.9098
66.74   142.262   11.9274
66.76   123.038   11.0922
66.78   107.649   10.3754
66.8   95.1596   9.75498
66.82   84.9011   9.21418
66.84   76.3865   8.73994
66.86   69.2549   8.32195
66.88   63.2341   7.95198
66.9   58.1162   7.6234
66.92   53.7402   7.33077
66.94   49.9802   7.06967
66.96   46.7363   6.83639
66.98   43.9288   6.62788
67   41.4935   6.44155
67.02   39.3784   6.27522
67.04   37.5409   6.12706
67.06   35.9459   5.99549
67.08   34.5648   5.87919
67.1   33.3737   5.777
67.12   32.3527   5.68795
67.14   31.4856   5.6112
67.16   30.7586   5.54604
67.18   30.1607   5.49187
67.2   29.6827   5.44818
67.22   29.3171   5.41453
67.24   29.0583   5.39057
67.26   28.9017   5.37603
67.28   28.8442   5.37068
67.3   28.8838   5.37437
67.32   29.0196   5.38699
67.34   29.2518   5.4085
67.36   29.5817   5.43891
67.38   30.0116   5.47828
67.4   30.545   5.52675
67.42   31.1864   5.58448
67.44   31.942   5.65173
67.46   32.8191   5.7288
67.48   33.8266   5.81606
67.5   34.9753   5.91399
67.52   36.2779   6.02312
67.54   37.7499   6.14409
67.56   39.4091   6.27766
67.58   41.2769   6.42471
67.6   43.3786   6.58625
67.62   45.7444   6.76346
67.64   48.41   6.95773
67.66   51.4185   7.17067
67.68   54.8213   7.40414
67.7   58.6809   7.66034
67.72   63.0733   7.94187
67.74   68.0915   8.25176
67.76   73.8507   8.59364
67.78   80.4939   8.97184
67.8   88.2015   9.39156
67.82   97.2022   9.85912
67.84   107.79   10.3822
67.86   120.349   10.9704
67.88   135.383   11.6354
67.9   153.57   12.3923
67.92   175.833   13.2602
67.94   203.457   14.2638
67.96   234.414   15.3106
67.98   279.161   16.7081
68   337.743   18.3778
68.02   416.535   20.4092
68.04   526.629   22.9484
68.06   689.367   26.2558
68.08   947.266   30.7777
68.1   1378.55   37.1289
68.12   2102.01   45.8477
68.14   3242.43   56.9423
68.16   4770.37   69.0679
68.18   6033.44   77.6752
68.2   5828.11   76.3421
68.22   4391.61   66.2692
68.24   2930.43   54.1334
68.26   1896.8   43.5523
68.28   1254.87   35.4242
68.3   874.062   29.5645
68.32   644.244   25.382
68.34   496.809   22.2892
68.36   395.549   19.8884
68.38   322.318   17.9532
68.4   267.479   16.3548
68.42   225.364   15.0121
68.44   192.355   13.8692
68.46   166.03   12.8853
68.48   144.716   12.0298
68.5   127.226   11.2794
68.52   112.704   10.6162
68.54   100.518   10.0259
68.56   90.1967   9.4972
68.58   81.3792   9.02104
68.6   73.7884   8.59002
68.62   67.2079   8.19804
68.64   61.4667   7.84007
68.66   56.4284   7.51188
68.68   51.9831   7.20993
68.7   48.0416   6.93121
68.72   44.5307   6.67314
68.74   41.3902   6.43352
68.76   38.5697   6.21045
68.78   36.0273   6.00228
68.8   33.7278   5.80756
68.82   31.6412   5.62505
68.84   29.742   5.45362
68.86   28.0085   5.29231
68.88   26.422   5.14024
68.9   24.9664   4.99664
68.92   23.6277   4.86083
68.94   22.5174   4.74525
68.96   21.3809   4.62395
68.98   20.3293   4.50881
69   19.3545   4.4
69.02   18.4492   4.4
69.04   17.607   4.4
69.06   16.8223   4.4
69.08   16.09   4.4
69.1   15.4057   4.4
69.12   14.7652   4.4
69.14   14.1651   4.4
69.16   13.6021   4.4
69.18   13.0732   4.4
69.2   12.5759   4.4
69.22   12.1078   4.4
69.24   11.6667   4.4
69.26   11.2507   4.4
69.28   10.858   4.4
69.3   10.487   4.4
69.32   10.1364   4.4
69.34   9.80461   4.4
69.36   9.49059   4.4
69.38   9.19321   4.4
69.4   8.91144   4.4
69.42   8.64438   4.4
69.44   8.39118   4.4
69.46   8.1511   4.4
69.48   7.92343   4.4
69.5   7.70754   4.4
69.52   7.50288   4.4
69.54   7.30892   4.4
69.56   7.12522   4.4
69.58   6.95137   4.4
69.6   6.78702   4.4
69.62   6.63186   4.4
69.64   6.48565   4.4
69.66   0.481822   4.4
69.68   0.508936   4.4
69.7   0.5384   4.4
69.72   0.570494   4.4
69.74   0.60554   4.4
69.76   0.64391   4.4
69.78   0.686038   4.4
69.8   0.732429   4.4
69.82   0.783677   4.4
69.84   0.840484   4.4
69.86   0.903679   4.4
69.88   0.974254   4.4
69.9   1.0534   4.4
69.92   1.14256   4.4
69.94   1.2435   4.4
69.96   1.35835   4.4
69.98   1.48981   4.4
70   1.6412   4.4
