1.54056
5   0   4.4
5.02   0   4.4
5.04   0   4.4
5.06   0   4.4
5.08   0   4.4
5.1   0   4.4
5.12   0   4.4
5.14   0   4.4
5.16   0   4.4
5.18   0   4.4
5.2   0   4.4
5.22   0   4.4
5.24   0   4.4
5.26   0   4.4
5.28   0   4.4
5.3   0   4.4
5.32   0   4.4
5.34   0   4.4
5.36   0   4.4
5.38   0   4.4
5.4   0   4.4
5.42   0   4.4
5.44   0   4.4
5.46   0   4.4
5.48   0   4.4
5.5   0   4.4
5.52   0   4.4
5.54   0   4.4
5.56   0   4.4
5.58   0   4.4
5.6   0   4.4
5.62   0   4.4
5.64   0   4.4
5.66   0   4.4
5.68   0   4.4
5.7   0   4.4
5.72   0   4.4
5.74   0   4.4
5.76   0   4.4
5.78   0   4.4
5.8   0   4.4
5.82   0   4.4
5.84   0   4.4
5.86   0   4.4
5.88   0   4.4
5.9   0   4.4
5.92   0   4.4
5.94   0   4.4
5.96   0   4.4
5.98   0   4.4
6   0   4.4
6.02   0   4.4
6.04   0   4.4
6.06   0   4.4
6.08   0   4.4
6.1   0   4.4
6.12   0   4.4
6.14   0   4.4
6.16   0   4.4
6.18   0   4.4
6.2   0   4.4
6.22   0   4.4
6.24   0   4.4
6.26   0   4.4
6.28   0   4.4
6.3   0   4.4
6.32   0   4.4
6.34   0   4.4
6.36   0   4.4
6.38   0   4.4
6.4   0   4.4
6.42   0   4.4
6.44   0   4.4
6.46   0   4.4
6.48   0   4.4
6.5   0   4.4
6.52   0   4.4
6.54   0   4.4
6.56   0   4.4
6.58   0   4.4
6.6   0   4.4
6.62   0   4.4
6.64   0   4.4
6.66   0   4.4
6.68   0   4.4
6.7   0   4.4
6.72   0   4.4
6.74   0   4.4
6.76   0   4.4
6.78   0   4.4
6.8   0   4.4
6.82   0   4.4
6.84   0   4.4
6.86   0   4.4
6.88   0   4.4
6.9   0   4.4
6.92   0   4.4
6.94   0   4.4
6.96   0   4.4
6.98   0   4.4
7   0   4.4
7.02   0   4.4
7.04   0   4.4
7.06   0   4.4
7.08   0   4.4
7.1   0   4.4
7.12   0   4.4
7.14   0   4.4
7.16   0   4.4
7.18   0   4.4
7.2   0   4.4
7.22   0   4.4
7.24   0   4.4
7.26   0   4.4
7.28   0   4.4
7.3   0   4.4
7.32   0   4.4
7.34   0   4.4
7.36   0   4.4
7.38   0   4.4
7.4   0   4.4
7.42   0   4.4
7.44   0   4.4
7.46   0   4.4
7.48   0   4.4
7.5   0   4.4
7.52   0   4.4
7.54   0   4.4
7.56   0   4.4
7.58   0   4.4
7.6   0   4.4
7.62   0   4.4
7.64   0   4.4
7.66   0   4.4
7.68   0   4.4
7.7   0   4.4
7.72   0   4.4
7.74   0   4.4
7.76   0   4.4
7.78   0   4.4
7.8   0   4.4
7.82   0   4.4
7.84   0   4.4
7.86   0   4.4
7.88   0   4.4
7.9   0   4.4
7.92   0   4.4
7.94   0   4.4
7.96   0   4.4
7.98   0   4.4
8   0   4.4
8.02   0   4.4
8.04   0   4.4
8.06   0   4.4
8.08   0   4.4
8.1   0   4.4
8.12   0   4.4
8.14   0   4.4
8.16   0   4.4
8.18   0   4.4
8.2   0   4.4
8.22   0   4.4
8.24   0   4.4
8.26   0   4.4
8.28   0   4.4
8.3   0   4.4
8.32   0   4.4
8.34   0   4.4
8.36   0   4.4
8.38   0   4.4
8.4   0   4.4
8.42   0   4.4
8.44   0   4.4
8.46   0   4.4
8.48   0   4.4
8.5   0   4.4
8.52   0   4.4
8.54   0   4.4
8.56   0   4.4
8.58   0   4.4
8.6   0   4.4
8.62   0   4.4
8.64   0   4.4
8.66   0   4.4
8.68   0   4.4
8.7   0   4.4
8.72   0   4.4
8.74   0   4.4
8.76   0   4.4
8.78   0   4.4
8.8   0   4.4
8.82   0   4.4
8.84   0   4.4
8.86   0   4.4
8.88   0   4.4
8.9   0   4.4
8.92   0   4.4
8.94   0   4.4
8.96   0   4.4
8.98   0   4.4
9   0   4.4
9.02   0   4.4
9.04   0   4.4
9.06   0   4.4
9.08   0   4.4
9.1   0   4.4
9.12   0   4.4
9.14   0   4.4
9.16   0   4.4
9.18   0   4.4
9.2   0   4.4
9.22   0   4.4
9.24   0   4.4
9.26   0   4.4
9.28   0   4.4
9.3   0   4.4
9.32   0   4.4
9.34   0   4.4
9.36   0   4.4
9.38   0   4.4
9.4   0   4.4
9.42   0   4.4
9.44   0   4.4
9.46   0   4.4
9.48   0   4.4
9.5   0   4.4
9.52   0   4.4
9.54   0   4.4
9.56   0   4.4
9.58   0   4.4
9.6   0   4.4
9.62   0   4.4
9.64   0   4.4
9.66   0   4.4
9.68   0   4.4
9.7   0   4.4
9.72   0   4.4
9.74   0   4.4
9.76   0   4.4
9.78   0   4.4
9.8   0   4.4
9.82   0   4.4
9.84   0   4.4
9.86   0   4.4
9.88   0   4.4
9.9   0   4.4
9.92   0   4.4
9.94   0   4.4
9.96   0   4.4
9.98   0   4.4
10   0   4.4
10.02   0   4.4
10.04   0   4.4
10.06   0   4.4
10.08   0   4.4
10.1   0   4.4
10.12   0   4.4
10.14   0   4.4
10.16   0   4.4
10.18   0   4.4
10.2   0   4.4
10.22   0   4.4
10.24   0   4.4
10.26   0   4.4
10.28   0   4.4
10.3   0   4.4
10.32   0   4.4
10.34   0   4.4
10.36   0   4.4
10.38   0   4.4
10.4   0   4.4
10.42   0   4.4
10.44   0   4.4
10.46   0   4.4
10.48   0   4.4
10.5   0   4.4
10.52   0   4.4
10.54   0   4.4
10.56   0   4.4
10.58   0   4.4
10.6   0   4.4
10.62   0   4.4
10.64   0   4.4
10.66   0   4.4
10.68   0   4.4
10.7   0   4.4
10.72   0   4.4
10.74   0   4.4
10.76   0   4.4
10.78   0   4.4
10.8   0   4.4
10.82   0   4.4
10.84   0   4.4
10.86   0   4.4
10.88   0   4.4
10.9   0   4.4
10.92   0   4.4
10.94   0   4.4
10.96   0   4.4
10.98   0   4.4
11   0   4.4
11.02   0   4.4
11.04   0   4.4
11.06   0   4.4
11.08   0   4.4
11.1   0   4.4
11.12   0   4.4
11.14   0   4.4
11.16   0   4.4
11.18   0   4.4
11.2   0   4.4
11.22   0   4.4
11.24   0   4.4
11.26   0   4.4
11.28   0   4.4
11.3   0   4.4
11.32   0   4.4
11.34   0   4.4
11.36   0   4.4
11.38   0   4.4
11.4   0   4.4
11.42   0   4.4
11.44   0   4.4
11.46   0   4.4
11.48   0   4.4
11.5   0   4.4
11.52   0   4.4
11.54   0   4.4
11.56   0   4.4
11.58   0   4.4
11.6   0   4.4
11.62   0   4.4
11.64   0   4.4
11.66   0   4.4
11.68   0   4.4
11.7   0   4.4
11.72   0   4.4
11.74   0   4.4
11.76   0   4.4
11.78   0   4.4
11.8   0   4.4
11.82   0   4.4
11.84   0   4.4
11.86   0   4.4
11.88   0   4.4
11.9   0   4.4
11.92   0   4.4
11.94   0   4.4
11.96   0   4.4
11.98   0   4.4
12   0   4.4
12.02   0   4.4
12.04   0   4.4
12.06   0   4.4
12.08   0   4.4
12.1   0   4.4
12.12   0   4.4
12.14   0   4.4
12.16   0   4.4
12.18   0   4.4
12.2   0   4.4
12.22   0   4.4
12.24   0   4.4
12.26   0   4.4
12.28   0   4.4
12.3   0   4.4
12.32   0   4.4
12.34   0   4.4
12.36   0   4.4
12.38   0   4.4
12.4   0   4.4
12.42   0   4.4
12.44   0   4.4
12.46   0   4.4
12.48   0   4.4
12.5   0   4.4
12.52   0   4.4
12.54   0   4.4
12.56   0   4.4
12.58   0   4.4
12.6   0   4.4
12.62   0   4.4
12.64   0   4.4
12.66   0   4.4
12.68   0   4.4
12.7   0   4.4
12.72   0   4.4
12.74   0   4.4
12.76   0   4.4
12.78   0   4.4
12.8   0   4.4
12.82   0   4.4
12.84   0   4.4
12.86   0   4.4
12.88   0   4.4
12.9   0   4.4
12.92   0   4.4
12.94   0   4.4
12.96   0   4.4
12.98   0   4.4
13   0   4.4
13.02   0   4.4
13.04   0   4.4
13.06   0   4.4
13.08   0   4.4
13.1   0   4.4
13.12   0   4.4
13.14   0   4.4
13.16   0   4.4
13.18   0   4.4
13.2   0   4.4
13.22   0   4.4
13.24   0   4.4
13.26   0   4.4
13.28   0   4.4
13.3   0   4.4
13.32   0   4.4
13.34   0   4.4
13.36   0   4.4
13.38   0   4.4
13.4   0   4.4
13.42   0   4.4
13.44   0   4.4
13.46   0   4.4
13.48   0   4.4
13.5   0   4.4
13.52   0   4.4
13.54   0   4.4
13.56   0   4.4
13.58   0   4.4
13.6   0   4.4
13.62   0   4.4
13.64   0   4.4
13.66   0   4.4
13.68   0   4.4
13.7   0   4.4
13.72   0   4.4
13.74   0   4.4
13.76   0   4.4
13.78   0   4.4
13.8   0   4.4
13.82   0   4.4
13.84   0   4.4
13.86   0   4.4
13.88   0   4.4
13.9   0   4.4
13.92   0   4.4
13.94   0   4.4
13.96   0   4.4
13.98   0   4.4
14   0   4.4
14.02   0   4.4
14.04   0   4.4
14.06   0   4.4
14.08   0   4.4
14.1   0   4.4
14.12   0   4.4
14.14   0   4.4
14.16   0   4.4
14.18   0   4.4
14.2   0   4.4
14.22   0   4.4
14.24   0   4.4
14.26   0   4.4
14.28   0   4.4
14.3   0   4.4
14.32   0   4.4
14.34   0   4.4
14.36   0   4.4
14.38   0   4.4
14.4   0   4.4
14.42   0   4.4
14.44   0   4.4
14.46   0   4.4
14.48   0   4.4
14.5   0   4.4
14.52   0   4.4
14.54   0   4.4
14.56   0   4.4
14.58   0   4.4
14.6   0   4.4
14.62   0   4.4
14.64   0   4.4
14.66   0   4.4
14.68   0   4.4
14.7   0   4.4
14.72   0   4.4
14.74   0   4.4
14.76   0   4.4
14.78   0   4.4
14.8   0   4.4
14.82   0   4.4
14.84   0   4.4
14.86   0   4.4
14.88   0   4.4
14.9   0   4.4
14.92   0   4.4
14.94   0   4.4
14.96   0   4.4
14.98   0   4.4
15   0   4.4
15.02   0   4.4
15.04   0   4.4
15.06   0   4.4
15.08   0   4.4
15.1   0   4.4
15.12   0   4.4
15.14   0   4.4
15.16   0   4.4
15.18   0   4.4
15.2   0   4.4
15.22   0   4.4
15.24   0   4.4
15.26   0   4.4
15.28   0   4.4
15.3   0   4.4
15.32   0   4.4
15.34   0   4.4
15.36   0   4.4
15.38   0   4.4
15.4   0   4.4
15.42   0   4.4
15.44   0   4.4
15.46   0   4.4
15.48   0   4.4
15.5   0   4.4
15.52   0   4.4
15.54   0   4.4
15.56   0   4.4
15.58   0   4.4
15.6   0   4.4
15.62   0   4.4
15.64   0   4.4
15.66   0   4.4
15.68   0   4.4
15.7   0   4.4
15.72   0   4.4
15.74   0   4.4
15.76   0   4.4
15.78   0   4.4
15.8   0   4.4
15.82   0   4.4
15.84   0   4.4
15.86   0   4.4
15.88   0   4.4
15.9   0   4.4
15.92   0   4.4
15.94   0   4.4
15.96   0   4.4
15.98   0   4.4
16   0   4.4
16.02   0   4.4
16.04   0   4.4
16.06   0   4.4
16.08   0   4.4
16.1   0   4.4
16.12   0   4.4
16.14   0   4.4
16.16   0   4.4
16.18   0   4.4
16.2   0   4.4
16.22   0   4.4
16.24   0   4.4
16.26   0   4.4
16.28   0   4.4
16.3   0   4.4
16.32   0   4.4
16.34   0   4.4
16.36   0   4.4
16.38   0   4.4
16.4   0   4.4
16.42   0   4.4
16.44   0   4.4
16.46   0   4.4
16.48   0   4.4
16.5   0   4.4
16.52   0   4.4
16.54   0   4.4
16.56   0   4.4
16.58   0   4.4
16.6   0   4.4
16.62   0   4.4
16.64   0   4.4
16.66   0   4.4
16.68   0   4.4
16.7   0   4.4
16.72   0   4.4
16.74   0   4.4
16.76   0   4.4
16.78   0   4.4
16.8   0   4.4
16.82   0   4.4
16.84   0   4.4
16.86   0   4.4
16.88   0   4.4
16.9   0   4.4
16.92   0   4.4
16.94   0   4.4
16.96   0   4.4
16.98   0   4.4
17   0   4.4
17.02   0   4.4
17.04   0   4.4
17.06   0   4.4
17.08   0   4.4
17.1   0   4.4
17.12   0   4.4
17.14   0   4.4
17.16   0   4.4
17.18   0   4.4
17.2   0   4.4
17.22   0   4.4
17.24   0   4.4
17.26   0   4.4
17.28   0   4.4
17.3   0   4.4
17.32   0   4.4
17.34   0   4.4
17.36   0   4.4
17.38   0   4.4
17.4   0   4.4
17.42   0   4.4
17.44   0   4.4
17.46   0   4.4
17.48   0   4.4
17.5   0   4.4
17.52   0   4.4
17.54   0   4.4
17.56   0   4.4
17.58   0   4.4
17.6   0   4.4
17.62   0   4.4
17.64   0   4.4
17.66   0   4.4
17.68   0   4.4
17.7   0   4.4
17.72   0   4.4
17.74   0   4.4
17.76   0   4.4
17.78   0   4.4
17.8   0   4.4
17.82   0   4.4
17.84   0   4.4
17.86   0   4.4
17.88   0   4.4
17.9   0   4.4
17.92   0   4.4
17.94   0   4.4
17.96   0   4.4
17.98   0   4.4
18   0   4.4
18.02   0   4.4
18.04   0   4.4
18.06   0   4.4
18.08   0   4.4
18.1   0   4.4
18.12   0   4.4
18.14   0   4.4
18.16   0   4.4
18.18   0   4.4
18.2   0   4.4
18.22   0   4.4
18.24   0   4.4
18.26   0   4.4
18.28   0   4.4
18.3   0   4.4
18.32   0   4.4
18.34   0   4.4
18.36   0   4.4
18.38   0   4.4
18.4   0   4.4
18.42   0   4.4
18.44   0   4.4
18.46   0   4.4
18.48   0   4.4
18.5   0   4.4
18.52   0   4.4
18.54   0   4.4
18.56   0   4.4
18.58   0   4.4
18.6   0   4.4
18.62   0   4.4
18.64   0   4.4
18.66   0   4.4
18.68   0   4.4
18.7   0   4.4
18.72   0   4.4
18.74   0   4.4
18.76   0   4.4
18.78   0   4.4
18.8   0   4.4
18.82   0   4.4
18.84   0   4.4
18.86   0   4.4
18.88   0   4.4
18.9   0   4.4
18.92   0   4.4
18.94   0   4.4
18.96   0   4.4
18.98   0   4.4
19   0   4.4
19.02   0   4.4
19.04   0   4.4
19.06   0   4.4
19.08   0   4.4
19.1   0   4.4
19.12   0   4.4
19.14   0   4.4
19.16   0   4.4
19.18   0   4.4
19.2   0   4.4
19.22   0   4.4
19.24   0   4.4
19.26   0   4.4
19.28   0   4.4
19.3   0   4.4
19.32   0   4.4
19.34   0   4.4
19.36   0   4.4
19.38   0   4.4
19.4   0   4.4
19.42   0   4.4
19.44   0   4.4
19.46   0   4.4
19.48   0   4.4
19.5   0   4.4
19.52   0   4.4
19.54   0   4.4
19.56   0   4.4
19.58   0   4.4
19.6   0   4.4
19.62   0   4.4
19.64   0   4.4
19.66   0   4.4
19.68   0   4.4
19.7   0   4.4
19.72   0   4.4
19.74   0   4.4
19.76   0   4.4
19.78   0   4.4
19.8   0   4.4
19.82   0   4.4
19.84   0   4.4
19.86   0   4.4
19.88   0   4.4
19.9   0   4.4
19.92   0   4.4
19.94   0   4.4
19.96   0   4.4
19.98   0   4.4
20   9.75459   4.4
20.02   10.0277   4.4
20.04   10.3125   4.4
20.06   10.6095   4.4
20.08   10.9196   4.4
20.1   11.2434   4.4
20.12   11.5819   4.4
20.14   11.9359   4.4
20.16   12.3063   4.4
20.18   12.6943   4.4
20.2   13.1008   4.4
20.22   13.5273   4.4
20.24   13.9749   4.4
20.26   14.445   4.4
20.28   14.9393   4.4
20.3   15.4593   4.4
20.32   16.007   4.4
20.34   16.5843   4.4
20.36   17.1934   4.4
20.38   17.8366   4.4
20.4   18.5165   4.4
20.42   19.2361   4.4
20.44   19.9984   4.47196
20.46   20.807   4.56146
20.48   21.6655   4.65462
20.5   22.5782   4.75165
20.52   23.5497   4.85281
20.54   24.5853   4.95836
20.56   25.6907   5.0686
20.58   26.8722   5.18384
20.6   28.137   5.30444
20.62   29.4932   5.43077
20.64   30.9498   5.56325
20.66   32.5168   5.70235
20.68   34.2057   5.84856
20.7   36.0295   6.00246
20.72   38.0029   6.16465
20.74   40.1427   6.33583
20.76   42.4682   6.51676
20.78   45.0013   6.7083
20.8   47.7676   6.91141
20.82   50.7964   7.12716
20.84   54.1221   7.35677
20.86   57.7845   7.60161
20.88   61.8308   7.86325
20.9   66.3161   8.14347
20.92   71.3063   8.44431
20.94   76.8798   8.76811
20.96   83.1309   9.11762
20.98   90.1736   9.49598
21   98.1468   9.9069
21.02   107.221   10.3548
21.04   117.608   10.8447
21.06   129.572   11.383
21.08   143.447   11.9769
21.1   159.66   12.6357
21.12   178.764   13.3702
21.14   201.48   14.1944
21.16   228.773   15.1252
21.18   261.943   16.1846
21.2   302.782   17.4006
21.22   353.809   18.8098
21.24   418.649   20.4609
21.26   502.67   22.4203
21.28   614.176   24.7826
21.3   766.986   27.6945
21.32   986.564   31.4096
21.34   1323.47   36.3795
21.36   1875.64   43.3086
21.38   2807.68   52.9875
21.4   4332.65   65.8229
21.42   6576.32   81.0945
21.44   9064.22   95.2062
21.46   10000   100
21.48   8329.27   91.2648
21.5   5790.58   76.0959
21.52   3770.26   61.4025
21.54   2456.95   49.5677
21.56   1667.81   40.8389
21.58   1198.71   34.6223
21.6   907.026   30.1169
21.62   712.627   26.6951
21.64   574.995   23.9791
21.66   473.402   21.7578
21.68   396.218   19.9052
21.7   336.26   18.3374
21.72   288.808   16.9943
21.74   250.644   15.8317
21.76   219.513   14.816
21.78   193.801   13.9212
21.8   172.326   13.1273
21.82   154.213   12.4182
21.84   138.797   11.7812
21.86   125.572   11.2059
21.88   114.143   10.6838
21.9   104.2   10.2078
21.92   95.4969   9.77225
21.94   87.8369   9.37213
21.96   81.0601   9.00334
21.98   75.0361   8.66234
22   69.6578   8.34612
22.02   64.8362   8.05209
22.04   60.4973   7.778
22.06   56.5789   7.52189
22.08   53.0284   7.28206
22.1   49.8013   7.05701
22.12   46.8596   6.84541
22.14   44.1705   6.64609
22.16   41.7061   6.45803
22.18   39.4421   6.28029
22.2   37.3572   6.11205
22.22   35.4331   5.95257
22.24   33.6538   5.80119
22.26   32.005   5.6573
22.28   30.4744   5.52036
22.3   29.0509   5.38989
22.32   27.7247   5.26542
22.34   26.4872   5.14657
22.36   25.3307   5.03296
22.38   24.2482   4.92425
22.4   23.2336   4.82013
22.42   22.2813   4.72031
22.44   21.3864   4.62454
22.46   20.5442   4.53257
22.48   19.7508   4.44419
22.5   19.0025   4.4
22.52   18.2958   4.4
22.54   17.6279   4.4
22.56   16.9958   4.4
22.58   16.3971   4.4
22.6   15.8295   4.4
22.62   15.2908   4.4
22.64   14.7791   4.4
22.66   14.2927   4.4
22.68   13.8299   4.4
22.7   13.3892   4.4
22.72   12.9693   4.4
22.74   12.5687   4.4
22.76   12.1865   4.4
22.78   11.8214   4.4
22.8   11.4725   4.4
22.82   11.1387   4.4
22.84   10.8194   4.4
22.86   10.5135   4.4
22.88   10.2205   4.4
22.9   9.93949   4.4
22.92   0   4.4
22.94   0   4.4
22.96   0   4.4
22.98   0   4.4
23   0   4.4
23.02   0   4.4
23.04   0   4.4
23.06   0   4.4
23.08   0   4.4
23.1   0   4.4
23.12   0   4.4
23.14   0   4.4
23.16   0   4.4
23.18   0   4.4
23.2   0   4.4
23.22   0   4.4
23.24   0   4.4
23.26   0   4.4
23.28   0   4.4
23.3   0   4.4
23.32   0   4.4
23.34   0   4.4
23.36   0   4.4
23.38   0   4.4
23.4   0   4.4
23.42   0   4.4
23.44   0   4.4
23.46   0   4.4
23.48   0   4.4
23.5   0   4.4
23.52   0   4.4
23.54   0   4.4
23.56   0   4.4
23.58   0   4.4
23.6   0   4.4
23.62   0   4.4
23.64   0   4.4
23.66   0   4.4
23.68   0   4.4
23.7   0   4.4
23.72   0   4.4
23.74   0   4.4
23.76   0   4.4
23.78   0   4.4
23.8   0   4.4
23.82   0   4.4
23.84   0   4.4
23.86   0   4.4
23.88   0   4.4
23.9   0   4.4
23.92   0   4.4
23.94   0   4.4
23.96   0   4.4
23.98   0   4.4
24   0   4.4
24.02   0   4.4
24.04   0   4.4
24.06   0   4.4
24.08   0   4.4
24.1   0   4.4
24.12   0   4.4
24.14   0   4.4
24.16   0   4.4
24.18   0   4.4
24.2   0   4.4
24.22   0   4.4
24.24   0   4.4
24.26   0   4.4
24.28   0   4.4
24.3   0   4.4
24.32   0   4.4
24.34   0   4.4
24.36   0   4.4
24.38   0   4.4
24.4   0   4.4
24.42   0   4.4
24.44   0   4.4
24.46   0   4.4
24.48   0   4.4
24.5   0   4.4
24.52   0   4.4
24.54   0   4.4
24.56   0   4.4
24.58   0   4.4
24.6   0   4.4
24.62   0   4.4
24.64   0   4.4
24.66   0   4.4
24.68   0   4.4
24.7   0   4.4
24.72   0   4.4
24.74   0   4.4
24.76   0   4.4
24.78   0   4.4
24.8   0   4.4
24.82   0   4.4
24.84   0   4.4
24.86   0   4.4
24.88   0   4.4
24.9   0   4.4
24.92   0   4.4
24.94   0   4.4
24.96   0   4.4
24.98   0   4.4
25   0   4.4
25.02   0   4.4
25.04   0   4.4
25.06   0   4.4
25.08   0   4.4
25.1   0   4.4
25.12   0   4.4
25.14   0   4.4
25.16   0   4.4
25.18   0   4.4
25.2   0   4.4
25.22   0   4.4
25.24   0   4.4
25.26   0   4.4
25.28   0   4.4
25.3   0   4.4
25.32   0   4.4
25.34   0   4.4
25.36   0   4.4
25.38   0   4.4
25.4   0   4.4
25.42   0   4.4
25.44   0   4.4
25.46   0   4.4
25.48   0   4.4
25.5   0   4.4
25.52   0   4.4
25.54   0   4.4
25.56   0   4.4
25.58   0   4.4
25.6   0   4.4
25.62   0   4.4
25.64   0   4.4
25.66   0   4.4
25.68   0   4.4
25.7   0   4.4
25.72   0   4.4
25.74   0   4.4
25.76   0   4.4
25.78   0   4.4
25.8   0   4.4
25.82   0   4.4
25.84   0   4.4
25.86   0   4.4
25.88   0   4.4
25.9   0   4.4
25.92   0   4.4
25.94   0   4.4
25.96   0   4.4
25.98   0   4.4
26   0   4.4
26.02   0   4.4
26.04   0   4.4
26.06   0   4.4
26.08   0   4.4
26.1   0   4.4
26.12   0   4.4
26.14   0   4.4
26.16   0   4.4
26.18   0   4.4
26.2   0   4.4
26.22   0   4.4
26.24   0   4.4
26.26   0   4.4
26.28   0   4.4
26.3   0   4.4
26.32   0   4.4
26.34   0   4.4
26.36   0   4.4
26.38   0   4.4
26.4   0   4.4
26.42   0   4.4
26.44   0   4.4
26.46   0   4.4
26.48   0   4.4
26.5   0   4.4
26.52   0   4.4
26.54   0   4.4
26.56   0   4.4
26.58   0   4.4
26.6   0   4.4
26.62   0   4.4
26.64   0   4.4
26.66   0   4.4
26.68   0   4.4
26.7   0   4.4
26.72   0   4.4
26.74   0   4.4
26.76   0   4.4
26.78   0   4.4
26.8   0   4.4
26.82   0   4.4
26.84   0   4.4
26.86   0   4.4
26.88   0   4.4
26.9   0   4.4
26.92   0   4.4
26.94   0   4.4
26.96   0   4.4
26.98   0   4.4
27   0   4.4
27.02   0   4.4
27.04   0   4.4
27.06   0   4.4
27.08   0   4.4
27.1   0   4.4
27.12   0   4.4
27.14   0   4.4
27.16   0   4.4
27.18   0   4.4
27.2   0   4.4
27.22   0   4.4
27.24   0   4.4
27.26   0   4.4
27.28   0   4.4
27.3   0   4.4
27.32   0   4.4
27.34   0   4.4
27.36   0   4.4
27.38   0   4.4
27.4   0   4.4
27.42   0   4.4
27.44   0   4.4
27.46   0   4.4
27.48   0   4.4
27.5   0   4.4
27.52   0   4.4
27.54   0   4.4
27.56   0   4.4
27.58   0   4.4
27.6   0   4.4
27.62   0   4.4
27.64   0   4.4
27.66   0   4.4
27.68   0   4.4
27.7   0   4.4
27.72   0   4.4
27.74   0   4.4
27.76   0   4.4
27.78   0   4.4
27.8   0   4.4
27.82   0   4.4
27.84   0   4.4
27.86   0   4.4
27.88   0   4.4
27.9   0   4.4
27.92   0   4.4
27.94   0   4.4
27.96   0   4.4
27.98   0   4.4
28   0   4.4
28.02   0   4.4
28.04   0   4.4
28.06   0   4.4
28.08   0   4.4
28.1   0   4.4
28.12   0   4.4
28.14   0   4.4
28.16   0   4.4
28.18   0   4.4
28.2   0   4.4
28.22   0   4.4
28.24   0   4.4
28.26   0   4.4
28.28   0   4.4
28.3   0   4.4
28.32   0   4.4
28.34   0   4.4
28.36   0   4.4
28.38   0   4.4
28.4   0   4.4
28.42   0   4.4
28.44   0   4.4
28.46   0   4.4
28.48   0   4.4
28.5   0   4.4
28.52   0   4.4
28.54   0   4.4
28.56   0   4.4
28.58   0   4.4
28.6   0   4.4
28.62   0   4.4
28.64   0   4.4
28.66   0   4.4
28.68   0   4.4
28.7   0   4.4
28.72   0   4.4
28.74   0   4.4
28.76   0   4.4
28.78   0   4.4
28.8   0   4.4
28.82   0   4.4
28.84   0   4.4
28.86   0   4.4
28.88   0   4.4
28.9   0   4.4
28.92   0   4.4
28.94   0   4.4
28.96   0   4.4
28.98   0   4.4
29   0   4.4
29.02   0   4.4
29.04   0   4.4
29.06   0   4.4
29.08   0   4.4
29.1   0   4.4
29.12   0   4.4
29.14   0   4.4
29.16   0   4.4
29.18   0   4.4
29.2   0   4.4
29.22   0   4.4
29.24   0   4.4
29.26   0   4.4
29.28   0   4.4
29.3   0   4.4
29.32   0   4.4
29.34   0   4.4
29.36   0   4.4
29.38   0   4.4
29.4   0   4.4
29.42   0   4.4
29.44   0   4.4
29.46   0   4.4
29.48   0   4.4
29.5   0   4.4
29.52   0   4.4
29.54   0   4.4
29.56   0   4.4
29.58   0   4.4
29.6   0   4.4
29.62   0   4.4
29.64   0   4.4
29.66   0   4.4
29.68   0   4.4
29.7   0   4.4
29.72   0   4.4
29.74   0   4.4
29.76   0   4.4
29.78   0   4.4
29.8   0   4.4
29.82   0   4.4
29.84   0   4.4
29.86   0   4.4
29.88   0   4.4
29.9   0   4.4
29.92   0   4.4
29.94   0   4.4
29.96   0   4.4
29.98   0   4.4
30   0   4.4
30.02   0   4.4
30.04   0   4.4
30.06   0   4.4
30.08   0   4.4
30.1   0   4.4
30.12   0   4.4
30.14   0   4.4
30.16   0   4.4
30.18   0   4.4
30.2   0   4.4
30.22   0   4.4
30.24   0   4.4
30.26   0   4.4
30.28   0   4.4
30.3   0   4.4
30.32   0   4.4
30.34   0   4.4
30.36   0   4.4
30.38   0   4.4
30.4   0   4.4
30.42   0   4.4
30.44   0   4.4
30.46   0   4.4
30.48   0   4.4
30.5   0   4.4
30.52   0   4.4
30.54   0   4.4
30.56   0   4.4
30.58   0   4.4
30.6   0   4.4
30.62   0   4.4
30.64   0   4.4
30.66   0   4.4
30.68   0   4.4
30.7   0   4.4
30.72   0   4.4
30.74   0   4.4
30.76   0   4.4
30.78   0   4.4
30.8   0   4.4
30.82   0   4.4
30.84   0   4.4
30.86   0   4.4
30.88   0   4.4
30.9   0   4.4
30.92   0   4.4
30.94   0   4.4
30.96   0   4.4
30.98   0   4.4
31   0   4.4
31.02   0   4.4
31.04   0   4.4
31.06   0   4.4
31.08   0   4.4
31.1   0   4.4
31.12   0   4.4
31.14   0   4.4
31.16   0   4.4
31.18   0   4.4
31.2   0   4.4
31.22   0   4.4
31.24   0   4.4
31.26   0   4.4
31.28   0   4.4
31.3   0   4.4
31.32   0   4.4
31.34   0   4.4
31.36   0   4.4
31.38   0   4.4
31.4   0   4.4
31.42   0   4.4
31.44   0   4.4
31.46   0   4.4
31.48   0   4.4
31.5   0   4.4
31.52   0   4.4
31.54   0   4.4
31.56   0   4.4
31.58   0   4.4
31.6   0   4.4
31.62   0   4.4
31.64   0   4.4
31.66   0   4.4
31.68   0   4.4
31.7   0   4.4
31.72   0   4.4
31.74   0   4.4
31.76   0   4.4
31.78   0   4.4
31.8   0   4.4
31.82   0   4.4
31.84   0   4.4
31.86   0   4.4
31.88   0   4.4
31.9   0   4.4
31.92   0   4.4
31.94   0   4.4
31.96   0   4.4
31.98   0   4.4
32   0   4.4
32.02   0   4.4
32.04   0   4.4
32.06   0   4.4
32.08   0   4.4
32.1   0   4.4
32.12   0   4.4
32.14   0   4.4
32.16   0   4.4
32.18   0   4.4
32.2   0   4.4
32.22   0   4.4
32.24   0   4.4
32.26   0   4.4
32.28   0   4.4
32.3   0   4.4
32.32   0   4.4
32.34   0   4.4
32.36   0   4.4
32.38   0   4.4
32.4   0   4.4
32.42   0   4.4
32.44   0   4.4
32.46   0   4.4
32.48   0   4.4
32.5   0   4.4
32.52   0   4.4
32.54   0   4.4
32.56   0   4.4
32.58   0   4.4
32.6   0   4.4
32.62   0   4.4
32.64   0   4.4
32.66   0   4.4
32.68   0   4.4
32.7   0   4.4
32.72   0   4.4
32.74   0   4.4
32.76   0   4.4
32.78   0   4.4
32.8   0   4.4
32.82   0   4.4
32.84   0   4.4
32.86   0   4.4
32.88   0   4.4
32.9   0   4.4
32.92   0   4.4
32.94   0   4.4
32.96   0   4.4
32.98   0   4.4
33   0   4.4
33.02   0   4.4
33.04   0   4.4
33.06   0   4.4
33.08   0   4.4
33.1   0   4.4
33.12   0   4.4
33.14   0   4.4
33.16   0   4.4
33.18   0   4.4
33.2   0   4.4
33.22   0   4.4
33.24   0   4.4
33.26   0   4.4
33.28   0   4.4
33.3   0   4.4
33.32   0   4.4
33.34   0   4.4
33.36   0   4.4
33.38   0   4.4
33.4   0   4.4
33.42   0   4.4
33.44   0   4.4
33.46   0   4.4
33.48   0   4.4
33.5   0   4.4
33.52   0   4.4
33.54   0   4.4
33.56   0   4.4
33.58   0   4.4
33.6   0   4.4
33.62   0   4.4
33.64   0   4.4
33.66   0   4.4
33.68   0   4.4
33.7   0   4.4
33.72   0   4.4
33.74   0   4.4
33.76   0   4.4
33.78   0   4.4
33.8   0   4.4
33.82   0   4.4
33.84   0   4.4
33.86   0   4.4
33.88   0   4.4
33.9   0   4.4
33.92   0   4.4
33.94   0.854573   4.4
33.96   0.878538   4.4
33.98   0.903525   4.4
34   0.929593   4.4
34.02   0.956805   4.4
34.04   0.985229   4.4
34.06   1.01494   4.4
34.08   1.04601   4.4
34.1   1.07853   4.4
34.12   1.11259   4.4
34.14   1.14829   4.4
34.16   1.18574   4.4
34.18   1.22504   4.4
34.2   1.26634   4.4
34.22   1.30975   4.4
34.24   1.35543   4.4
34.26   1.40355   4.4
34.28   1.45427   4.4
34.3   1.50779   4.4
34.32   1.56432   4.4
34.34   1.62408   4.4
34.36   1.68733   4.4
34.38   1.75435   4.4
34.4   1.82544   4.4
34.42   1.90093   4.4
34.44   1.9812   4.4
34.46   2.06666   4.4
34.48   2.15777   4.4
34.5   2.25502   4.4
34.52   2.359   4.4
34.54   2.47033   4.4
34.56   2.58972   4.4
34.58   2.71797   4.4
34.6   2.85598   4.4
34.62   3.00475   4.4
34.64   3.16544   4.4
34.66   3.33935   4.4
34.68   3.52798   4.4
34.7   3.73302   4.4
34.72   3.95643   4.4
34.74   4.20048   4.4
34.76   4.46777   4.4
34.78   4.76135   4.4
34.8   5.08478   4.4
34.82   5.44223   4.4
34.84   5.83862   4.4
34.86   6.27983   4.4
34.88   6.77283   4.4
34.9   7.32604   4.4
34.92   7.94963   4.4
34.94   8.65601   4.4
34.96   9.46045   4.4
34.98   10.3819   4.4
35   11.444   4.4
35.02   12.6768   4.4
35.04   14.1186   4.4
35.06   15.8191   4.4
35.08   17.8434   4.4
35.1   20.2786   4.50318
35.12   23.2422   4.82102
35.14   26.8968   5.18622
35.16   31.4713   5.60993
35.18   37.2959   6.10704
35.2   44.862   6.69791
35.22   54.9342   7.41176
35.24   68.7989   8.29451
35.26   88.8526   9.42617
35.28   119.87   10.9485
35.3   171.001   13.0767
35.32   257.285   16.0401
35.34   397.379   19.9344
35.36   599.58   24.4863
35.38   811.396   28.485
35.4   867.009   29.445
35.42   702.764   26.5097
35.44   482.681   21.97
35.46   313.468   17.705
35.48   204.889   14.3139
35.5   139.933   11.8293
35.52   101.217   10.0607
35.54   76.9667   8.77307
35.56   60.68   7.78974
35.58   49.0846   7.00604
35.6   40.4934   6.36344
35.62   33.9482   5.82651
35.64   28.8524   5.37144
35.66   24.8116   4.98113
35.68   21.5564   4.64288
35.7   18.897   4.4
35.72   16.6977   4.4
35.74   14.8587   4.4
35.76   13.3058   4.4
35.78   11.9831   4.4
35.8   10.8473   4.4
35.82   9.86495   4.4
35.84   9.00975   4.4
35.86   8.26073   4.4
35.88   7.60107   4.4
35.9   7.01714   4.4
35.92   6.49782   4.4
35.94   6.03393   4.4
35.96   5.61788   4.4
35.98   5.24333   4.4
36   4.90494   4.4
36.02   4.59822   4.4
36.04   4.31935   4.4
36.06   4.06504   4.4
36.08   3.83252   4.4
36.1   3.61936   4.4
36.12   3.42347   4.4
36.14   3.24304   4.4
36.16   3.0765   4.4
36.18   2.92244   4.4
36.2   2.77966   4.4
36.22   2.64707   4.4
36.24   2.52375   4.4
36.26   2.40883   4.4
36.28   2.30158   4.4
36.3   2.20133   4.4
36.32   2.10749   4.4
36.34   2.01951   4.4
36.36   1.93693   4.4
36.38   1.8593   4.4
36.4   1.78625   4.4
36.42   1.71742   4.4
36.44   1.65248   4.4
36.46   1.59116   4.4
36.48   1.53319   4.4
36.5   1.47832   4.4
36.52   1.42635   4.4
36.54   1.37707   4.4
36.56   1.3303   4.4
36.58   1.28587   4.4
36.6   1.24362   4.4
36.62   1.20343   4.4
36.64   1.16515   4.4
36.66   1.12867   4.4
36.68   1.09387   4.4
36.7   1.06066   4.4
36.72   1.02894   4.4
36.74   0.998617   4.4
36.76   0.969616   4.4
36.78   0.94186   4.4
36.8   0.915278   4.4
36.82   0.889806   4.4
36.84   0.865381   4.4
36.86   0   4.4
36.88   0   4.4
36.9   0   4.4
36.92   0   4.4
36.94   0   4.4
36.96   0   4.4
36.98   0   4.4
37   0   4.4
37.02   0   4.4
37.04   0   4.4
37.06   0   4.4
37.08   0   4.4
37.1   0   4.4
37.12   0   4.4
37.14   0   4.4
37.16   0   4.4
37.18   0   4.4
37.2   0   4.4
37.22   0   4.4
37.24   0   4.4
37.26   0   4.4
37.28   0   4.4
37.3   0   4.4
37.32   0   4.4
37.34   0   4.4
37.36   0   4.4
37.38   0   4.4
37.4   0   4.4
37.42   0   4.4
37.44   0   4.4
37.46   0   4.4
37.48   0   4.4
37.5   0   4.4
37.52   0   4.4
37.54   0   4.4
37.56   0   4.4
37.58   0   4.4
37.6   0   4.4
37.62   0   4.4
37.64   0   4.4
37.66   0   4.4
37.68   0   4.4
37.7   0   4.4
37.72   0   4.4
37.74   0   4.4
37.76   0   4.4
37.78   0   4.4
37.8   0   4.4
37.82   0   4.4
37.84   0   4.4
37.86   0   4.4
37.88   0   4.4
37.9   0   4.4
37.92   0   4.4
37.94   0   4.4
37.96   0   4.4
37.98   0   4.4
38   0   4.4
38.02   0   4.4
38.04   0   4.4
38.06   0   4.4
38.08   0   4.4
38.1   0   4.4
38.12   0   4.4
38.14   0   4.4
38.16   0   4.4
38.18   0   4.4
38.2   0   4.4
38.22   0   4.4
38.24   0   4.4
38.26   0   4.4
38.28   0   4.4
38.3   0   4.4
38.32   0   4.4
38.34   0   4.4
38.36   0   4.4
38.38   0   4.4
38.4   0   4.4
38.42   0   4.4
38.44   0   4.4
38.46   0   4.4
38.48   0   4.4
38.5   0   4.4
38.52   0   4.4
38.54   0   4.4
38.56   0   4.4
38.58   0   4.4
38.6   0   4.4
38.62   0   4.4
38.64   0   4.4
38.66   0   4.4
38.68   0   4.4
38.7   0   4.4
38.72   0   4.4
38.74   0   4.4
38.76   0   4.4
38.78   0   4.4
38.8   0   4.4
38.82   0   4.4
38.84   0   4.4
38.86   0   4.4
38.88   0   4.4
38.9   0   4.4
38.92   0   4.4
38.94   0   4.4
38.96   0   4.4
38.98   0   4.4
39   0   4.4
39.02   0   4.4
39.04   0   4.4
39.06   0   4.4
39.08   0   4.4
39.1   0   4.4
39.12   0   4.4
39.14   0   4.4
39.16   0   4.4
39.18   0   4.4
39.2   0   4.4
39.22   0   4.4
39.24   0   4.4
39.26   0   4.4
39.28   0   4.4
39.3   0   4.4
39.32   0   4.4
39.34   0   4.4
39.36   0   4.4
39.38   0   4.4
39.4   0   4.4
39.42   0   4.4
39.44   0   4.4
39.46   0   4.4
39.48   0   4.4
39.5   0   4.4
39.52   0   4.4
39.54   0   4.4
39.56   0   4.4
39.58   0   4.4
39.6   0   4.4
39.62   0   4.4
39.64   0   4.4
39.66   0   4.4
39.68   0   4.4
39.7   0   4.4
39.72   0   4.4
39.74   0   4.4
39.76   0   4.4
39.78   0   4.4
39.8   0   4.4
39.82   0   4.4
39.84   0   4.4
39.86   0   4.4
39.88   0   4.4
39.9   0   4.4
39.92   0   4.4
39.94   0   4.4
39.96   0   4.4
39.98   0   4.4
40   0   4.4
40.02   0   4.4
40.04   0   4.4
40.06   0   4.4
40.08   0   4.4
40.1   0   4.4
40.12   0   4.4
40.14   0   4.4
40.16   0   4.4
40.18   0   4.4
40.2   0   4.4
40.22   0   4.4
40.24   0   4.4
40.26   0   4.4
40.28   0   4.4
40.3   0   4.4
40.32   0.179392   4.4
40.34   0.184454   4.4
40.36   0.189734   4.4
40.38   0.195244   4.4
40.4   0.200997   4.4
40.42   0.207008   4.4
40.44   0.213293   4.4
40.46   0.219868   4.4
40.48   0.226752   4.4
40.5   0.233964   4.4
40.52   0.241526   4.4
40.54   0.24946   4.4
40.56   0.257791   4.4
40.58   0.266546   4.4
40.6   0.275755   4.4
40.62   0.285449   4.4
40.64   0.295663   4.4
40.66   0.306435   4.4
40.68   0.317806   4.4
40.7   0.329822   4.4
40.72   0.342531   4.4
40.74   0.355989   4.4
40.76   0.370255   4.4
40.78   0.385395   4.4
40.8   0.401483   4.4
40.82   0.418598   4.4
40.84   0.436831   4.4
40.86   0.45628   4.4
40.88   0.477056   4.4
40.9   0.499282   4.4
40.92   0.523097   4.4
40.94   0.548654   4.4
40.96   0.576129   4.4
40.98   0.605718   4.4
41   0.637643   4.4
41.02   0.672156   4.4
41.04   0.709545   4.4
41.06   0.750136   4.4
41.08   0.794306   4.4
41.1   0.842488   4.4
41.12   0.895181   4.4
41.14   0.952965   4.4
41.16   1.01652   4.4
41.18   1.08663   4.4
41.2   1.16423   4.4
41.22   1.25043   4.4
41.24   1.34654   4.4
41.26   1.45413   4.4
41.28   1.5751   4.4
41.3   1.71175   4.4
41.32   1.86691   4.4
41.34   2.04406   4.4
41.36   2.24754   4.4
41.38   2.48279   4.4
41.4   2.75675   4.4
41.42   3.07835   4.4
41.44   3.45918   4.4
41.46   3.91461   4.4
41.48   4.46524   4.4
41.5   5.13922   4.4
41.52   5.97571   4.4
41.54   7.03052   4.4
41.56   8.38513   4.4
41.58   10.1629   4.4
41.6   12.5618   4.4
41.62   15.9302   4.4
41.64   20.9431   4.57637
41.66   28.9427   5.37985
41.68   42.3617   6.50859
41.7   64.7981   8.04973
41.72   99.7898   9.98949
41.74   145.391   12.0578
41.76   179.661   13.4038
41.78   168.47   12.9796
41.8   124.638   11.1641
41.82   82.6383   9.09056
41.84   53.5026   7.31455
41.86   35.5491   5.96231
41.88   24.9095   4.99094
41.9   18.4575   4.4
41.92   14.2881   4.4
41.94   11.4067   4.4
41.96   9.31397   4.4
41.98   7.74229   4.4
42   6.53253   4.4
42.02   5.58255   4.4
42.04   4.82368   4.4
42.06   4.20834   4.4
42.08   3.70278   4.4
42.1   3.28253   4.4
42.12   2.92955   4.4
42.14   2.63028   4.4
42.16   2.3744   4.4
42.18   2.15397   4.4
42.2   1.96274   4.4
42.22   1.79579   4.4
42.24   1.6492   4.4
42.26   2.6972   4.4
42.28   2.61539   4.4
42.3   2.54748   4.4
42.32   2.49181   4.4
42.34   2.44701   4.4
42.36   2.41196   4.4
42.38   2.38574   4.4
42.4   2.36759   4.4
42.42   2.35688   4.4
42.44   2.35311   4.4
42.46   2.35588   4.4
42.48   2.36485   4.4
42.5   2.37979   4.4
42.52   2.40051   4.4
42.54   2.42689   4.4
42.56   2.45886   4.4
42.58   2.49641   4.4
42.6   2.53956   4.4
42.62   2.58839   4.4
42.64   2.64302   4.4
42.66   2.70362   4.4
42.68   2.7704   4.4
42.7   2.84363   4.4
42.72   2.92362   4.4
42.74   3.01074   4.4
42.76   3.1054   4.4
42.78   3.20809   4.4
42.8   3.31938   4.4
42.82   3.43988   4.4
42.84   3.57033   4.4
42.86   3.71154   4.4
42.88   3.86442   4.4
42.9   4.03002   4.4
42.92   4.20954   4.4
42.94   4.40433   4.4
42.96   4.61591   4.4
42.98   4.84605   4.4
43   5.09675   4.4
43.02   5.37033   4.4
43.04   5.66942   4.4
43.06   5.99709   4.4
43.08   6.35689   4.4
43.1   6.75297   4.4
43.12   7.19015   4.4
43.14   7.67411   4.4
43.16   8.21156   4.4
43.18   8.81048   4.4
43.2   9.48036   4.4
43.22   10.2327   4.4
43.24   10.9088   4.4
43.26   11.8751   4.4
43.28   12.975   4.4
43.3   14.2344   4.4
43.32   15.6854   4.4
43.34   17.3687   4.4
43.36   19.3362   4.4
43.38   21.6553   4.65352
43.4   24.4141   4.94106
43.42   27.7301   5.26594
43.44   31.7623   5.6358
43.46   36.7295   6.06048
43.48   42.9398   6.55285
43.5   50.837   7.13001
43.52   61.0793   7.81532
43.54   74.6871   8.64217
43.56   93.3651   9.66256
43.58   120.267   10.9666
43.6   161.663   12.7147
43.62   229.655   15.1544
43.64   344.422   18.5586
43.66   531.7   23.0586
43.68   805.401   28.3796
43.7   1103   33.2114
43.72   1203.02   34.6846
43.74   992.049   31.4968
43.76   686.555   26.2022
43.78   446.563   21.132
43.8   291.308   17.0677
43.82   198.175   14.0775
43.84   142.764   11.9484
43.86   108.22   10.4029
43.88   85.1334   9.22678
43.9   68.7546   8.29184
43.92   56.6481   7.52649
43.94   47.441   6.88775
43.96   40.2829   6.34688
43.98   34.6139   5.88336
44   30.0518   5.48195
44.02   26.3284   5.13112
44.04   23.2515   4.82199
44.06   20.6808   4.54761
44.08   18.5115   4.4
44.1   16.6647   4.4
44.12   15.0799   4.4
44.14   13.7099   4.4
44.16   12.5177   4.4
44.18   11.4739   4.4
44.2   10.5551   4.4
44.22   9.74198   4.4
44.24   9.01909   4.4
44.26   8.37356   4.4
44.28   7.79477   4.4
44.3   7.27384   4.4
44.32   6.80333   4.4
44.34   6.37694   4.4
44.36   5.98935   4.4
44.38   5.63598   4.4
44.4   5.31293   4.4
44.42   5.01684   4.4
44.44   4.74479   4.4
44.46   4.49426   4.4
44.48   4.26303   4.4
44.5   4.04917   4.4
44.52   3.85099   4.4
44.54   3.66699   4.4
44.56   3.49586   4.4
44.58   3.33642   4.4
44.6   3.18764   4.4
44.62   3.04858   4.4
44.64   2.91841   4.4
44.66   2.7964   4.4
44.68   2.68188   4.4
44.7   2.57425   4.4
44.72   2.47296   4.4
44.74   2.37753   4.4
44.76   2.28752   4.4
44.78   2.20252   4.4
44.8   2.12216   4.4
44.82   2.04612   4.4
44.84   1.9741   4.4
44.86   1.90581   4.4
44.88   1.841   4.4
44.9   1.77944   4.4
44.92   1.72091   4.4
44.94   1.66523   4.4
44.96   1.6122   4.4
44.98   1.56166   4.4
45   1.51346   4.4
45.02   1.46746   4.4
45.04   1.42352   4.4
45.06   1.38153   4.4
45.08   1.34137   4.4
45.1   1.30293   4.4
45.12   1.26612   4.4
45.14   1.23085   4.4
45.16   1.19703   4.4
45.18   0   4.4
45.2   0   4.4
45.22   0   4.4
45.24   0   4.4
45.26   0   4.4
45.28   0   4.4
45.3   0   4.4
45.32   0   4.4
45.34   0   4.4
45.36   0   4.4
45.38   0   4.4
45.4   0   4.4
45.42   0   4.4
45.44   0   4.4
45.46   0   4.4
45.48   0   4.4
45.5   0   4.4
45.52   0   4.4
45.54   0   4.4
45.56   0   4.4
45.58   0   4.4
45.6   0   4.4
45.62   0   4.4
45.64   0   4.4
45.66   0   4.4
45.68   0   4.4
45.7   0   4.4
45.72   0   4.4
45.74   0   4.4
45.76   0   4.4
45.78   0   4.4
45.8   0   4.4
45.82   0   4.4
45.84   0   4.4
45.86   0   4.4
45.88   0   4.4
45.9   0   4.4
45.92   0   4.4
45.94   0   4.4
45.96   0   4.4
45.98   0   4.4
46   0   4.4
46.02   0   4.4
46.04   0   4.4
46.06   0   4.4
46.08   0   4.4
46.1   0   4.4
46.12   0   4.4
46.14   0   4.4
46.16   0   4.4
46.18   0   4.4
46.2   0   4.4
46.22   0   4.4
46.24   0   4.4
46.26   0   4.4
46.28   0   4.4
46.3   0   4.4
46.32   0   4.4
46.34   0   4.4
46.36   0   4.4
46.38   0   4.4
46.4   0   4.4
46.42   0   4.4
46.44   0   4.4
46.46   0   4.4
46.48   0   4.4
46.5   0   4.4
46.52   0   4.4
46.54   0   4.4
46.56   0   4.4
46.58   0   4.4
46.6   0   4.4
46.62   0   4.4
46.64   0   4.4
46.66   0   4.4
46.68   0   4.4
46.7   0   4.4
46.72   0   4.4
46.74   0   4.4
46.76   0   4.4
46.78   0   4.4
46.8   0   4.4
46.82   0   4.4
46.84   0   4.4
46.86   0   4.4
46.88   0   4.4
46.9   0   4.4
46.92   0   4.4
46.94   0   4.4
46.96   0   4.4
46.98   0   4.4
47   0   4.4
47.02   0   4.4
47.04   0   4.4
47.06   0   4.4
47.08   0   4.4
47.1   0   4.4
47.12   0   4.4
47.14   0   4.4
47.16   0   4.4
47.18   0   4.4
47.2   0   4.4
47.22   0   4.4
47.24   0   4.4
47.26   0   4.4
47.28   0   4.4
47.3   0   4.4
47.32   0   4.4
47.34   0   4.4
47.36   0   4.4
47.38   0   4.4
47.4   0   4.4
47.42   0   4.4
47.44   0   4.4
47.46   0   4.4
47.48   0   4.4
47.5   0   4.4
47.52   0   4.4
47.54   0   4.4
47.56   0   4.4
47.58   0   4.4
47.6   0   4.4
47.62   0   4.4
47.64   0   4.4
47.66   0   4.4
47.68   0   4.4
47.7   0   4.4
47.72   0   4.4
47.74   0   4.4
47.76   0   4.4
47.78   0   4.4
47.8   0   4.4
47.82   0   4.4
47.84   0   4.4
47.86   0   4.4
47.88   0   4.4
47.9   0   4.4
47.92   0   4.4
47.94   0   4.4
47.96   0   4.4
47.98   0   4.4
48   0   4.4
48.02   0   4.4
48.04   0   4.4
48.06   0   4.4
48.08   0   4.4
48.1   0   4.4
48.12   0   4.4
48.14   0   4.4
48.16   0   4.4
48.18   0   4.4
48.2   0   4.4
48.22   0   4.4
48.24   0   4.4
48.26   0   4.4
48.28   0   4.4
48.3   0   4.4
48.32   0   4.4
48.34   0   4.4
48.36   0   4.4
48.38   0   4.4
48.4   0   4.4
48.42   0   4.4
48.44   0   4.4
48.46   0   4.4
48.48   0   4.4
48.5   0   4.4
48.52   0   4.4
48.54   0   4.4
48.56   0   4.4
48.58   0   4.4
48.6   0   4.4
48.62   0   4.4
48.64   0   4.4
48.66   0   4.4
48.68   0   4.4
48.7   0   4.4
48.72   0   4.4
48.74   0   4.4
48.76   0   4.4
48.78   0   4.4
48.8   0   4.4
48.82   0   4.4
48.84   0   4.4
48.86   0   4.4
48.88   0   4.4
48.9   0   4.4
48.92   0   4.4
48.94   0   4.4
48.96   0   4.4
48.98   0   4.4
49   0   4.4
49.02   0   4.4
49.04   0   4.4
49.06   0   4.4
49.08   0   4.4
49.1   0   4.4
49.12   0   4.4
49.14   0   4.4
49.16   0   4.4
49.18   0   4.4
49.2   0   4.4
49.22   0   4.4
49.24   0   4.4
49.26   0   4.4
49.28   0   4.4
49.3   0   4.4
49.32   0   4.4
49.34   0   4.4
49.36   0   4.4
49.38   0   4.4
49.4   0   4.4
49.42   0   4.4
49.44   0   4.4
49.46   0   4.4
49.48   0.226479   4.4
49.5   0.232883   4.4
49.52   0.239562   4.4
49.54   0.246532   4.4
49.56   0.253811   4.4
49.58   0.261417   4.4
49.6   0.269369   4.4
49.62   0.27769   4.4
49.64   0.286403   4.4
49.66   0.295532   4.4
49.68   0.305104   4.4
49.7   0.315148   4.4
49.72   0.325697   4.4
49.74   0.336783   4.4
49.76   0.348446   4.4
49.78   0.360724   4.4
49.8   0.373662   4.4
49.82   0.387309   4.4
49.84   0.401717   4.4
49.86   0.416943   4.4
49.88   0.433051   4.4
49.9   0.45011   4.4
49.92   0.468197   4.4
49.94   0.487394   4.4
49.96   0.507797   4.4
49.98   0.529506   4.4
50   0.552636   4.4
50.02   0.577314   4.4
50.04   0.603681   4.4
50.06   0.631895   4.4
50.08   0.662131   4.4
50.1   0.694587   4.4
50.12   0.729487   4.4
50.14   0.76708   4.4
50.16   0.807652   4.4
50.18   0.851525   4.4
50.2   0.899066   4.4
50.22   0.950696   4.4
50.24   1.0069   4.4
50.26   1.06822   4.4
50.28   1.13531   4.4
50.3   1.20891   4.4
50.32   1.28989   4.4
50.34   1.37927   4.4
50.36   1.47824   4.4
50.38   1.58823   4.4
50.4   1.71092   4.4
50.42   1.84835   4.4
50.44   2.00297   4.4
50.46   2.17775   4.4
50.48   2.37634   4.4
50.5   2.60324   4.4
50.52   2.86409   4.4
50.54   3.16595   4.4
50.56   3.51785   4.4
50.58   3.93139   4.4
50.6   4.42172   4.4
50.62   5.00891   4.4
50.64   5.71995   4.4
50.66   6.5918   4.4
50.68   7.67605   4.4
50.7   9.04641   4.4
50.72   10.811   4.4
50.74   13.1344   4.4
50.76   16.2835   4.4
50.78   20.7346   4.55353
50.8   27.4198   5.23639
50.82   38.1811   6.17909
50.84   56.2891   7.50261
50.86   86.4065   9.29551
50.88   132.658   11.5177
50.9   190.508   13.8025
50.92   227.917   15.0969
50.94   205.775   14.3449
50.96   148.971   12.2054
50.98   98.0796   9.90351
51   63.568   7.97296
51.02   42.494   6.51874
51.04   30.009   5.47804
51.06   22.3853   4.73131
51.08   17.4117   4.4
51.1   13.9476   4.4
51.12   11.4184   4.4
51.14   9.51198   4.4
51.16   8.04031   4.4
51.18   6.88184   4.4
51.2   5.95447   4.4
51.22   5.2011   4.4
51.24   4.58112   4.4
51.26   4.06501   4.4
51.28   3.63093   4.4
51.3   3.26248   4.4
51.32   2.94712   4.4
51.34   2.67517   4.4
51.36   2.43905   4.4
51.38   2.23275   4.4
51.4   2.05147   4.4
51.42   1.89134   4.4
51.44   1.74919   4.4
51.46   1.62244   4.4
51.48   1.50896   4.4
51.5   1.40695   4.4
51.52   1.31492   4.4
51.54   1.23161   4.4
51.56   1.15597   4.4
51.58   1.08707   4.4
51.6   1.02414   4.4
51.62   0.966513   4.4
51.64   0.91361   4.4
51.66   0.864928   4.4
51.68   0.82003   4.4
51.7   0.778535   4.4
51.72   0.740108   4.4
51.74   0.704454   4.4
51.76   0.671313   4.4
51.78   0.640454   4.4
51.8   0.611672   4.4
51.82   0.584786   4.4
51.84   0.559633   4.4
51.86   0.536067   4.4
51.88   0.513958   4.4
51.9   0.493187   4.4
51.92   0.47365   4.4
51.94   0.45525   4.4
51.96   0.437901   4.4
51.98   0.421525   4.4
52   0.406049   4.4
52.02   0.39141   4.4
52.04   0.377548   4.4
52.06   0.364409   4.4
52.08   0.351944   4.4
52.1   0.340107   4.4
52.12   0.328857   4.4
52.14   0.318156   4.4
52.16   0.307969   4.4
52.18   0.298263   4.4
52.2   0.289008   4.4
52.22   0.280178   4.4
52.24   0.271745   4.4
52.26   0.263688   4.4
52.28   0.255984   4.4
52.3   0.248612   4.4
52.32   0.241554   4.4
52.34   0.234792   4.4
52.36   0.22831   4.4
52.38   0.222093   4.4
52.4   0   4.4
52.42   0   4.4
52.44   0   4.4
52.46   0   4.4
52.48   0   4.4
52.5   0   4.4
52.52   0   4.4
52.54   0   4.4
52.56   0   4.4
52.58   0   4.4
52.6   0   4.4
52.62   0   4.4
52.64   0   4.4
52.66   0   4.4
52.68   0   4.4
52.7   0   4.4
52.72   0   4.4
52.74   0   4.4
52.76   0   4.4
52.78   0   4.4
52.8   0   4.4
52.82   0   4.4
52.84   0   4.4
52.86   0   4.4
52.88   0   4.4
52.9   0   4.4
52.92   0   4.4
52.94   0   4.4
52.96   0   4.4
52.98   0   4.4
53   0   4.4
53.02   0   4.4
53.04   0   4.4
53.06   0   4.4
53.08   0   4.4
53.1   0   4.4
53.12   0   4.4
53.14   0   4.4
53.16   0   4.4
53.18   0   4.4
53.2   0   4.4
53.22   0   4.4
53.24   0   4.4
53.26   0   4.4
53.28   0   4.4
53.3   0   4.4
53.32   0   4.4
53.34   0   4.4
53.36   0   4.4
53.38   0   4.4
53.4   0   4.4
53.42   0   4.4
53.44   0   4.4
53.46   0   4.4
53.48   0   4.4
53.5   0   4.4
53.52   0   4.4
53.54   0   4.4
53.56   0   4.4
53.58   0   4.4
53.6   0   4.4
53.62   0   4.4
53.64   0   4.4
53.66   0   4.4
53.68   0   4.4
53.7   0   4.4
53.72   0   4.4
53.74   0   4.4
53.76   0   4.4
53.78   0   4.4
53.8   0   4.4
53.82   0   4.4
53.84   0   4.4
53.86   0   4.4
53.88   0   4.4
53.9   0   4.4
53.92   0   4.4
53.94   0   4.4
53.96   0   4.4
53.98   0   4.4
54   0   4.4
54.02   0   4.4
54.04   0   4.4
54.06   0   4.4
54.08   0   4.4
54.1   0   4.4
54.12   0   4.4
54.14   0   4.4
54.16   0   4.4
54.18   0   4.4
54.2   0   4.4
54.22   0   4.4
54.24   0   4.4
54.26   0   4.4
54.28   0   4.4
54.3   0   4.4
54.32   0   4.4
54.34   0   4.4
54.36   0   4.4
54.38   0   4.4
54.4   0.648237   4.4
54.42   0.66621   4.4
54.44   0.684941   4.4
54.46   0.704472   4.4
54.48   0.72485   4.4
54.5   0.746125   4.4
54.52   0.768351   4.4
54.54   0.791584   4.4
54.56   0.815886   4.4
54.58   0.841324   4.4
54.6   0.86797   4.4
54.62   0.895902   4.4
54.64   0.925203   4.4
54.66   0.955965   4.4
54.68   0.988286   4.4
54.7   1.02227   4.4
54.72   1.05804   4.4
54.74   1.09572   4.4
54.76   1.13545   4.4
54.78   1.17738   4.4
54.8   1.22167   4.4
54.82   1.2685   4.4
54.84   1.31808   4.4
54.86   1.37062   4.4
54.88   1.42636   4.4
54.9   1.48557   4.4
54.92   1.54855   4.4
54.94   1.61561   4.4
54.96   1.68711   4.4
54.98   1.76347   4.4
55   1.84512   4.4
55.02   1.93257   4.4
55.04   2.02639   4.4
55.06   2.12719   4.4
55.08   2.2357   4.4
55.1   2.35271   4.4
55.12   2.47914   4.4
55.14   2.61603   4.4
55.16   2.76455   4.4
55.18   2.92607   4.4
55.2   3.10214   4.4
55.22   3.29457   4.4
55.24   3.50542   4.4
55.26   3.73714   4.4
55.28   3.99256   4.4
55.3   4.27502   4.4
55.32   4.58846   4.4
55.34   4.93757   4.4
55.36   5.32796   4.4
55.38   5.76637   4.4
55.4   6.26098   4.4
55.42   6.82179   4.4
55.44   7.4611   4.4
55.46   8.19419   4.4
55.48   9.04023   4.4
55.5   10.0235   4.4
55.52   11.1752   4.4
55.54   12.5358   4.4
55.56   14.1584   4.4
55.58   16.1142   4.4
55.6   18.4998   4.4
55.62   21.4493   4.63134
55.64   25.152   5.01517
55.66   29.8826   5.4665
55.68   36.0524   6.00436
55.7   44.3089   6.65649
55.72   55.7608   7.46731
55.74   72.5099   8.51527
55.76   98.7511   9.93736
55.78   142.368   11.9318
55.8   215.811   14.6905
55.82   333.361   18.2582
55.84   497.064   22.2949
55.86   650.612   25.5071
55.88   659.493   25.6806
55.9   513.418   22.6587
55.92   346.817   18.623
55.94   224.657   14.9886
55.96   147.698   12.1531
55.98   101.906   10.0948
56   74.4545   8.6287
56.02   57.0461   7.55289
56.04   45.2135   6.7241
56.06   36.7174   6.05949
56.08   30.3862   5.51237
56.1   25.5422   5.05393
56.12   21.7574   4.66448
56.14   18.7471   4.4
56.16   16.3155   4.4
56.18   14.3244   4.4
56.2   12.6742   4.4
56.22   11.2919   4.4
56.24   10.1227   4.4
56.26   9.12519   4.4
56.28   8.26753   4.4
56.3   7.52485   4.4
56.32   6.87754   4.4
56.34   6.31001   4.4
56.36   5.80971   4.4
56.38   5.36646   4.4
56.4   4.97193   4.4
56.42   4.61925   4.4
56.44   4.30271   4.4
56.46   4.01756   4.4
56.48   3.75978   4.4
56.5   3.52599   4.4
56.52   3.3133   4.4
56.54   3.11926   4.4
56.56   2.94176   4.4
56.58   2.77896   4.4
56.6   2.62929   4.4
56.62   2.49137   4.4
56.64   2.36402   4.4
56.66   2.24617   4.4
56.68   2.13691   4.4
56.7   2.03543   4.4
56.72   1.94099   4.4
56.74   1.85298   4.4
56.76   1.77081   4.4
56.78   1.69398   4.4
56.8   1.62204   4.4
56.82   1.55459   4.4
56.84   1.49125   4.4
56.86   1.4317   4.4
56.88   1.37565   4.4
56.9   1.32282   4.4
56.92   1.27298   4.4
56.94   1.2259   4.4
56.96   1.18138   4.4
56.98   1.13924   4.4
57   1.09932   4.4
57.02   1.06145   4.4
57.04   1.02551   4.4
57.06   0.991365   4.4
57.08   0.958894   4.4
57.1   0.927992   4.4
57.12   0.898559   4.4
57.14   0.870504   4.4
57.16   0.843742   4.4
57.18   0.818195   4.4
57.2   0.79379   4.4
57.22   0.770461   4.4
57.24   0.748145   4.4
57.26   0.726784   4.4
57.28   0.706325   4.4
57.3   0.686717   4.4
57.32   0.667914   4.4
57.34   0.649873   4.4
57.36   0   4.4
57.38   0   4.4
57.4   0   4.4
57.42   0   4.4
57.44   0   4.4
57.46   0   4.4
57.48   0   4.4
57.5   0   4.4
57.52   0   4.4
57.54   0   4.4
57.56   0   4.4
57.58   0   4.4
57.6   0   4.4
57.62   0   4.4
57.64   0   4.4
57.66   0   4.4
57.68   0   4.4
57.7   0   4.4
57.72   0   4.4
57.74   0   4.4
57.76   0   4.4
57.78   0   4.4
57.8   0   4.4
57.82   0   4.4
57.84   0   4.4
57.86   0   4.4
57.88   0   4.4
57.9   0   4.4
57.92   0   4.4
57.94   0   4.4
57.96   0   4.4
57.98   0   4.4
58   0   4.4
58.02   0   4.4
58.04   0   4.4
58.06   0   4.4
58.08   0   4.4
58.1   0   4.4
58.12   0   4.4
58.14   0   4.4
58.16   0   4.4
58.18   0   4.4
58.2   0   4.4
58.22   0   4.4
58.24   0   4.4
58.26   0   4.4
58.28   0   4.4
58.3   0   4.4
58.32   0   4.4
58.34   0   4.4
58.36   0   4.4
58.38   0   4.4
58.4   0   4.4
58.42   0   4.4
58.44   0   4.4
58.46   0   4.4
58.48   0   4.4
58.5   0   4.4
58.52   0   4.4
58.54   0   4.4
58.56   0   4.4
58.58   0   4.4
58.6   0   4.4
58.62   0   4.4
58.64   0   4.4
58.66   0   4.4
58.68   0   4.4
58.7   0   4.4
58.72   0   4.4
58.74   0   4.4
58.76   0   4.4
58.78   0   4.4
58.8   0   4.4
58.82   0   4.4
58.84   0   4.4
58.86   0   4.4
58.88   0   4.4
58.9   0   4.4
58.92   0   4.4
58.94   0   4.4
58.96   0   4.4
58.98   0   4.4
59   0   4.4
59.02   0   4.4
59.04   0   4.4
59.06   0   4.4
59.08   0   4.4
59.1   0   4.4
59.12   0   4.4
59.14   0   4.4
59.16   0   4.4
59.18   0   4.4
59.2   0   4.4
59.22   0   4.4
59.24   0   4.4
59.26   0   4.4
59.28   0   4.4
59.3   0   4.4
59.32   0   4.4
59.34   0   4.4
59.36   0   4.4
59.38   0   4.4
59.4   0   4.4
59.42   0   4.4
59.44   0   4.4
59.46   0   4.4
59.48   0   4.4
59.5   0   4.4
59.52   0   4.4
59.54   0   4.4
59.56   0   4.4
59.58   0   4.4
59.6   0   4.4
59.62   0   4.4
59.64   0   4.4
59.66   0   4.4
59.68   0   4.4
59.7   0   4.4
59.72   0   4.4
59.74   0   4.4
59.76   0   4.4
59.78   0   4.4
59.8   0   4.4
59.82   0   4.4
59.84   0   4.4
59.86   0   4.4
59.88   0   4.4
59.9   0   4.4
59.92   0   4.4
59.94   0   4.4
59.96   0   4.4
59.98   0   4.4
60   0   4.4
60.02   0   4.4
60.04   0   4.4
60.06   0   4.4
60.08   0   4.4
60.1   0   4.4
60.12   0   4.4
60.14   0   4.4
60.16   0   4.4
60.18   0   4.4
60.2   0   4.4
60.22   0   4.4
60.24   0   4.4
60.26   0   4.4
60.28   0   4.4
60.3   0   4.4
60.32   0   4.4
60.34   0   4.4
60.36   0   4.4
60.38   0   4.4
60.4   0   4.4
60.42   0   4.4
60.44   0   4.4
60.46   0   4.4
60.48   0   4.4
60.5   0   4.4
60.52   0   4.4
60.54   0   4.4
60.56   0   4.4
60.58   0   4.4
60.6   0   4.4
60.62   0   4.4
60.64   0   4.4
60.66   0   4.4
60.68   0   4.4
60.7   0   4.4
60.72   0   4.4
60.74   0   4.4
60.76   0   4.4
60.78   0   4.4
60.8   0   4.4
60.82   0   4.4
60.84   0   4.4
60.86   0   4.4
60.88   0   4.4
60.9   0   4.4
60.92   0   4.4
60.94   0   4.4
60.96   0   4.4
60.98   0   4.4
61   0   4.4
61.02   0   4.4
61.04   0   4.4
61.06   0   4.4
61.08   0   4.4
61.1   0   4.4
61.12   0   4.4
61.14   0   4.4
61.16   0   4.4
61.18   0   4.4
61.2   0   4.4
61.22   0   4.4
61.24   0   4.4
61.26   0   4.4
61.28   0   4.4
61.3   0   4.4
61.32   0   4.4
61.34   0   4.4
61.36   0   4.4
61.38   0   4.4
61.4   0   4.4
61.42   0   4.4
61.44   0   4.4
61.46   0   4.4
61.48   0   4.4
61.5   0   4.4
61.52   0   4.4
61.54   0   4.4
61.56   0   4.4
61.58   0   4.4
61.6   0   4.4
61.62   0   4.4
61.64   0   4.4
61.66   0   4.4
61.68   0   4.4
61.7   0   4.4
61.72   0   4.4
61.74   0   4.4
61.76   0   4.4
61.78   0   4.4
61.8   0   4.4
61.82   0   4.4
61.84   0   4.4
61.86   0   4.4
61.88   0   4.4
61.9   0   4.4
61.92   0   4.4
61.94   0   4.4
61.96   0   4.4
61.98   0   4.4
62   0   4.4
62.02   0   4.4
62.04   0   4.4
62.06   0   4.4
62.08   0   4.4
62.1   0.0398523   4.4
62.12   0.0409801   4.4
62.14   0.0421565   4.4
62.16   0.0433843   4.4
62.18   0.0446664   4.4
62.2   0.0460063   4.4
62.22   0.0474073   4.4
62.24   0.0488732   4.4
62.26   0.0504082   4.4
62.28   0.0520166   4.4
62.3   0.0537032   4.4
62.32   0.0554731   4.4
62.34   0.0573319   4.4
62.36   0.0592857   4.4
62.38   0.0613411   4.4
62.4   0.0635051   4.4
62.42   0.0657856   4.4
62.44   0.0681911   4.4
62.46   0.0707309   4.4
62.48   0.0734152   4.4
62.5   0.0762551   4.4
62.52   0.079263   4.4
62.54   0.0824521   4.4
62.56   0.0858376   4.4
62.58   0.0894357   4.4
62.6   0.0932647   4.4
62.62   0.0973447   4.4
62.64   0.101698   4.4
62.66   0.10635   4.4
62.68   0.111328   4.4
62.7   0.116663   4.4
62.72   0.122391   4.4
62.74   0.128551   4.4
62.76   0.135187   4.4
62.78   0.14235   4.4
62.8   0.150096   4.4
62.82   0.158492   4.4
62.84   0.167611   4.4
62.86   0.177538   4.4
62.88   0.188373   4.4
62.9   0.200228   4.4
62.92   0.213237   4.4
62.94   0.227552   4.4
62.96   0.243355   4.4
62.98   0.260859   4.4
63   0.280316   4.4
63.02   0.302026   4.4
63.04   0.326351   4.4
63.06   0.353726   4.4
63.08   0.38468   4.4
63.1   0.419865   4.4
63.12   0.460082   4.4
63.14   0.506334   4.4
63.16   0.559884   4.4
63.18   0.622341   4.4
63.2   0.695781   4.4
63.22   0.782912   4.4
63.24   0.887329   4.4
63.26   1.01387   4.4
63.28   1.16916   4.4
63.3   1.36249   4.4
63.32   1.6071   4.4
63.34   1.92251   4.4
63.36   2.33851   4.4
63.38   2.90364   4.4
63.4   3.70518   4.4
63.42   4.91456   4.4
63.44   6.86946   4.4
63.46   10.1628   4.4
63.48   15.6236   4.4
63.5   23.9398   4.89283
63.52   34.107   5.84012
63.54   40.1215   6.33416
63.56   35.5651   5.96365
63.58   25.4946   5.04922
63.6   16.7352   4.4
63.62   10.8557   4.4
63.64   7.27992   4.4
63.66   5.16097   4.4
63.68   3.8623   4.4
63.7   3.01104   4.4
63.72   2.41593   4.4
63.74   1.98035   4.4
63.76   1.65144   4.4
63.78   1.39717   4.4
63.8   1.19678   4.4
63.82   1.0362   4.4
63.84   0.905631   4.4
63.86   0.798092   4.4
63.88   0.708505   4.4
63.9   0.63311   4.4
63.92   0.569076   4.4
63.94   0.514241   4.4
63.96   0.466932   4.4
63.98   0.425837   4.4
64   0.389919   4.4
64.02   0.358345   4.4
64.04   0.330444   4.4
64.06   0.305671   4.4
64.08   0.283575   4.4
64.1   0.263785   4.4
64.12   0.245991   4.4
64.14   0.229936   4.4
64.16   0.215399   4.4
64.18   0.202196   4.4
64.2   0.190168   4.4
64.22   0.179181   4.4
64.24   0.169117   4.4
64.26   0.159877   4.4
64.28   0.151373   4.4
64.3   0.143529   4.4
64.32   0.136278   4.4
64.34   0.129563   4.4
64.36   0.123331   4.4
64.38   0.117538   4.4
64.4   0.112143   4.4
64.42   0.107111   4.4
64.44   0.10241   4.4
64.46   0.098011   4.4
64.48   0.0938896   4.4
64.5   0.0900225   4.4
64.52   0.0863893   4.4
64.54   0.0829715   4.4
64.56   0.0797525   4.4
64.58   0.076717   4.4
64.6   0.0738515   4.4
64.62   0.0711435   4.4
64.64   0.0685817   4.4
64.66   0.0661557   4.4
64.68   0.0638561   4.4
64.7   0.0616742   4.4
64.72   0.0596023   4.4
64.74   0.057633   4.4
64.76   0.0557596   4.4
64.78   0.0539761   4.4
64.8   0.0522767   4.4
64.82   0.0506563   4.4
64.84   0.0491101   4.4
64.86   0.0476336   4.4
64.88   0.0462226   4.4
64.9   0.0448734   4.4
64.92   0.0435824   4.4
64.94   0.0423462   4.4
64.96   0.041162   4.4
64.98   0.0400266   4.4
65   0   4.4
65.02   0   4.4
65.04   0   4.4
65.06   0   4.4
65.08   0   4.4
65.1   0   4.4
65.12   0   4.4
65.14   0   4.4
65.16   0   4.4
65.18   0   4.4
65.2   0   4.4
65.22   0   4.4
65.24   0   4.4
65.26   0   4.4
65.28   0   4.4
65.3   0   4.4
65.32   0   4.4
65.34   0   4.4
65.36   0   4.4
65.38   0   4.4
65.4   0   4.4
65.42   0   4.4
65.44   0   4.4
65.46   0   4.4
65.48   0   4.4
65.5   0   4.4
65.52   0   4.4
65.54   0   4.4
65.56   0   4.4
65.58   0   4.4
65.6   0   4.4
65.62   0   4.4
65.64   0   4.4
65.66   0   4.4
65.68   0   4.4
65.7   0   4.4
65.72   0   4.4
65.74   0   4.4
65.76   0   4.4
65.78   0   4.4
65.8   0   4.4
65.82   0   4.4
65.84   0   4.4
65.86   0   4.4
65.88   0   4.4
65.9   0   4.4
65.92   0   4.4
65.94   0   4.4
65.96   0   4.4
65.98   0   4.4
66   0   4.4
66.02   0   4.4
66.04   0   4.4
66.06   0   4.4
66.08   0   4.4
66.1   0   4.4
66.12   0   4.4
66.14   0   4.4
66.16   0   4.4
66.18   0   4.4
66.2   0   4.4
66.22   0   4.4
66.24   0   4.4
66.26   0   4.4
66.28   0   4.4
66.3   0   4.4
66.32   0   4.4
66.34   0   4.4
66.36   0   4.4
66.38   0   4.4
66.4   0   4.4
66.42   0   4.4
66.44   0   4.4
66.46   0.105313   4.4
66.48   0.108299   4.4
66.5   0.111413   4.4
66.52   0.114665   4.4
66.54   0.11806   4.4
66.56   0.121608   4.4
66.58   0.125319   4.4
66.6   0.129202   4.4
66.62   0.133269   4.4
66.64   0.13753   4.4
66.66   0.141999   4.4
66.68   0.146689   4.4
66.7   0.151616   4.4
66.72   0.156794   4.4
66.74   0.162242   4.4
66.76   0.16798   4.4
66.78   0.174026   4.4
66.8   0.180405   4.4
66.82   0.187141   4.4
66.84   0.194261   4.4
66.86   0.201795   4.4
66.88   0.209776   4.4
66.9   0.218239   4.4
66.92   0.227224   4.4
66.94   0.236775   4.4
66.96   0.246941   4.4
66.98   0.257775   4.4
67   0.269338   4.4
67.02   0.281695   4.4
67.04   0.294922   4.4
67.06   0.309101   4.4
67.08   0.324327   4.4
67.1   0.340704   4.4
67.12   0.358353   4.4
67.14   0.377407   4.4
67.16   0.398019   4.4
67.18   0.420365   4.4
67.2   0.444643   4.4
67.22   0.471083   4.4
67.24   0.499949   4.4
67.26   0.531545   4.4
67.28   0.566227   4.4
67.3   0.60441   4.4
67.32   0.646578   4.4
67.34   0.693306   4.4
67.36   0.745274   4.4
67.38   0.803291   4.4
67.4   0.868333   4.4
67.42   0.941574   4.4
67.44   1.02445   4.4
67.46   1.11872   4.4
67.48   1.22655   4.4
67.5   1.35067   4.4
67.52   1.49452   4.4
67.54   1.66246   4.4
67.56   1.86016   4.4
67.58   2.09501   4.4
67.6   2.37686   4.4
67.62   2.71897   4.4
67.64   3.13957   4.4
67.66   3.66424   4.4
67.68   4.32968   4.4
67.7   5.19006   4.4
67.72   6.32871   4.4
67.74   7.883   4.4
67.76   10.1033   4.4
67.78   13.4848   4.4
67.8   18.9945   4.4
67.82   28.2907   5.3189
67.84   43.5975   6.60284
67.86   66.484   8.15377
67.88   93.0663   9.64709
67.9   105.685   10.2803
67.92   90.4082   9.50832
67.94   63.6509   7.97815
67.96   41.5724   6.44766
67.98   27.0284   5.19889
68   18.2468   4.4
68.02   13.0359   4.4
68.04   9.8171   4.4
68.06   7.68734   4.4
68.08   6.18766   4.4
68.1   5.08468   4.4
68.12   4.24891   4.4
68.14   3.60104   4.4
68.16   3.08925   4.4
68.18   2.67828   4.4
68.2   2.34352   4.4
68.22   2.06736   4.4
68.24   1.83698   4.4
68.26   1.64284   4.4
68.28   1.47777   4.4
68.3   1.33627   4.4
68.32   1.21407   4.4
68.34   1.10783   4.4
68.36   1.01491   4.4
68.38   0.933159   4.4
68.4   0.860875   4.4
68.42   0.796651   4.4
68.44   0.739337   4.4
68.46   0.687977   4.4
68.48   0.641776   4.4
68.5   0.600067   4.4
68.52   0.562288   4.4
68.54   0.527961   4.4
68.56   0.496678   4.4
68.58   0.468091   4.4
68.6   0.441899   4.4
68.62   0.417841   4.4
68.64   0.395694   4.4
68.66   0.375259   4.4
68.68   0.356365   4.4
68.7   0.338861   4.4
68.72   0.322615   4.4
68.74   0.307508   4.4
68.76   0.293437   4.4
68.78   0.280309   4.4
68.8   0.268041   4.4
68.82   0.256561   4.4
68.84   0.245803   4.4
68.86   0.235706   4.4
68.88   0.226219   4.4
68.9   0.217293   4.4
68.92   0.208884   4.4
68.94   0.200954   4.4
68.96   0.193466   4.4
68.98   0.18639   4.4
69   0.179694   4.4
69.02   0.173352   4.4
69.04   0.16734   4.4
69.06   0.161635   4.4
69.08   0.156217   4.4
69.1   0.151067   4.4
69.12   0.146167   4.4
69.14   0.141502   4.4
69.16   0.137056   4.4
69.18   0.132817   4.4
69.2   0.128771   4.4
69.22   0.124907   4.4
69.24   0.121214   4.4
69.26   0.117683   4.4
69.28   0.114304   4.4
69.3   0.111068   4.4
69.32   0.107967   4.4
69.34   0.104995   4.4
69.36   0   4.4
69.38   0   4.4
69.4   0   4.4
69.42   0   4.4
69.44   0   4.4
69.46   0   4.4
69.48   0   4.4
69.5   0   4.4
69.52   0   4.4
69.54   0   4.4
69.56   0   4.4
69.58   0   4.4
69.6   0   4.4
69.62   0   4.4
69.64   0   4.4
69.66   0   4.4
69.68   0   4.4
69.7   0   4.4
69.72   0   4.4
69.74   0   4.4
69.76   0   4.4
69.78   0   4.4
69.8   0   4.4
69.82   0   4.4
69.84   0   4.4
69.86   0   4.4
69.88   0   4.4
69.9   0   4.4
69.92   0   4.4
69.94   0   4.4
69.96   0   4.4
69.98   0   4.4
70   0   4.4
