1.54056
5   0   4.4
5.02   0   4.4
5.04   0   4.4
5.06   0   4.4
5.08   0   4.4
5.1   0   4.4
5.12   0   4.4
5.14   0   4.4
5.16   0   4.4
5.18   0   4.4
5.2   0   4.4
5.22   0   4.4
5.24   0   4.4
5.26   0   4.4
5.28   0   4.4
5.3   0   4.4
5.32   0   4.4
5.34   0   4.4
5.36   0   4.4
5.38   0   4.4
5.4   0   4.4
5.42   0   4.4
5.44   0   4.4
5.46   0   4.4
5.48   0   4.4
5.5   0   4.4
5.52   0   4.4
5.54   0   4.4
5.56   0   4.4
5.58   0   4.4
5.6   0   4.4
5.62   0   4.4
5.64   0   4.4
5.66   0   4.4
5.68   0   4.4
5.7   0   4.4
5.72   0   4.4
5.74   0   4.4
5.76   0   4.4
5.78   0   4.4
5.8   0   4.4
5.82   0   4.4
5.84   0   4.4
5.86   0   4.4
5.88   0   4.4
5.9   0   4.4
5.92   0   4.4
5.94   0   4.4
5.96   0   4.4
5.98   0   4.4
6   0   4.4
6.02   0   4.4
6.04   0   4.4
6.06   0   4.4
6.08   0   4.4
6.1   0   4.4
6.12   0   4.4
6.14   0   4.4
6.16   0   4.4
6.18   0   4.4
6.2   0   4.4
6.22   0   4.4
6.24   0   4.4
6.26   0   4.4
6.28   0   4.4
6.3   0   4.4
6.32   0   4.4
6.34   0   4.4
6.36   0   4.4
6.38   0   4.4
6.4   0   4.4
6.42   0   4.4
6.44   0   4.4
6.46   0   4.4
6.48   0   4.4
6.5   0   4.4
6.52   0   4.4
6.54   0   4.4
6.56   0   4.4
6.58   0   4.4
6.6   0   4.4
6.62   0   4.4
6.64   0   4.4
6.66   0   4.4
6.68   0   4.4
6.7   0   4.4
6.72   0   4.4
6.74   0   4.4
6.76   0   4.4
6.78   0   4.4
6.8   0   4.4
6.82   0   4.4
6.84   0   4.4
6.86   0   4.4
6.88   0   4.4
6.9   0   4.4
6.92   0   4.4
6.94   0   4.4
6.96   0   4.4
6.98   0   4.4
7   0   4.4
7.02   0   4.4
7.04   0   4.4
7.06   0   4.4
7.08   0   4.4
7.1   0   4.4
7.12   0   4.4
7.14   0   4.4
7.16   0   4.4
7.18   0   4.4
7.2   0   4.4
7.22   0   4.4
7.24   0   4.4
7.26   0   4.4
7.28   0   4.4
7.3   0   4.4
7.32   0   4.4
7.34   0   4.4
7.36   0   4.4
7.38   0   4.4
7.4   0   4.4
7.42   0   4.4
7.44   0   4.4
7.46   0   4.4
7.48   0   4.4
7.5   0   4.4
7.52   0   4.4
7.54   0   4.4
7.56   0   4.4
7.58   0   4.4
7.6   0   4.4
7.62   0   4.4
7.64   0   4.4
7.66   0   4.4
7.68   0   4.4
7.7   0   4.4
7.72   0   4.4
7.74   0   4.4
7.76   0   4.4
7.78   0   4.4
7.8   0   4.4
7.82   0   4.4
7.84   0   4.4
7.86   0   4.4
7.88   0   4.4
7.9   0   4.4
7.92   0   4.4
7.94   0   4.4
7.96   0   4.4
7.98   0   4.4
8   0   4.4
8.02   0   4.4
8.04   0   4.4
8.06   0   4.4
8.08   0   4.4
8.1   0   4.4
8.12   0   4.4
8.14   0   4.4
8.16   0   4.4
8.18   0   4.4
8.2   0   4.4
8.22   0   4.4
8.24   0   4.4
8.26   0   4.4
8.28   0   4.4
8.3   0   4.4
8.32   0   4.4
8.34   0   4.4
8.36   0   4.4
8.38   0   4.4
8.4   0   4.4
8.42   0   4.4
8.44   0   4.4
8.46   0   4.4
8.48   0   4.4
8.5   0   4.4
8.52   0   4.4
8.54   0   4.4
8.56   0   4.4
8.58   0   4.4
8.6   0   4.4
8.62   0   4.4
8.64   0   4.4
8.66   0   4.4
8.68   0   4.4
8.7   0   4.4
8.72   0   4.4
8.74   0   4.4
8.76   0   4.4
8.78   0   4.4
8.8   0   4.4
8.82   0   4.4
8.84   0   4.4
8.86   0   4.4
8.88   0   4.4
8.9   0   4.4
8.92   0   4.4
8.94   0   4.4
8.96   0   4.4
8.98   0   4.4
9   0   4.4
9.02   0   4.4
9.04   0   4.4
9.06   0   4.4
9.08   0   4.4
9.1   0   4.4
9.12   0   4.4
9.14   0   4.4
9.16   0   4.4
9.18   0   4.4
9.2   0   4.4
9.22   0   4.4
9.24   0   4.4
9.26   0   4.4
9.28   0   4.4
9.3   0   4.4
9.32   0   4.4
9.34   0   4.4
9.36   0   4.4
9.38   0   4.4
9.4   0   4.4
9.42   0   4.4
9.44   0   4.4
9.46   0   4.4
9.48   0   4.4
9.5   0   4.4
9.52   0   4.4
9.54   0   4.4
9.56   0   4.4
9.58   0   4.4
9.6   0   4.4
9.62   0   4.4
9.64   0   4.4
9.66   0   4.4
9.68   0   4.4
9.7   0   4.4
9.72   0   4.4
9.74   0   4.4
9.76   0   4.4
9.78   0   4.4
9.8   0   4.4
9.82   0   4.4
9.84   0   4.4
9.86   0   4.4
9.88   0   4.4
9.9   0   4.4
9.92   0   4.4
9.94   0   4.4
9.96   0   4.4
9.98   0   4.4
10   0   4.4
10.02   0   4.4
10.04   0   4.4
10.06   0   4.4
10.08   0   4.4
10.1   0   4.4
10.12   0   4.4
10.14   0   4.4
10.16   0   4.4
10.18   0   4.4
10.2   0   4.4
10.22   0   4.4
10.24   0   4.4
10.26   0   4.4
10.28   0   4.4
10.3   0   4.4
10.32   0   4.4
10.34   0   4.4
10.36   0   4.4
10.38   0   4.4
10.4   0   4.4
10.42   0   4.4
10.44   0   4.4
10.46   0   4.4
10.48   0   4.4
10.5   0   4.4
10.52   0   4.4
10.54   0   4.4
10.56   0   4.4
10.58   0   4.4
10.6   0   4.4
10.62   0   4.4
10.64   0   4.4
10.66   0   4.4
10.68   0   4.4
10.7   0   4.4
10.72   0   4.4
10.74   0   4.4
10.76   0   4.4
10.78   0   4.4
10.8   0   4.4
10.82   0   4.4
10.84   0   4.4
10.86   0   4.4
10.88   0   4.4
10.9   0   4.4
10.92   0   4.4
10.94   0   4.4
10.96   0   4.4
10.98   0   4.4
11   0   4.4
11.02   0   4.4
11.04   0   4.4
11.06   0   4.4
11.08   0   4.4
11.1   0   4.4
11.12   0   4.4
11.14   0   4.4
11.16   0   4.4
11.18   0   4.4
11.2   0   4.4
11.22   0   4.4
11.24   0   4.4
11.26   0   4.4
11.28   0   4.4
11.3   0   4.4
11.32   0   4.4
11.34   0   4.4
11.36   0   4.4
11.38   0   4.4
11.4   0   4.4
11.42   0   4.4
11.44   0   4.4
11.46   0   4.4
11.48   0   4.4
11.5   0   4.4
11.52   0   4.4
11.54   0   4.4
11.56   0   4.4
11.58   0   4.4
11.6   0   4.4
11.62   0   4.4
11.64   0   4.4
11.66   0   4.4
11.68   0   4.4
11.7   0   4.4
11.72   0   4.4
11.74   0   4.4
11.76   0   4.4
11.78   0   4.4
11.8   0   4.4
11.82   0   4.4
11.84   0   4.4
11.86   0   4.4
11.88   0   4.4
11.9   0   4.4
11.92   0   4.4
11.94   0   4.4
11.96   0   4.4
11.98   0   4.4
12   0   4.4
12.02   0   4.4
12.04   0   4.4
12.06   0   4.4
12.08   0   4.4
12.1   0   4.4
12.12   0   4.4
12.14   0   4.4
12.16   0   4.4
12.18   0   4.4
12.2   0   4.4
12.22   0   4.4
12.24   0   4.4
12.26   0   4.4
12.28   0   4.4
12.3   0   4.4
12.32   0   4.4
12.34   0   4.4
12.36   0   4.4
12.38   0   4.4
12.4   0   4.4
12.42   0   4.4
12.44   0   4.4
12.46   0   4.4
12.48   0   4.4
12.5   0   4.4
12.52   0   4.4
12.54   0   4.4
12.56   0   4.4
12.58   0   4.4
12.6   0   4.4
12.62   0   4.4
12.64   0   4.4
12.66   0   4.4
12.68   0   4.4
12.7   0   4.4
12.72   0   4.4
12.74   0   4.4
12.76   0   4.4
12.78   0   4.4
12.8   0   4.4
12.82   0   4.4
12.84   0   4.4
12.86   0   4.4
12.88   0   4.4
12.9   0   4.4
12.92   0   4.4
12.94   0   4.4
12.96   0   4.4
12.98   0   4.4
13   0   4.4
13.02   0   4.4
13.04   0   4.4
13.06   0   4.4
13.08   0   4.4
13.1   0   4.4
13.12   0   4.4
13.14   0   4.4
13.16   0   4.4
13.18   0   4.4
13.2   0   4.4
13.22   0   4.4
13.24   0   4.4
13.26   0   4.4
13.28   0   4.4
13.3   0   4.4
13.32   0   4.4
13.34   0   4.4
13.36   0   4.4
13.38   0   4.4
13.4   0   4.4
13.42   0   4.4
13.44   0   4.4
13.46   0   4.4
13.48   0   4.4
13.5   0   4.4
13.52   0   4.4
13.54   0   4.4
13.56   0   4.4
13.58   0   4.4
13.6   0   4.4
13.62   0   4.4
13.64   0   4.4
13.66   0   4.4
13.68   0   4.4
13.7   0   4.4
13.72   0   4.4
13.74   0   4.4
13.76   0   4.4
13.78   0   4.4
13.8   0   4.4
13.82   0   4.4
13.84   0   4.4
13.86   0   4.4
13.88   0   4.4
13.9   0   4.4
13.92   0   4.4
13.94   0   4.4
13.96   0   4.4
13.98   0   4.4
14   0   4.4
14.02   0   4.4
14.04   0   4.4
14.06   0   4.4
14.08   0   4.4
14.1   0   4.4
14.12   0   4.4
14.14   0   4.4
14.16   0   4.4
14.18   0   4.4
14.2   0   4.4
14.22   0   4.4
14.24   0   4.4
14.26   0   4.4
14.28   0   4.4
14.3   0   4.4
14.32   0   4.4
14.34   0   4.4
14.36   0   4.4
14.38   0   4.4
14.4   0   4.4
14.42   0   4.4
14.44   0   4.4
14.46   0   4.4
14.48   0   4.4
14.5   0   4.4
14.52   0   4.4
14.54   0   4.4
14.56   0   4.4
14.58   0   4.4
14.6   0   4.4
14.62   0   4.4
14.64   0   4.4
14.66   0   4.4
14.68   0   4.4
14.7   0   4.4
14.72   0   4.4
14.74   0   4.4
14.76   0   4.4
14.78   0   4.4
14.8   0   4.4
14.82   0   4.4
14.84   0   4.4
14.86   0   4.4
14.88   0   4.4
14.9   0   4.4
14.92   0   4.4
14.94   0   4.4
14.96   0   4.4
14.98   0   4.4
15   0   4.4
15.02   0   4.4
15.04   0   4.4
15.06   0   4.4
15.08   0   4.4
15.1   0   4.4
15.12   0   4.4
15.14   0   4.4
15.16   0   4.4
15.18   0   4.4
15.2   0   4.4
15.22   0   4.4
15.24   0   4.4
15.26   0   4.4
15.28   0   4.4
15.3   0   4.4
15.32   0   4.4
15.34   0   4.4
15.36   0   4.4
15.38   0   4.4
15.4   0   4.4
15.42   0   4.4
15.44   0   4.4
15.46   0   4.4
15.48   0   4.4
15.5   0   4.4
15.52   0   4.4
15.54   0   4.4
15.56   0   4.4
15.58   0   4.4
15.6   0   4.4
15.62   0   4.4
15.64   0   4.4
15.66   0   4.4
15.68   0   4.4
15.7   0   4.4
15.72   0   4.4
15.74   0   4.4
15.76   0   4.4
15.78   0   4.4
15.8   0   4.4
15.82   0   4.4
15.84   0   4.4
15.86   0   4.4
15.88   0   4.4
15.9   0   4.4
15.92   0   4.4
15.94   0   4.4
15.96   0   4.4
15.98   0   4.4
16   0   4.4
16.02   0   4.4
16.04   0   4.4
16.06   0   4.4
16.08   0   4.4
16.1   0   4.4
16.12   0   4.4
16.14   0   4.4
16.16   0   4.4
16.18   0   4.4
16.2   0   4.4
16.22   0   4.4
16.24   0   4.4
16.26   0   4.4
16.28   0   4.4
16.3   0   4.4
16.32   0   4.4
16.34   0   4.4
16.36   0   4.4
16.38   0   4.4
16.4   0   4.4
16.42   0   4.4
16.44   0   4.4
16.46   0   4.4
16.48   0   4.4
16.5   0   4.4
16.52   0   4.4
16.54   0   4.4
16.56   0   4.4
16.58   0   4.4
16.6   0   4.4
16.62   0   4.4
16.64   0   4.4
16.66   0   4.4
16.68   0   4.4
16.7   0   4.4
16.72   0   4.4
16.74   0   4.4
16.76   0   4.4
16.78   0   4.4
16.8   0   4.4
16.82   0   4.4
16.84   0   4.4
16.86   0   4.4
16.88   0   4.4
16.9   0   4.4
16.92   0   4.4
16.94   0   4.4
16.96   0   4.4
16.98   0   4.4
17   0   4.4
17.02   0   4.4
17.04   0   4.4
17.06   0   4.4
17.08   0   4.4
17.1   0   4.4
17.12   0   4.4
17.14   0   4.4
17.16   0   4.4
17.18   0   4.4
17.2   0   4.4
17.22   0   4.4
17.24   0   4.4
17.26   0   4.4
17.28   0   4.4
17.3   0   4.4
17.32   0   4.4
17.34   0   4.4
17.36   0   4.4
17.38   0.796023   4.4
17.4   0.818528   4.4
17.42   0.842001   4.4
17.44   0.866498   4.4
17.46   0.892079   4.4
17.48   0.918809   4.4
17.5   0.946759   4.4
17.52   0.976002   4.4
17.54   1.00662   4.4
17.56   1.0387   4.4
17.58   1.07234   4.4
17.6   1.10764   4.4
17.62   1.14472   4.4
17.64   1.18368   4.4
17.66   1.22466   4.4
17.68   1.26781   4.4
17.7   1.31328   4.4
17.72   1.36124   4.4
17.74   1.41187   4.4
17.76   1.46538   4.4
17.78   1.52199   4.4
17.8   1.58194   4.4
17.82   1.6455   4.4
17.84   1.71296   4.4
17.86   1.78466   4.4
17.88   1.86095   4.4
17.9   1.94223   4.4
17.92   2.02895   4.4
17.94   2.12161   4.4
17.96   2.22075   4.4
17.98   2.327   4.4
18   2.44105   4.4
18.02   2.56368   4.4
18.04   2.69578   4.4
18.06   2.83834   4.4
18.08   2.99251   4.4
18.1   3.15956   4.4
18.12   3.34097   4.4
18.14   3.53844   4.4
18.16   3.75391   4.4
18.18   3.98964   4.4
18.2   4.24824   4.4
18.22   4.53276   4.4
18.24   4.84677   4.4
18.26   5.1945   4.4
18.28   5.58091   4.4
18.3   6.01197   4.4
18.32   6.49478   4.4
18.34   7.03796   4.4
18.36   7.65195   4.4
18.38   8.34957   4.4
18.4   9.14664   4.4
18.42   10.0629   4.4
18.44   11.1232   4.4
18.46   12.3592   4.4
18.48   13.8116   4.4
18.5   15.5337   4.4
18.52   17.5958   4.4
18.54   20.0927   4.48249
18.56   23.1541   4.81187
18.58   26.9611   5.1924
18.6   31.7721   5.63667
18.62   37.9664   6.16169
18.64   46.1214   6.79128
18.66   57.1727   7.56126
18.68   72.7891   8.53165
18.7   96.2347   9.80993
18.72   133.963   11.5743
18.74   197.442   14.0514
18.76   303.045   17.4082
18.78   465.324   21.5714
18.8   668.651   25.8583
18.82   801.004   28.302
18.84   724.251   26.9119
18.86   524.745   22.9073
18.88   345.568   18.5895
18.9   223.959   14.9653
18.92   149.675   12.2342
18.94   105.667   10.2795
18.96   78.8026   8.87708
18.98   61.2827   7.82832
19   49.0838   7.00599
19.02   40.1793   6.33872
19.04   33.4681   5.78516
19.06   28.288   5.31865
19.08   24.2107   4.92044
19.1   20.947   4.57679
19.12   18.296   4.4
19.14   16.1144   4.4
19.16   14.2984   4.4
19.18   12.7711   4.4
19.2   11.4748   4.4
19.22   10.3654   4.4
19.24   9.40866   4.4
19.26   8.57803   4.4
19.28   7.85232   4.4
19.3   7.21464   4.4
19.32   6.65136   4.4
19.34   6.15138   4.4
19.36   5.70556   4.4
19.38   5.3064   4.4
19.4   4.9476   4.4
19.42   4.62392   4.4
19.44   4.33093   4.4
19.46   4.06488   4.4
19.48   3.82257   4.4
19.5   3.60125   4.4
19.52   3.39859   4.4
19.54   3.21253   4.4
19.56   3.04133   4.4
19.58   2.88344   4.4
19.6   2.73751   4.4
19.62   2.60237   4.4
19.64   2.47699   4.4
19.66   2.36044   4.4
19.68   2.25193   4.4
19.7   2.15071   4.4
19.72   2.05617   4.4
19.74   1.96772   4.4
19.76   1.88485   4.4
19.78   1.8071   4.4
19.8   1.73407   4.4
19.82   1.66536   4.4
19.84   1.60066   4.4
19.86   1.53966   4.4
19.88   1.48207   4.4
19.9   1.42766   4.4
19.92   1.37618   4.4
19.94   1.32744   4.4
19.96   1.28124   4.4
19.98   1.23741   4.4
20   1.19579   4.4
20.02   1.15623   4.4
20.04   1.1186   4.4
20.06   1.08278   4.4
20.08   1.04865   4.4
20.1   1.01611   4.4
20.12   0.985063   4.4
20.14   0.955414   4.4
20.16   0.927084   4.4
20.18   0.899994   4.4
20.2   0.874075   4.4
20.22   0.849258   4.4
20.24   0.825483   4.4
20.26   0.802693   4.4
20.28   0.780833   4.4
20.3   0   4.4
20.32   0   4.4
20.34   0   4.4
20.36   0   4.4
20.38   0   4.4
20.4   0   4.4
20.42   0   4.4
20.44   0   4.4
20.46   0   4.4
20.48   0   4.4
20.5   0   4.4
20.52   0   4.4
20.54   0   4.4
20.56   0   4.4
20.58   0   4.4
20.6   0   4.4
20.62   0   4.4
20.64   0   4.4
20.66   0   4.4
20.68   0   4.4
20.7   0   4.4
20.72   0   4.4
20.74   0   4.4
20.76   0   4.4
20.78   0   4.4
20.8   0   4.4
20.82   9.75488   4.4
20.84   10.028   4.4
20.86   10.3128   4.4
20.88   10.6098   4.4
20.9   10.9199   4.4
20.92   11.2438   4.4
20.94   11.5822   4.4
20.96   11.9362   4.4
20.98   12.3067   4.4
21   12.6947   4.4
21.02   13.1013   4.4
21.04   13.5277   4.4
21.06   13.9753   4.4
21.08   14.4455   4.4
21.1   14.9398   4.4
21.12   15.4598   4.4
21.14   16.0075   4.4
21.16   16.5848   4.4
21.18   17.1939   4.4
21.2   17.8372   4.4
21.22   18.5172   4.4
21.24   19.2368   4.4
21.26   19.9991   4.47204
21.28   20.8077   4.56154
21.3   21.6662   4.6547
21.32   22.579   4.75173
21.34   23.5506   4.85289
21.36   24.5862   4.95845
21.38   25.6916   5.06869
21.4   26.8732   5.18393
21.42   28.1381   5.30453
21.44   29.4943   5.43087
21.46   30.9509   5.56336
21.48   32.518   5.70246
21.5   34.207   5.84868
21.52   36.0309   6.00258
21.54   38.0044   6.16477
21.56   40.1444   6.33596
21.58   42.4699   6.5169
21.6   45.0032   6.70844
21.62   47.7696   6.91156
21.64   50.7986   7.12732
21.66   54.1245   7.35693
21.68   57.7872   7.60179
21.7   61.8336   7.86344
21.72   66.3192   8.14366
21.74   71.3098   8.44451
21.76   76.8836   8.76833
21.78   83.1351   9.11785
21.8   90.1783   9.49622
21.82   98.152   9.90717
21.84   107.227   10.355
21.86   117.615   10.845
21.88   129.58   11.3833
21.9   143.456   11.9773
21.92   159.67   12.6361
21.94   178.775   13.3707
21.96   201.494   14.1949
21.98   228.789   15.1258
22   261.962   16.1852
22.02   302.806   17.4013
22.04   353.839   18.8106
22.06   418.686   20.4618
22.08   502.717   22.4214
22.1   614.238   24.7838
22.12   767.072   27.6961
22.14   986.688   31.4116
22.16   1323.66   36.3822
22.18   1875.95   43.3122
22.2   2808.2   52.9925
22.22   4333.48   65.8292
22.24   6577.45   81.1015
22.26   9065.22   95.2115
22.28   10000   100
22.3   8328.45   91.2603
22.32   5789.75   76.0904
22.34   3769.68   61.3977
22.36   2456.6   49.5641
22.38   1667.61   40.8364
22.4   1198.59   34.6206
22.42   906.95   30.1156
22.44   712.577   26.6941
22.46   574.959   23.9783
22.48   473.377   21.7572
22.5   396.199   19.9047
22.52   336.245   18.337
22.54   288.797   16.994
22.56   250.635   15.8315
22.58   219.506   14.8157
22.6   193.795   13.921
22.62   172.322   13.1271
22.64   154.209   12.4181
22.66   138.794   11.7811
22.68   125.57   11.2058
22.7   114.141   10.6837
22.72   104.198   10.2077
22.74   95.4955   9.77218
22.76   87.8357   9.37207
22.78   81.0591   9.00328
22.8   75.0353   8.66229
22.82   69.6571   8.34608
22.84   64.8356   8.05206
22.86   60.4968   7.77797
22.88   56.5785   7.52187
22.9   53.0281   7.28204
22.92   49.8011   7.05699
22.94   46.8594   6.84539
22.96   44.1704   6.64608
22.98   41.706   6.45802
23   39.4419   6.28028
23.02   37.3571   6.11205
23.04   35.4331   5.95257
23.06   33.6538   5.80119
23.08   32.005   5.6573
23.1   30.4744   5.52036
23.12   29.0509   5.38989
23.14   27.7247   5.26543
23.16   26.4872   5.14658
23.18   25.3307   5.03296
23.2   24.2483   4.92425
23.22   23.2337   4.82013
23.24   22.2814   4.72032
23.26   21.3864   4.62455
23.28   20.5443   4.53258
23.3   19.7509   4.4442
23.32   19.0025   4.4
23.34   18.2959   4.4
23.36   17.6279   4.4
23.38   16.9959   4.4
23.4   16.3972   4.4
23.42   15.8295   4.4
23.44   15.2909   4.4
23.46   14.7792   4.4
23.48   14.2928   4.4
23.5   13.83   4.4
23.52   13.3893   4.4
23.54   12.9694   4.4
23.56   12.5688   4.4
23.58   12.1866   4.4
23.6   11.8215   4.4
23.62   11.4725   4.4
23.64   11.1388   4.4
23.66   10.8194   4.4
23.68   10.5136   4.4
23.7   10.2206   4.4
23.72   9.93957   4.4
23.74   0   4.4
23.76   0   4.4
23.78   0   4.4
23.8   0   4.4
23.82   0   4.4
23.84   0   4.4
23.86   0   4.4
23.88   0   4.4
23.9   0   4.4
23.92   0   4.4
23.94   0   4.4
23.96   0   4.4
23.98   0   4.4
24   0   4.4
24.02   0   4.4
24.04   0   4.4
24.06   0   4.4
24.08   0   4.4
24.1   0   4.4
24.12   0   4.4
24.14   0   4.4
24.16   0   4.4
24.18   0   4.4
24.2   0   4.4
24.22   0   4.4
24.24   0   4.4
24.26   0   4.4
24.28   0   4.4
24.3   0   4.4
24.32   0   4.4
24.34   0   4.4
24.36   0   4.4
24.38   0   4.4
24.4   0   4.4
24.42   0   4.4
24.44   0   4.4
24.46   0   4.4
24.48   0   4.4
24.5   0   4.4
24.52   0   4.4
24.54   0   4.4
24.56   0   4.4
24.58   0   4.4
24.6   0   4.4
24.62   0   4.4
24.64   0   4.4
24.66   0   4.4
24.68   0   4.4
24.7   0   4.4
24.72   0   4.4
24.74   0   4.4
24.76   0   4.4
24.78   0   4.4
24.8   0   4.4
24.82   0   4.4
24.84   0   4.4
24.86   0   4.4
24.88   0   4.4
24.9   0   4.4
24.92   0   4.4
24.94   0   4.4
24.96   0   4.4
24.98   0   4.4
25   0   4.4
25.02   0   4.4
25.04   0   4.4
25.06   0   4.4
25.08   0   4.4
25.1   0   4.4
25.12   0   4.4
25.14   0   4.4
25.16   0   4.4
25.18   0   4.4
25.2   0   4.4
25.22   0   4.4
25.24   0   4.4
25.26   0   4.4
25.28   0   4.4
25.3   0   4.4
25.32   0   4.4
25.34   0   4.4
25.36   0   4.4
25.38   0   4.4
25.4   0   4.4
25.42   0   4.4
25.44   0   4.4
25.46   0   4.4
25.48   0   4.4
25.5   0   4.4
25.52   0   4.4
25.54   0   4.4
25.56   0   4.4
25.58   0   4.4
25.6   0   4.4
25.62   0   4.4
25.64   0   4.4
25.66   0   4.4
25.68   0   4.4
25.7   0   4.4
25.72   0   4.4
25.74   0   4.4
25.76   0   4.4
25.78   0   4.4
25.8   0   4.4
25.82   0   4.4
25.84   0   4.4
25.86   0   4.4
25.88   0   4.4
25.9   0   4.4
25.92   0   4.4
25.94   0   4.4
25.96   0   4.4
25.98   0   4.4
26   0   4.4
26.02   0   4.4
26.04   0   4.4
26.06   0   4.4
26.08   0   4.4
26.1   0   4.4
26.12   0   4.4
26.14   0   4.4
26.16   0   4.4
26.18   0   4.4
26.2   0   4.4
26.22   0   4.4
26.24   0   4.4
26.26   0.647418   4.4
26.28   0.665539   4.4
26.3   0.684431   4.4
26.32   0.704138   4.4
26.34   0.724709   4.4
26.36   0.746194   4.4
26.38   0.768649   4.4
26.4   0.792132   4.4
26.42   0.816708   4.4
26.44   0.842444   4.4
26.46   0.869416   4.4
26.48   0.897703   4.4
26.5   0.927393   4.4
26.52   0.95858   4.4
26.54   0.991366   4.4
26.56   1.02586   4.4
26.58   1.06219   4.4
26.6   1.10048   4.4
26.62   1.14088   4.4
26.64   1.18354   4.4
26.66   1.22863   4.4
26.68   1.27636   4.4
26.7   1.32691   4.4
26.72   1.38053   4.4
26.74   1.43746   4.4
26.76   1.49799   4.4
26.78   1.56241   4.4
26.8   1.63108   4.4
26.82   1.70437   4.4
26.84   1.78271   4.4
26.86   1.86657   4.4
26.88   1.95649   4.4
26.9   2.05305   4.4
26.92   2.15693   4.4
26.94   2.26889   4.4
26.96   2.38978   4.4
26.98   2.52058   4.4
27   2.66241   4.4
27.02   2.81653   4.4
27.04   2.98441   4.4
27.06   3.16772   4.4
27.08   3.36842   4.4
27.1   3.58877   4.4
27.12   3.83142   4.4
27.14   4.09947   4.4
27.16   4.39658   4.4
27.18   4.72711   4.4
27.2   5.09624   4.4
27.22   5.51019   4.4
27.24   5.97651   4.4
27.26   6.50437   4.4
27.28   7.10505   4.4
27.3   7.79252   4.4
27.32   8.58424   4.4
27.34   9.50226   4.4
27.36   10.5748   4.4
27.38   11.8382   4.4
27.4   13.3402   4.4
27.42   15.1442   4.4
27.44   17.3361   4.4
27.46   20.0339   4.47592
27.48   23.4033   4.8377
27.5   27.6828   5.26145
27.52   33.2254   5.76414
27.54   40.576   6.36993
27.56   50.6398   7.11617
27.58   65.08   8.06722
27.6   87.1965   9.33791
27.62   123.394   11.1083
27.64   184.493   13.5828
27.66   284.619   16.8707
27.68   432.527   20.7973
27.7   598.463   24.4635
27.72   664.906   25.7858
27.74   557.319   23.6076
27.76   388.584   19.7125
27.78   253.181   15.9117
27.8   164.891   12.841
27.82   111.78   10.5726
27.84   80.2243   8.9568
27.86   60.6348   7.78683
27.88   47.6015   6.89939
27.9   38.386   6.19564
27.92   31.5894   5.62044
27.94   26.429   5.14091
27.96   22.4223   4.73522
27.98   19.2527   4.4
28   16.7045   4.4
28.02   14.6266   4.4
28.04   12.9108   4.4
28.06   11.4783   4.4
28.08   10.2702   4.4
28.1   9.24231   4.4
28.12   8.36062   4.4
28.14   7.5988   4.4
28.16   6.93615   4.4
28.18   6.35623   4.4
28.2   5.84588   4.4
28.22   5.39442   4.4
28.24   4.99316   4.4
28.26   4.63495   4.4
28.28   4.31385   4.4
28.3   4.02492   4.4
28.32   3.76402   4.4
28.34   3.52763   4.4
28.36   3.31279   4.4
28.38   3.11696   4.4
28.4   2.93796   4.4
28.42   2.77393   4.4
28.44   2.62324   4.4
28.46   2.48449   4.4
28.48   2.35644   4.4
28.5   2.23804   4.4
28.52   2.12832   4.4
28.54   2.02647   4.4
28.56   1.93176   4.4
28.58   1.84352   4.4
28.6   1.76119   4.4
28.62   1.68425   4.4
28.64   1.61224   4.4
28.66   1.54474   4.4
28.68   1.48139   4.4
28.7   1.42186   4.4
28.72   1.36584   4.4
28.74   1.31307   4.4
28.76   1.2633   4.4
28.78   1.2163   4.4
28.8   1.17187   4.4
28.82   1.12983   4.4
28.84   1.09001   4.4
28.86   1.05226   4.4
28.88   1.01644   4.4
28.9   0.982414   4.4
28.92   0.950067   4.4
28.94   0.919291   4.4
28.96   0.889986   4.4
28.98   0.86206   4.4
29   0.835427   4.4
29.02   0.810009   4.4
29.04   0.785733   4.4
29.06   0.762531   4.4
29.08   0.740342   4.4
29.1   0.719107   4.4
29.12   0.698773   4.4
29.14   0.679288   4.4
29.16   0.660607   4.4
29.18   0   4.4
29.2   0   4.4
29.22   0   4.4
29.24   0   4.4
29.26   0   4.4
29.28   0   4.4
29.3   0   4.4
29.32   0   4.4
29.34   0   4.4
29.36   0   4.4
29.38   0   4.4
29.4   0   4.4
29.42   0   4.4
29.44   0   4.4
29.46   0   4.4
29.48   0   4.4
29.5   0   4.4
29.52   0   4.4
29.54   0   4.4
29.56   0   4.4
29.58   0   4.4
29.6   0   4.4
29.62   0   4.4
29.64   0   4.4
29.66   0   4.4
29.68   0   4.4
29.7   0   4.4
29.72   0   4.4
29.74   0   4.4
29.76   0   4.4
29.78   0   4.4
29.8   0   4.4
29.82   0   4.4
29.84   0   4.4
29.86   0   4.4
29.88   0   4.4
29.9   0   4.4
29.92   0   4.4
29.94   0   4.4
29.96   0   4.4
29.98   0   4.4
30   0   4.4
30.02   0   4.4
30.04   0   4.4
30.06   0   4.4
30.08   0   4.4
30.1   0   4.4
30.12   0   4.4
30.14   0   4.4
30.16   0   4.4
30.18   0   4.4
30.2   0   4.4
30.22   0   4.4
30.24   0   4.4
30.26   0   4.4
30.28   0   4.4
30.3   0   4.4
30.32   0   4.4
30.34   0   4.4
30.36   0   4.4
30.38   0   4.4
30.4   0   4.4
30.42   0   4.4
30.44   0   4.4
30.46   0   4.4
30.48   0   4.4
30.5   0   4.4
30.52   0   4.4
30.54   0   4.4
30.56   0   4.4
30.58   0   4.4
30.6   0   4.4
30.62   0   4.4
30.64   0   4.4
30.66   0   4.4
30.68   0   4.4
30.7   0   4.4
30.72   0   4.4
30.74   0   4.4
30.76   0   4.4
30.78   0   4.4
30.8   0   4.4
30.82   0   4.4
30.84   0   4.4
30.86   0   4.4
30.88   0   4.4
30.9   0   4.4
30.92   0   4.4
30.94   0   4.4
30.96   0   4.4
30.98   0   4.4
31   0   4.4
31.02   0   4.4
31.04   0   4.4
31.06   0   4.4
31.08   0   4.4
31.1   0   4.4
31.12   0   4.4
31.14   0   4.4
31.16   0   4.4
31.18   0   4.4
31.2   0   4.4
31.22   0   4.4
31.24   0   4.4
31.26   0   4.4
31.28   0   4.4
31.3   0   4.4
31.32   0   4.4
31.34   0   4.4
31.36   0   4.4
31.38   0   4.4
31.4   0   4.4
31.42   0   4.4
31.44   0   4.4
31.46   0   4.4
31.48   0   4.4
31.5   0   4.4
31.52   0   4.4
31.54   0   4.4
31.56   0   4.4
31.58   0   4.4
31.6   0   4.4
31.62   0   4.4
31.64   0   4.4
31.66   0   4.4
31.68   0   4.4
31.7   0   4.4
31.72   0   4.4
31.74   0   4.4
31.76   0   4.4
31.78   0   4.4
31.8   0   4.4
31.82   0   4.4
31.84   0   4.4
31.86   0   4.4
31.88   0   4.4
31.9   0   4.4
31.92   0   4.4
31.94   0   4.4
31.96   0   4.4
31.98   0   4.4
32   0   4.4
32.02   0   4.4
32.04   0   4.4
32.06   0   4.4
32.08   0   4.4
32.1   0   4.4
32.12   0   4.4
32.14   0   4.4
32.16   0   4.4
32.18   0   4.4
32.2   0   4.4
32.22   0   4.4
32.24   0   4.4
32.26   0   4.4
32.28   0   4.4
32.3   0   4.4
32.32   0   4.4
32.34   0   4.4
32.36   0   4.4
32.38   0   4.4
32.4   0   4.4
32.42   0   4.4
32.44   0   4.4
32.46   0   4.4
32.48   0   4.4
32.5   0   4.4
32.52   0   4.4
32.54   0   4.4
32.56   0   4.4
32.58   0   4.4
32.6   0   4.4
32.62   0   4.4
32.64   0   4.4
32.66   0   4.4
32.68   0   4.4
32.7   0   4.4
32.72   0   4.4
32.74   0   4.4
32.76   0   4.4
32.78   0   4.4
32.8   0   4.4
32.82   0   4.4
32.84   0   4.4
32.86   0   4.4
32.88   0   4.4
32.9   0   4.4
32.92   0   4.4
32.94   0   4.4
32.96   0   4.4
32.98   0   4.4
33   0   4.4
33.02   0   4.4
33.04   0   4.4
33.06   0   4.4
33.08   0   4.4
33.1   0   4.4
33.12   0   4.4
33.14   0   4.4
33.16   0   4.4
33.18   0   4.4
33.2   0   4.4
33.22   0   4.4
33.24   0   4.4
33.26   0   4.4
33.28   0   4.4
33.3   0   4.4
33.32   0   4.4
33.34   0   4.4
33.36   0   4.4
33.38   0   4.4
33.4   0   4.4
33.42   0   4.4
33.44   0   4.4
33.46   0   4.4
33.48   0   4.4
33.5   0   4.4
33.52   0   4.4
33.54   0   4.4
33.56   0   4.4
33.58   0   4.4
33.6   0   4.4
33.62   2.42479   4.4
33.64   2.49278   4.4
33.66   2.56367   4.4
33.68   2.63762   4.4
33.7   2.71482   4.4
33.72   2.79546   4.4
33.74   2.87974   4.4
33.76   2.96789   4.4
33.78   3.06015   4.4
33.8   3.15678   4.4
33.82   3.25805   4.4
33.84   3.36427   4.4
33.86   3.47578   4.4
33.88   3.59291   4.4
33.9   3.71606   4.4
33.92   3.84565   4.4
33.94   3.98214   4.4
33.96   4.12602   4.4
33.98   4.27783   4.4
34   4.43818   4.4
34.02   4.6077   4.4
34.04   4.78711   4.4
34.06   4.97721   4.4
34.08   5.17885   4.4
34.1   5.39298   4.4
34.12   5.62066   4.4
34.14   5.86305   4.4
34.16   6.12145   4.4
34.18   6.3973   4.4
34.2   6.69221   4.4
34.22   7.00796   4.4
34.24   7.34657   4.4
34.26   7.71029   4.4
34.28   8.10167   4.4
34.3   8.52359   4.4
34.32   8.97929   4.4
34.34   9.47248   4.4
34.36   10.0074   4.4
34.38   10.5888   4.4
34.4   11.2223   4.4
34.42   11.9143   4.4
34.44   12.6722   4.4
34.46   13.5046   4.4
34.48   14.4216   4.4
34.5   15.4351   4.4
34.52   16.5589   4.4
34.54   17.8097   4.4
34.56   19.2073   4.4
34.58   20.7755   4.55801
34.6   22.5431   4.74795
34.62   24.5453   4.95432
34.64   26.8252   5.17931
34.66   29.4366   5.42555
34.68   32.4465   5.69619
34.7   35.9398   5.99498
34.72   40.025   6.32653
34.74   44.8427   6.69647
34.76   50.5774   7.11178
34.78   57.475   7.58123
34.8   65.8684   8.11594
34.82   76.2172   8.73025
34.84   89.1686   9.44291
34.86   105.656   10.2789
34.88   127.068   11.2725
34.9   155.565   12.4726
34.92   194.773   13.9561
34.94   251.449   15.8571
34.96   339.042   18.4131
34.98   483.363   21.9855
35   726.917   26.9614
35.02   1122.67   33.5062
35.04   1694.95   41.1698
35.06   2297.88   47.9363
35.08   2462.89   49.6276
35.1   2001.34   44.7363
35.12   1376.07   37.0955
35.14   893.853   29.8974
35.16   584.062   24.1674
35.18   398.663   19.9665
35.2   288.191   16.9762
35.22   219.043   14.8001
35.24   172.637   13.1391
35.26   139.615   11.8159
35.28   115.156   10.7311
35.3   96.5278   9.82486
35.32   82.0273   9.05689
35.34   70.5313   8.39829
35.36   61.2713   7.8276
35.38   53.7077   7.32855
35.4   47.453   6.88862
35.42   42.2238   6.49798
35.44   37.9847   6.16317
35.46   34.229   5.85056
35.48   31.0054   5.56825
35.5   28.2186   5.31211
35.52   25.7934   5.07872
35.54   23.6705   4.86523
35.56   21.8019   4.66925
35.58   20.149   4.48876
35.6   18.68   4.4
35.62   17.3689   4.4
35.64   16.1942   4.4
35.66   15.1378   4.4
35.68   14.1846   4.4
35.7   13.3218   4.4
35.72   12.5386   4.4
35.74   11.8257   4.4
35.76   11.1752   4.4
35.78   10.5803   4.4
35.8   10.0351   4.4
35.82   9.53444   4.4
35.84   9.07393   4.4
35.86   8.64965   4.4
35.88   8.25822   4.4
35.9   7.89665   4.4
35.92   7.56231   4.4
35.94   7.25291   4.4
35.96   6.9664   4.4
35.98   6.70099   4.4
36   6.45511   4.4
36.02   6.22736   4.4
36.04   6.01652   4.4
36.06   5.82152   4.4
36.08   5.64142   4.4
36.1   5.47544   4.4
36.12   5.3229   4.4
36.14   5.18322   4.4
36.16   5.44504   4.4
36.18   5.34075   4.4
36.2   5.24874   4.4
36.22   5.16894   4.4
36.24   5.10135   4.4
36.26   5.04613   4.4
36.28   5.00357   4.4
36.3   4.97411   4.4
36.32   4.95839   4.4
36.34   4.95725   4.4
36.36   4.97178   4.4
36.38   5.00336   4.4
36.4   5.05375   4.4
36.42   5.12517   4.4
36.44   5.22039   4.4
36.46   5.34292   4.4
36.48   5.49719   4.4
36.5   5.68885   4.4
36.52   5.92518   4.4
36.54   3.82523   4.4
36.56   4.246   4.4
36.58   4.74721   4.4
36.6   5.35129   4.4
36.62   6.08903   4.4
36.64   7.00362   4.4
36.66   8.15697   4.4
36.68   9.64052   4.4
36.7   11.595   4.4
36.72   14.2526   4.4
36.74   18.8695   4.4
36.76   24.6447   4.96434
36.78   34.024   5.83301
36.8   49.8024   7.05708
36.82   75.702   8.70069
36.84   114.267   10.6896
36.86   158.65   12.5957
36.88   178.913   13.3758
36.9   152.702   12.3573
36.92   108.138   10.399
36.94   71.683   8.46658
36.96   47.7939   6.91332
36.98   33.4558   5.7841
37   25.0242   5.00242
37.02   19.891   4.45994
37.04   16.5713   4.4
37.06   14.3124   4.4
37.08   12.7327   4.4
37.1   11.6218   4.4
37.12   10.8527   4.4
37.14   10.3444   4.4
37.16   10.0444   4.4
37.18   9.91891   4.4
37.2   9.94775   4.4
37.22   10.1206   4.4
37.24   10.4356   4.4
37.26   10.8984   4.4
37.28   11.5228   4.4
37.3   12.3315   4.4
37.32   13.3586   4.4
37.34   14.6531   4.4
37.36   16.285   4.4
37.38   18.3549   4.4
37.4   27.2209   5.21737
37.42   30.852   5.55446
37.44   35.6331   5.96935
37.46   42.1342   6.49109
37.48   51.4124   7.17024
37.5   65.5696   8.09751
37.52   88.6546   9.41566
37.54   127.39   11.2867
37.56   190.283   13.7943
37.58   281.711   16.7842
37.6   380.107   19.4963
37.62   411.574   20.2873
37.64   341.016   18.4666
37.66   240.974   15.5233
37.68   163.111   12.7715
37.7   113.227   10.6408
37.72   83.7767   9.15296
37.74   66.7525   8.17022
37.76   56.6629   7.52748
37.78   50.4643   7.10382
37.8   46.6391   6.82928
37.82   44.4291   6.66552
37.84   43.4321   6.5903
37.86   43.4301   6.59015
37.88   44.319   6.65726
37.9   46.0805   6.78826
37.92   48.7725   6.98373
37.94   52.5356   7.24814
37.96   57.6148   7.59044
37.98   64.4039   8.0252
38   73.5328   8.57513
38.02   86.058   9.27675
38.04   103.918   10.194
38.06   130.953   11.4435
38.08   174.69   13.217
38.1   248.095   15.751
38.12   368.704   19.2017
38.14   549.327   23.4377
38.16   761.212   27.5901
38.18   867.354   29.4509
38.2   752.812   27.4374
38.22   543.242   23.3075
38.24   369.221   19.2151
38.26   255.112   15.9722
38.28   187.268   13.6846
38.3   148.331   12.1791
38.32   125.719   11.2124
38.34   112.059   10.5858
38.36   104.066   10.2013
38.38   99.7649   9.98824
38.4   98.208   9.90999
38.42   98.8729   9.94349
38.44   101.485   10.074
38.46   105.936   10.2925
38.48   112.25   10.5948
38.5   120.569   10.9804
38.52   131.157   11.4524
38.54   144.418   12.0174
38.56   160.936   12.6861
38.58   181.538   13.4736
38.6   207.391   14.4011
38.62   240.164   15.4972
38.64   282.287   16.8014
38.66   337.394   18.3683
38.68   411.177   20.2775
38.7   513.273   22.6555
38.72   661.754   25.7246
38.74   892.666   29.8775
38.76   1274.71   35.7031
38.78   1919.41   43.811
38.8   2961.95   54.4238
38.82   4450.87   66.7149
38.84   5961   77.2075
38.86   6264.08   79.1459
38.88   5010.97   70.7882
38.9   3423.35   58.5094
38.92   2222.11   47.1393
38.94   1455.99   38.1574
38.96   998.494   31.599
38.98   725.314   26.9317
39   553.495   23.5265
39.02   437.617   20.9193
39.04   354.859   18.8377
39.06   293.405   17.1291
39.08   246.117   15.6881
39.1   209.552   14.4759
39.12   180.516   13.4356
39.14   157.093   12.5337
39.16   137.934   11.7445
39.18   122.069   11.0485
39.2   108.789   10.4302
39.22   97.5628   9.87739
39.24   87.9895   9.38027
39.26   79.7606   8.93088
39.28   72.6362   8.52269
39.3   66.4276   8.15031
39.32   60.9843   7.80925
39.34   56.1858   7.49572
39.36   51.9341   7.20653
39.38   48.1492   6.93896
39.4   44.7652   6.69068
39.42   41.7273   6.45967
39.44   38.9899   6.24419
39.46   36.5145   6.04273
39.48   34.2688   5.85396
39.5   32.2252   5.67672
39.52   30.36   5.50999
39.54   28.6814   5.3555
39.56   27.1161   5.20731
39.58   25.6764   5.06719
39.6   24.3494   4.93451
39.62   23.1236   4.8087
39.64   21.1808   4.60226
39.66   20.15   4.48887
39.68   19.1929   4.4
39.7   18.3026   4.4
39.72   17.4731   4.4
39.74   16.699   4.4
39.76   15.9754   4.4
39.78   15.2982   4.4
39.8   14.6635   4.4
39.82   14.0677   4.4
39.84   13.5079   4.4
39.86   12.9812   4.4
39.88   12.485   4.4
39.9   12.0171   4.4
39.92   11.5755   4.4
39.94   11.1581   4.4
39.96   10.7633   4.4
39.98   10.3895   4.4
40   10.0354   4.4
40.02   9.69952   4.4
40.04   9.38074   4.4
40.06   9.07796   4.4
40.08   8.79018   4.4
40.1   8.51646   4.4
40.12   8.25598   4.4
40.14   8.00794   4.4
40.16   7.77163   4.4
40.18   7.54641   4.4
40.2   7.33166   4.4
40.22   7.12684   4.4
40.24   6.93144   4.4
40.26   6.745   4.4
40.28   6.5671   4.4
40.3   6.39736   4.4
40.32   6.23545   4.4
40.34   0.143004   4.4
40.36   0.152311   4.4
40.38   0.162555   4.4
40.4   0.173866   4.4
40.42   0.186396   4.4
40.44   0.200327   4.4
40.46   0.215875   4.4
40.48   0.2333   4.4
40.5   0.252915   4.4
40.52   0.2751   4.4
40.54   0.300325   4.4
40.56   0.329167   4.4
40.58   0.362349   4.4
40.6   0.400782   4.4
40.62   0.445627   4.4
40.64   0.498381   4.4
40.66   0.561005   4.4
40.68   0.653233   4.4
40.7   0.744774   4.4
40.72   0.85711   4.4
40.74   0.996972   4.4
40.76   1.174   4.4
40.78   1.40238   4.4
40.8   1.70387   4.4
40.82   2.11405   4.4
40.84   2.69729   4.4
40.86   3.5804   4.4
40.88   5.01234   4.4
40.9   7.42606   4.4
40.92   11.4168   4.4
40.94   22.0551   4.69629
40.96   29.4119   5.42327
40.98   33.4799   5.78618
41   29.9996   5.47719
41.02   22.943   4.78989
41.04   16.9731   4.4
41.06   13.0573   4.4
41.08   10.7548   4.4
41.1   9.46721   4.4
41.12   8.7527   4.4
41.14   8.35547   4.4
41.16   8.14511   4.4
41.18   8.05595   4.4
41.2   8.05218   4.4
41.22   8.11234   4.4
41.24   8.22281   4.4
41.26   8.37469   4.4
41.28   8.56212   4.4
41.3   8.78132   4.4
41.32   9.02991   4.4
41.34   9.30654   4.4
41.36   9.61067   4.4
41.38   9.94235   4.4
41.4   10.3021   4.4
41.42   10.691   4.4
41.44   11.1103   4.4
41.46   11.5619   4.4
41.48   12.0479   4.4
41.5   12.5707   4.4
41.52   13.1334   4.4
41.54   13.7393   4.4
41.56   14.3923   4.4
41.58   15.0968   4.4
41.6   15.8578   4.4
41.62   16.6811   4.4
41.64   17.5733   4.4
41.66   18.5419   4.4
41.68   19.5956   4.42669
41.7   20.7443   4.55459
41.72   21.9995   4.69036
41.74   23.3747   4.83474
41.76   24.8854   4.98853
41.78   26.5499   5.15266
41.8   28.3896   5.32819
41.82   30.4301   5.51634
41.84   32.7016   5.71853
41.86   35.2406   5.93638
41.88   38.0912   6.17181
41.9   41.3073   6.42708
41.92   44.9554   6.70488
41.94   49.1185   7.00846
41.96   53.9026   7.34184
41.98   59.4459   7.71012
42   65.9378   8.12021
42.02   73.6528   8.58212
42.04   83.0039   9.11065
42.06   94.593   9.72589
42.08   113.657   10.661
42.1   132.124   11.4945
42.12   154.092   12.4134
42.14   177.314   13.3159
42.16   201.8   14.2056
42.18   232.931   15.2621
42.2   276.209   16.6195
42.22   337.151   18.3617
42.24   424.786   20.6103
42.26   557.022   23.6013
42.28   769.802   27.7453
42.3   1127.81   33.5828
42.32   1724.84   41.5312
42.34   2647.93   51.458
42.36   3823.41   61.8337
42.38   4636.27   68.0901
42.4   4252.89   65.2142
42.42   3108.29   55.752
42.44   2055.02   45.3324
42.46   1334.32   36.5283
42.48   892.742   29.8788
42.5   631.271   25.1251
42.52   472.226   21.7308
42.54   369.011   19.2097
42.56   297.483   17.2477
42.58   245.499   15.6684
42.6   206.499   14.3701
42.62   176.556   13.2875
42.64   153.139   12.3749
42.66   134.541   11.5992
42.68   119.58   10.9353
42.7   107.417   10.3642
42.72   97.4434   9.87134
42.74   89.212   9.44521
42.76   82.3879   9.07678
42.78   76.7179   8.75888
42.8   72.0082   8.48576
42.82   68.1094   8.25284
42.84   64.9059   8.05642
42.86   62.3084   7.89357
42.88   60.2478   7.76194
42.9   58.6718   7.65975
42.92   57.5418   7.58563
42.94   56.8308   7.53862
42.96   56.5222   7.51813
42.98   56.609   7.52389
43   57.0931   7.556
43.02   57.9859   7.61485
43.04   59.3087   7.70121
43.06   61.0933   7.81622
43.08   63.3843   7.96143
43.1   66.2413   8.13888
43.12   69.7419   8.35116
43.14   73.9867   8.60155
43.16   79.1055   8.89413
43.18   85.2664   9.23398
43.2   92.688   9.62746
43.22   101.658   10.0825
43.24   112.557   10.6093
43.26   125.9   11.2205
43.28   142.389   11.9327
43.3   163.005   12.7674
43.32   189.142   13.7529
43.34   222.835   14.9277
43.36   267.159   16.345
43.38   327.028   18.0839
43.4   411.038   20.2741
43.42   535.779   23.1469
43.44   734.282   27.0976
43.46   1066.94   32.6641
43.48   1624.46   40.3046
43.5   2499.61   49.9961
43.52   3658.95   60.4892
43.54   4580.86   67.682
43.56   4369.32   66.1008
43.58   3267.71   57.1639
43.6   2176.33   46.6511
43.62   1410.83   37.561
43.64   936.965   30.6099
43.66   655.932   25.6112
43.68   485.927   22.0437
43.7   376.468   19.4028
43.72   301.045   17.3506
43.74   246.36   15.6959
43.76   205.327   14.3292
43.78   173.754   13.1816
43.8   148.964   12.2051
43.82   129.157   11.3647
43.84   113.09   10.6344
43.86   95.4732   9.77104
43.88   84.602   9.19793
43.9   75.476   8.68769
43.92   67.7429   8.23061
43.94   61.1343   7.81884
43.96   55.4433   7.44602
43.98   50.5083   7.10692
44   46.2565   6.80121
44.02   42.4776   6.51749
44.04   39.1431   6.25644
44.06   36.1861   6.01549
44.08   33.5519   5.7924
44.1   31.1954   5.58528
44.12   29.079   5.39249
44.14   27.1712   5.2126
44.16   25.4457   5.04437
44.18   23.88   4.88672
44.2   22.4551   4.73869
44.22   21.1547   4.59943
44.24   19.9648   4.4682
44.26   18.8732   4.4
44.28   17.8695   4.4
44.3   16.9446   4.4
44.32   16.0905   4.4
44.34   15.3003   4.4
44.36   14.5677   4.4
44.38   13.8875   4.4
44.4   13.2547   4.4
44.42   12.6653   4.4
44.44   12.1153   4.4
44.46   11.6014   4.4
44.48   11.1207   4.4
44.5   10.6704   4.4
44.52   10.2482   4.4
44.54   9.85177   4.4
44.56   9.47926   4.4
44.58   9.12889   4.4
44.6   8.79908   4.4
44.62   8.48839   4.4
44.64   8.19553   4.4
44.66   7.91932   4.4
44.68   7.65873   4.4
44.7   7.41279   4.4
44.72   7.18066   4.4
44.74   6.96156   4.4
44.76   6.75483   4.4
44.78   6.55986   4.4
44.8   6.37612   4.4
44.82   6.20316   4.4
44.84   6.04061   4.4
44.86   5.88817   4.4
44.88   5.74561   4.4
44.9   5.6128   4.4
44.92   5.48969   4.4
44.94   5.37633   4.4
44.96   5.2729   4.4
44.98   5.1797   4.4
45   5.0972   4.4
45.02   0.60504   4.4
45.04   0.663724   4.4
45.06   0.731329   4.4
45.08   0.809748   4.4
45.1   0.901398   4.4
45.12   1.00941   4.4
45.14   1.13788   4.4
45.16   1.29228   4.4
45.18   1.47998   4.4
45.2   1.71117   4.4
45.22   2.00014   4.4
45.24   2.3675   4.4
45.26   2.84379   4.4
45.28   3.47633   4.4
45.3   4.34402   4.4
45.32   5.59265   4.4
45.34   7.51194   4.4
45.36   10.6618   4.4
45.38   15.9786   4.4
45.4   24.6636   4.96624
45.42   37.3887   6.11463
45.44   51.3288   7.16441
45.46   56.2258   7.49838
45.48   46.5393   6.82197
45.5   32.2622   5.67998
45.52   20.9924   4.58175
45.54   13.6887   4.4
45.56   9.30468   4.4
45.58   6.69721   4.4
45.6   5.0733   4.4
45.62   3.98911   4.4
45.64   3.22054   4.4
45.66   2.65273   4.4
45.68   2.22107   4.4
45.7   1.88558   4.4
45.72   1.61995   4.4
45.74   1.40623   4.4
45.76   1.23184   4.4
45.78   1.08775   4.4
45.8   0.967388   4.4
45.82   0.865837   4.4
45.84   0.779393   4.4
45.86   0.705218   4.4
45.88   0.641104   4.4
45.9   0.585318   4.4
45.92   0.536483   4.4
45.94   0.493494   4.4
45.96   0.455456   4.4
45.98   0.421641   4.4
46   0.391446   4.4
46.02   0.364375   4.4
46.04   0.340011   4.4
46.06   0.318006   4.4
46.08   0.298066   4.4
46.1   0.279941   4.4
46.12   0.263417   4.4
46.14   0.248312   4.4
46.16   0.234468   4.4
46.18   0.221748   4.4
46.2   0.210035   4.4
46.22   0.199224   4.4
46.24   0.189226   4.4
46.26   0.179961   4.4
46.28   0.17136   4.4
46.3   0.16336   4.4
46.32   0.155907   4.4
46.34   0.318417   4.4
46.36   0.31667   4.4
46.38   0.315541   4.4
46.4   0.315008   4.4
46.42   0.315053   4.4
46.44   0.315659   4.4
46.46   0.316817   4.4
46.48   0.31852   4.4
46.5   0.320763   4.4
46.52   0.323546   4.4
46.54   0.326871   4.4
46.56   0.330745   4.4
46.58   0.335174   4.4
46.6   0.340173   4.4
46.62   0.345755   4.4
46.64   0.351939   4.4
46.66   0.358748   4.4
46.68   0.366206   4.4
46.7   0.374343   4.4
46.72   0.383194   4.4
46.74   0.392796   4.4
46.76   0.403192   4.4
46.78   0.414433   4.4
46.8   0.426571   4.4
46.82   0.439669   4.4
46.84   0.453796   4.4
46.86   0.469028   4.4
46.88   0.485452   4.4
46.9   0.503165   4.4
46.92   0.467871   4.4
46.94   0.489956   4.4
46.96   0.513641   4.4
46.98   0.539083   4.4
47   0.566461   4.4
47.02   0.595975   4.4
47.04   0.627854   4.4
47.06   0.662357   4.4
47.08   0.699779   4.4
47.1   0.740459   4.4
47.12   0.784785   4.4
47.14   0.833206   4.4
47.16   0.886241   4.4
47.18   0.944493   4.4
47.2   1.00867   4.4
47.22   1.0796   4.4
47.24   1.15826   4.4
47.26   1.24581   4.4
47.28   1.34364   4.4
47.3   1.45343   4.4
47.32   1.57719   4.4
47.34   1.71739   4.4
47.36   1.87705   4.4
47.38   2.05995   4.4
47.4   2.27078   4.4
47.42   2.51551   4.4
47.44   2.80175   4.4
47.46   3.13937   4.4
47.48   3.54132   4.4
47.5   4.02489   4.4
47.52   4.61347   4.4
47.54   5.33935   4.4
47.56   6.24807   4.4
47.58   7.40531   4.4
47.6   8.90881   4.4
47.62   10.9108   4.4
47.64   13.6675   4.4
47.66   17.6569   4.4
47.68   23.8309   4.88169
47.7   34.013   5.83206
47.72   51.1942   7.15501
47.74   79.0733   8.89232
47.76   119.25   10.9202
47.78   161.144   12.6943
47.8   171.771   13.1061
47.82   138.955   11.7879
47.84   95.3573   9.76511
47.86   61.918   7.8688
47.88   40.4807   6.36245
47.9   27.66   5.25928
47.92   20.0167   4.474
47.94   15.2265   4.4
47.96   12.0075   4.4
47.98   9.71481   4.4
48   8.01563   4.4
48.02   6.72086   4.4
48.04   5.71263   4.4
48.06   4.91304   4.4
48.08   4.2688   4.4
48.1   3.74244   4.4
48.12   3.30708   4.4
48.14   2.94302   4.4
48.16   2.63559   4.4
48.18   2.37369   4.4
48.2   2.14879   4.4
48.22   1.95427   4.4
48.24   1.78491   4.4
48.26   1.63658   4.4
48.28   1.50593   4.4
48.3   1.39028   4.4
48.32   1.28742   4.4
48.34   1.19554   4.4
48.36   1.11313   4.4
48.38   1.03893   4.4
48.4   0.971903   4.4
48.42   0.911143   4.4
48.44   0.855897   4.4
48.46   0.805519   4.4
48.48   0.759453   4.4
48.5   0.717223   4.4
48.52   0.678414   4.4
48.54   0.642668   4.4
48.56   0.60967   4.4
48.58   0.579147   4.4
48.6   0.550857   4.4
48.62   0.524588   4.4
48.64   0.500153   4.4
48.66   0.477383   4.4
48.68   0.456133   4.4
48.7   0.436269   4.4
48.72   0.417673   4.4
48.74   0.400241   4.4
48.76   0.383877   4.4
48.78   0.862377   4.4
48.8   0.861624   4.4
48.82   0.862288   4.4
48.84   0.864337   4.4
48.86   0.867749   4.4
48.88   0.872512   4.4
48.9   0.878619   4.4
48.92   0.88607   4.4
48.94   0.894874   4.4
48.96   0.905044   4.4
48.98   0.916605   4.4
49   0.929583   4.4
49.02   0.944017   4.4
49.04   0.95995   4.4
49.06   0.977434   4.4
49.08   0.996531   4.4
49.1   1.01731   4.4
49.12   1.03984   4.4
49.14   1.08686   4.4
49.16   1.11382   4.4
49.18   1.14287   4.4
49.2   1.17414   4.4
49.22   1.20776   4.4
49.24   1.24389   4.4
49.26   1.11583   4.4
49.28   1.162   4.4
49.3   1.2111   4.4
49.32   1.26338   4.4
49.34   1.31912   4.4
49.36   1.37864   4.4
49.38   1.44228   4.4
49.4   1.51043   4.4
49.42   1.58354   4.4
49.44   1.66209   4.4
49.46   1.74664   4.4
49.48   1.83782   4.4
49.5   1.93632   4.4
49.52   2.04298   4.4
49.54   2.1587   4.4
49.56   2.28454   4.4
49.58   2.42172   4.4
49.6   2.57165   4.4
49.62   2.73595   4.4
49.64   2.91652   4.4
49.66   3.11557   4.4
49.68   3.33573   4.4
49.7   3.58007   4.4
49.72   3.85226   4.4
49.74   4.15671   4.4
49.76   4.4987   4.4
49.78   4.88466   4.4
49.8   5.32243   4.4
49.82   5.82172   4.4
49.84   6.39454   4.4
49.86   7.05603   4.4
49.88   7.82539   4.4
49.9   8.72728   4.4
49.92   9.79375   4.4
49.94   11.0671   4.4
49.96   12.604   4.4
49.98   14.4817   4.4
50   16.8075   4.4
50.02   19.7336   4.44226
50.04   23.482   4.84582
50.06   28.3868   5.32792
50.08   34.9799   5.91438
50.1   44.1868   6.64731
50.12   57.7864   7.60174
50.14   79.3238   8.90639
50.16   115.326   10.739
50.18   175.714   13.2557
50.2   270.948   16.4605
50.22   398.709   19.9677
50.24   504.808   22.4679
50.26   488.428   22.1004
50.28   368.547   19.1976
50.3   246.214   15.6912
50.32   159.614   12.6339
50.34   105.85   10.2883
50.36   74.0079   8.60279
50.38   54.8641   7.40703
50.4   42.671   6.5323
50.42   34.4035   5.86545
50.44   28.5613   5.34427
50.46   24.3761   4.93722
50.48   21.4495   4.63136
50.5   19.6316   4.43076
50.52   19.0054   4.4
50.54   19.8747   4.4581
50.56   22.6312   4.75723
50.58   27.1994   5.2153
50.6   31.3295   5.59728
50.62   30.2907   5.5037
50.64   24.2551   4.92495
50.66   17.8924   4.4
50.68   13.2108   4.4
50.7   10.1449   4.4
50.72   8.18716   4.4
50.74   6.89173   4.4
50.76   5.97329   4.4
50.78   5.27754   4.4
50.8   4.72518   4.4
50.82   4.2729   4.4
50.84   3.89442   4.4
50.86   3.57231   4.4
50.88   3.29443   4.4
50.9   3.052   4.4
50.92   2.83849   4.4
50.94   2.64896   4.4
50.96   2.47956   4.4
50.98   2.32726   4.4
51   2.18961   4.4
51.02   2.06463   4.4
51.04   1.95071   4.4
51.06   1.84647   4.4
51.08   1.75078   4.4
51.1   1.66268   4.4
51.12   1.58133   4.4
51.14   1.50604   4.4
51.16   1.43618   4.4
51.18   1.37123   4.4
51.2   1.31071   4.4
51.22   1.25422   4.4
51.24   1.2014   4.4
51.26   1.15192   4.4
51.28   1.10551   4.4
51.3   1.06189   4.4
51.32   1.02086   4.4
51.34   1.11362   4.4
51.36   1.0808   4.4
51.38   1.05017   4.4
51.4   1.02157   4.4
51.42   0.994879   4.4
51.44   0.969989   4.4
51.46   0.946794   4.4
51.48   0.925204   4.4
51.5   0.905137   4.4
51.52   0.886521   4.4
51.54   0.869291   4.4
51.56   0.85339   4.4
51.58   0.83877   4.4
51.6   0.825386   4.4
51.62   0.813202   4.4
51.64   0.802187   4.4
51.66   0.792317   4.4
51.68   0.783572   4.4
51.7   0.775938   4.4
51.72   0.278558   4.4
51.74   0.286182   4.4
51.76   0.294398   4.4
51.78   0.303239   4.4
51.8   0.312747   4.4
51.82   0.322966   4.4
51.84   0.333948   4.4
51.86   0.345748   4.4
51.88   0.358431   4.4
51.9   0.372066   4.4
51.92   0.386735   4.4
51.94   0.402525   4.4
51.96   0.419537   4.4
51.98   0.437885   4.4
52   0.457695   4.4
52.02   1.9923   4.4
52.04   2.05745   4.4
52.06   2.12632   4.4
52.08   2.19923   4.4
52.1   2.25453   4.4
52.12   2.33718   4.4
52.14   2.42504   4.4
52.16   2.5186   4.4
52.18   2.61844   4.4
52.2   2.72522   4.4
52.22   2.83968   4.4
52.24   2.9627   4.4
52.26   3.09529   4.4
52.28   3.23862   4.4
52.3   3.3941   4.4
52.32   3.56335   4.4
52.34   3.74835   4.4
52.36   3.95148   4.4
52.38   4.17559   4.4
52.4   4.42422   4.4
52.42   4.70174   4.4
52.44   5.01364   4.4
52.46   5.36688   4.4
52.48   5.77041   4.4
52.5   6.23594   4.4
52.52   6.77901   4.4
52.54   7.42062   4.4
52.56   8.18975   4.4
52.58   9.12728   4.4
52.6   10.2924   4.4
52.62   11.7738   4.4
52.64   13.7118   4.4
52.66   16.349   4.4
52.68   20.1495   4.48882
52.7   26.037   5.10265
52.72   35.7196   5.97659
52.74   51.8156   7.19831
52.76   77.1404   8.78296
52.78   111.327   10.5512
52.8   140.63   11.8587
52.82   138.008   11.7477
52.84   106.976   10.3429
52.86   74.618   8.63817
52.88   51.7298   7.19234
52.9   37.7278   6.14229
52.92   29.7224   5.45182
52.94   25.2344   5.02338
52.96   22.7105   4.76556
52.98   21.3348   4.61896
53   20.7075   4.55055
53.02   20.6279   4.54179
53.04   20.9906   4.58155
53.06   21.7424   4.66287
53.08   22.8642   4.78165
53.1   24.3631   4.9359
53.12   26.2692   5.12535
53.14   28.6361   5.35127
53.16   31.5441   5.61641
53.18   35.1073   5.92514
53.2   39.4841   6.28364
53.22   45.1431   6.71886
53.24   51.9035   7.20441
53.26   60.447   7.77477
53.28   71.4146   8.45072
53.3   85.7685   9.26113
53.32   105.027   10.2483
53.34   131.793   11.4801
53.36   171.011   13.0771
53.38   232.549   15.2496
53.4   334.926   18.301
53.42   507.313   22.5236
53.44   782.972   27.9816
53.46   1165.89   34.1451
53.48   1522.1   39.014
53.5   1537.44   39.2102
53.52   1194.11   34.5558
53.54   806.13   28.3924
53.56   522.448   22.8571
53.58   343.93   18.5453
53.6   237.735   15.4187
53.62   174.046   13.1927
53.64   133.625   11.5596
53.66   106.131   10.302
53.68   86.381   9.29414
53.7   71.6618   8.46533
53.72   60.4006   7.77178
53.74   51.604   7.18359
53.76   44.6109   6.67914
53.78   38.9661   6.24228
53.8   34.3487   5.86078
53.82   30.5274   5.52516
53.84   27.3322   5.22803
53.86   24.6364   4.96351
53.88   22.3436   4.7269
53.9   20.3799   4.51441
53.92   18.6878   4.4
53.94   17.2221   4.4
53.96   15.9468   4.4
53.98   14.8333   4.4
54   13.8582   4.4
54.02   13.0029   4.4
54.04   12.2522   4.4
54.06   11.5935   4.4
54.08   11.0169   4.4
54.1   10.5141   4.4
54.12   10.0787   4.4
54.14   9.70559   4.4
54.16   9.39111   4.4
54.18   9.13273   4.4
54.2   8.9291   4.4
54.22   8.78011   4.4
54.24   8.68694   4.4
54.26   8.65222   4.4
54.28   8.6803   4.4
54.3   8.65025   4.4
54.32   8.82925   4.4
54.34   9.099   4.4
54.36   9.47668   4.4
54.38   9.98581   4.4
54.4   10.6588   4.4
54.42   11.541   4.4
54.44   12.6967   4.4
54.46   14.2189   4.4
54.48   16.2464   4.4
54.5   18.9948   4.4
54.52   22.8253   4.77758
54.54   28.4073   5.32985
54.56   37.073   6.08876
54.58   51.3915   7.16878
54.6   75.6368   8.69694
54.62   115.237   10.7348
54.64   173.046   13.1547
54.66   235.553   15.3477
54.68   255.787   15.9933
54.7   210.674   14.5146
54.72   146.234   12.0927
54.74   95.7794   9.7867
54.76   63.1619   7.94744
54.78   43.5815   6.60163
54.8   31.9062   5.64856
54.82   24.6025   4.96009
54.84   19.7009   4.43857
54.86   21.2156   4.60604
54.88   18.7634   4.4
54.9   16.9283   4.4
54.92   15.5319   4.4
54.94   14.4571   4.4
54.96   13.624   4.4
54.98   11.501   4.4
55   11.0381   4.4
55.02   10.6902   4.4
55.04   10.4361   4.4
55.06   10.2597   4.4
55.08   10.1488   4.4
55.1   10.0944   4.4
55.12   10.0893   4.4
55.14   10.1283   4.4
55.16   10.2072   4.4
55.18   10.3231   4.4
55.2   10.4737   4.4
55.22   10.6576   4.4
55.24   10.8737   4.4
55.26   11.1216   4.4
55.28   11.4013   4.4
55.3   11.7131   4.4
55.32   12.0579   4.4
55.34   12.4368   4.4
55.36   12.8511   4.4
55.38   13.3028   4.4
55.4   13.794   4.4
55.42   14.3275   4.4
55.44   14.9062   4.4
55.46   15.5336   4.4
55.48   16.214   4.4
55.5   16.9519   4.4
55.52   17.7526   4.4
55.54   18.6224   4.4
55.56   19.5682   4.42359
55.58   20.598   4.5385
55.6   21.7212   4.6606
55.62   22.9484   4.79044
55.64   24.2918   4.92868
55.66   25.7659   5.07601
55.68   27.3873   5.23328
55.7   29.1753   5.40141
55.72   31.1528   5.58147
55.74   33.3468   5.77467
55.76   35.7893   5.98242
55.78   39.7356   6.30362
55.8   42.8309   6.54453
55.82   46.3154   6.80554
55.84   50.2566   7.08919
55.86   54.7371   7.39846
55.88   59.8596   7.7369
55.9   65.7517   8.10874
55.92   72.5748   8.51908
55.94   80.5345   8.9741
55.96   89.8962   9.48136
55.98   101.007   10.0502
56   114.327   10.6924
56.02   130.478   11.4227
56.04   150.311   12.2601
56.06   175.02   13.2295
56.08   206.315   14.3637
56.1   246.717   15.7072
56.12   300.089   17.3231
56.14   372.525   19.3009
56.16   476.001   21.8175
56.18   632.91   25.1577
56.2   887.651   29.7935
56.22   1317.17   36.2929
56.24   2026.63   45.0182
56.26   3096.24   55.6439
56.28   4368.07   66.0914
56.3   5038.48   70.9823
56.32   4377.58   66.1633
56.34   3106.61   55.737
56.36   2034.43   45.1047
56.38   1322.57   36.3671
56.4   891.512   29.8582
56.42   635.995   25.2189
56.44   478.794   21.8814
56.46   375.286   19.3723
56.48   302.705   17.3984
56.5   249.512   15.796
56.52   209.344   14.4687
56.54   178.325   13.3538
56.56   153.93   12.4069
56.58   134.447   11.5951
56.6   118.683   10.8942
56.62   105.787   10.2853
56.64   95.1416   9.75405
56.66   86.2909   9.28929
56.68   78.8938   8.88222
56.7   72.6919   8.52595
56.72   67.4883   8.21513
56.74   63.1324   7.94559
56.76   59.5091   7.71421
56.78   56.5317   7.51876
56.8   54.1367   7.35777
56.82   52.2804   7.23052
56.84   50.9371   7.13702
56.86   50.098   7.078
56.88   49.7724   7.05496
56.9   49.989   7.07029
56.92   50.7999   7.12741
56.94   52.2868   7.23096
56.96   54.5701   7.38716
56.98   57.8241   7.60421
57   62.2999   7.89303
57.02   68.362   8.26813
57.04   76.5493   8.74925
57.06   87.6809   9.36381
57.08   103.069   10.1523
57.1   125.007   11.1806
57.12   157.918   12.5665
57.14   210.621   14.5128
57.16   299.322   17.3009
57.18   448.569   21.1794
57.2   683.993   26.1533
57.22   998.819   31.6041
57.24   1256.7   35.4499
57.26   1210.25   34.7887
57.28   912.548   30.2084
57.3   611.908   24.7368
57.32   399.419   19.9855
57.34   267.433   16.3534
57.36   189.017   13.7483
57.38   141.552   11.8975
57.4   110.979   10.5347
57.42   89.888   9.48093
57.44   74.5627   8.63497
57.46   63.0282   7.93903
57.48   54.1208   7.35669
57.5   47.0974   6.86275
57.52   41.4598   6.43893
57.54   36.8635   6.07153
57.56   33.0645   5.75017
57.58   29.886   5.46681
57.6   27.1979   5.21516
57.62   24.9023   4.99022
57.64   22.925   4.788
57.66   21.2084   4.60526
57.68   19.7077   4.43933
57.7   18.3874   4.4
57.72   17.219   4.4
57.74   16.1799   4.4
57.76   10.3788   4.4
57.78   9.67602   4.4
57.8   9.05073   4.4
57.82   8.4927   4.4
57.84   7.99341   4.4
57.86   7.54572   4.4
57.88   7.14363   4.4
57.9   6.78207   4.4
57.92   6.45675   4.4
57.94   6.16403   4.4
57.96   5.90083   4.4
57.98   5.66454   4.4
58   5.45295   4.4
58.02   5.26422   4.4
58.04   5.09684   4.4
58.06   4.94955   4.4
58.08   4.82139   4.4
58.1   4.71163   4.4
58.12   4.6198   4.4
58.14   4.54566   4.4
58.16   4.48921   4.4
58.18   4.45072   4.4
58.2   4.43074   4.4
58.22   4.43013   4.4
58.24   4.45014   4.4
58.26   4.49241   4.4
58.28   4.55913   4.4
58.3   4.6531   4.4
58.32   4.77789   4.4
58.34   4.93811   4.4
58.36   5.13958   4.4
58.38   5.38984   4.4
58.4   5.69859   4.4
58.42   6.07851   4.4
58.44   6.5463   4.4
58.46   7.12431   4.4
58.48   7.84285   4.4
58.5   8.74377   4.4
58.52   9.88599   4.4
58.54   11.3544   4.4
58.56   13.2751   4.4
58.58   15.8432   4.4
58.6   19.3844   4.40277
58.62   24.4998   4.94973
58.64   32.3847   5.69076
58.66   45.3493   6.73419
58.68   67.2612   8.20129
58.7   103.087   10.1532
58.72   154.422   12.4267
58.74   212.127   14.5646
58.76   232.619   15.2519
58.78   192.728   13.8827
58.8   133.662   11.5612
58.82   86.9796   9.32628
58.84   56.7118   7.53073
58.86   38.541   6.20814
58.88   27.7345   5.26635
58.9   21.0059   4.58322
58.92   16.5149   4.4
58.94   13.3318   4.4
58.96   10.9805   4.4
58.98   9.19321   4.4
59   7.80418   4.4
59.02   6.70448   4.4
59.04   5.81974   4.4
59.06   5.09785   4.4
59.08   4.50144   4.4
59.1   4.00323   4.4
59.12   3.58291   4.4
59.14   3.22513   4.4
59.16   2.91814   4.4
59.18   2.65279   4.4
59.2   2.42192   4.4
59.22   2.21982   4.4
59.24   2.04191   4.4
59.26   1.8845   4.4
59.28   1.74457   4.4
59.3   1.61962   4.4
59.32   2.06718   4.4
59.34   1.98187   4.4
59.36   1.90699   4.4
59.38   1.84133   4.4
59.4   1.78392   4.4
59.42   1.73391   4.4
59.44   1.69059   4.4
59.46   1.65335   4.4
59.48   1.62169   4.4
59.5   1.59518   4.4
59.52   1.57345   4.4
59.54   1.55618   4.4
59.56   1.54313   4.4
59.58   1.53409   4.4
59.6   1.52888   4.4
59.62   1.52737   4.4
59.64   1.52946   4.4
59.66   1.53508   4.4
59.68   1.54419   4.4
59.7   1.55677   4.4
59.72   1.57284   4.4
59.74   1.59244   4.4
59.76   1.61563   4.4
59.78   1.64251   4.4
59.8   1.6732   4.4
59.82   1.70785   4.4
59.84   1.74664   4.4
59.86   1.78979   4.4
59.88   1.83756   4.4
59.9   1.89023   4.4
59.92   1.94814   4.4
59.94   2.01168   4.4
59.96   2.08129   4.4
59.98   2.15747   4.4
60   2.24082   4.4
60.02   2.33198   4.4
60.04   2.43171   4.4
60.06   2.54088   4.4
60.08   2.66049   4.4
60.1   2.79167   4.4
60.12   2.93575   4.4
60.14   3.09426   4.4
60.16   3.26898   4.4
60.18   3.46197   4.4
60.2   3.67567   4.4
60.22   3.68787   4.4
60.24   3.95811   4.4
60.26   4.25907   4.4
60.28   4.5956   4.4
60.3   4.9735   4.4
60.32   5.39982   4.4
60.34   5.88315   4.4
60.36   6.43408   4.4
60.38   7.06577   4.4
60.4   7.79471   4.4
60.42   8.6418   4.4
60.44   9.63384   4.4
60.46   10.8056   4.4
60.48   12.2028   4.4
60.5   13.8867   4.4
60.52   15.9402   4.4
60.54   18.4785   4.4
60.56   21.6641   4.65447
60.58   25.7329   5.07276
60.6   31.0376   5.57114
60.62   38.1331   6.1752
60.64   47.9677   6.92587
60.66   62.337   7.89538
60.68   84.8243   9.21001
60.7   122.177   11.0533
60.72   185.089   13.6047
60.74   285.921   16.9092
60.76   426.825   20.6598
60.78   560.43   23.6734
60.8   570.754   23.8905
60.82   445.84   21.1149
60.84   301.569   17.3657
60.86   195.376   13.9777
60.88   128.376   11.3303
60.9   88.4933   9.40709
60.92   64.5986   8.03732
60.94   49.4625   7.03296
60.96   39.1851   6.2598
60.98   31.811   5.64012
61   26.3186   5.13017
61.02   22.1179   4.70297
61.04   18.8368   4.4
61.06   16.2278   4.4
61.08   14.1208   4.4
61.1   12.3959   4.4
61.12   10.9666   4.4
61.14   9.76948   4.4
61.16   8.75709   4.4
61.18   7.89351   4.4
61.2   7.15107   4.4
61.22   6.50822   4.4
61.24   5.94798   4.4
61.26   5.45684   4.4
61.28   7.34588   4.4
61.3   7.02677   4.4
61.32   6.75255   4.4
61.34   6.54762   4.4
61.36   6.34768   4.4
61.38   6.17816   4.4
61.4   6.03578   4.4
61.42   5.91781   4.4
61.44   5.82199   4.4
61.46   5.74643   4.4
61.48   5.68954   4.4
61.5   5.65005   4.4
61.52   5.62689   4.4
61.54   5.6192   4.4
61.56   5.6263   4.4
61.58   5.64767   4.4
61.6   5.68293   4.4
61.62   5.73185   4.4
61.64   5.7943   4.4
61.66   5.87028   4.4
61.68   5.95989   4.4
61.7   6.06336   4.4
61.72   6.18102   4.4
61.74   6.3133   4.4
61.76   6.46077   4.4
61.78   6.6241   4.4
61.8   6.80411   4.4
61.82   7.00174   4.4
61.84   7.21809   4.4
61.86   7.45444   4.4
61.88   7.71224   4.4
61.9   7.99314   4.4
61.92   8.29905   4.4
61.94   8.63213   4.4
61.96   8.99484   4.4
61.98   9.39   4.4
62   9.8208   4.4
62.02   10.2909   4.4
62.04   10.8046   4.4
62.06   11.3667   4.4
62.08   11.9827   4.4
62.1   12.6593   4.4
62.12   13.4037   4.4
62.14   14.2249   4.4
62.16   15.1332   4.4
62.18   16.1405   4.4
62.2   17.2612   4.4
62.22   18.5123   4.4
62.24   19.9142   4.46254
62.26   21.4915   4.63589
62.28   22.7272   4.7673
62.3   24.7652   4.97647
62.32   27.0889   5.2047
62.34   29.7538   5.4547
62.36   32.8299   5.72974
62.38   36.4058   6.03372
62.4   40.595   6.37142
62.42   45.545   6.7487
62.44   51.4502   7.17288
62.46   58.5702   7.65312
62.48   67.2582   8.20111
62.5   78.0038   8.83198
62.52   91.4999   9.56556
62.54   108.752   10.4284
62.56   131.268   11.4572
62.58   161.428   12.7054
62.6   203.317   14.2589
62.62   264.708   16.2698
62.64   361.101   19.0027
62.66   521.492   22.8362
62.68   791.298   28.13
62.7   1221.74   34.9534
62.72   1816.55   42.621
62.74   2361.25   48.5927
62.76   2372.73   48.7106
62.78   1841.64   42.9143
62.8   1245.82   35.2961
62.82   808.34   28.4313
62.84   532.143   23.0682
62.86   367.509   19.1705
62.88   268.644   16.3904
62.9   205.881   14.3485
62.92   163.209   12.7753
62.94   132.57   11.5139
62.96   109.737   10.4756
62.98   92.2654   9.60549
63   78.6117   8.86633
63.02   67.7502   8.23105
63.04   58.9751   7.67953
63.06   51.7887   7.19643
63.08   45.832   6.76993
63.1   40.8415   6.39073
63.12   36.6202   6.05146
63.14   33.0186   5.74618
63.16   29.9216   5.47007
63.18   27.2398   5.21918
63.2   24.9023   4.99022
63.22   22.853   4.78048
63.24   21.0465   4.58765
63.26   19.4461   4.40978
63.28   18.0218   4.4
63.3   16.7488   4.4
63.32   15.6064   4.4
63.34   14.5775   4.4
63.36   13.6477   4.4
63.38   12.8047   4.4
63.4   12.0382   4.4
63.42   11.3392   4.4
63.44   10.7001   4.4
63.46   10.1145   4.4
63.48   9.57657   4.4
63.5   9.08143   4.4
63.52   8.62476   4.4
63.54   8.20284   4.4
63.56   7.81236   4.4
63.58   7.45044   4.4
63.6   7.11454   4.4
63.62   6.80243   4.4
63.64   6.51215   4.4
63.66   6.24195   4.4
63.68   6.5634   4.4
63.7   6.34525   4.4
63.72   6.1439   4.4
63.74   5.95842   4.4
63.76   5.78805   4.4
63.78   5.63218   4.4
63.8   5.49039   4.4
63.82   5.36245   4.4
63.84   5.24833   4.4
63.86   5.14828   4.4
63.88   5.06284   4.4
63.9   4.99299   4.4
63.92   4.94025   4.4
63.94   4.90693   4.4
63.96   4.89644   4.4
63.98   4.91388   4.4
64   4.96691   4.4
64.02   5.06746   4.4
64.04   5.23529   4.4
64.06   5.50631   4.4
64.08   5.95157   4.4
64.1   8.32338   4.4
64.12   9.68243   4.4
64.14   11.9293   4.4
64.16   15.3165   4.4
64.18   19.3487   4.4
64.2   21.5017   4.63699
64.22   19.4789   4.41349
64.24   13.2554   4.4
64.26   10.0159   4.4
64.28   7.91697   4.4
64.3   6.70953   4.4
64.32   6.06342   4.4
64.34   5.73666   4.4
64.36   5.58988   4.4
64.38   5.55255   4.4
64.4   5.58956   4.4
64.42   5.68226   4.4
64.44   5.82   4.4
64.46   5.99658   4.4
64.48   6.2086   4.4
64.5   6.45461   4.4
64.52   6.73458   4.4
64.54   7.04962   4.4
64.56   7.40188   4.4
64.58   7.79446   4.4
64.6   8.23149   4.4
64.62   8.71822   4.4
64.64   9.26115   4.4
64.66   9.86835   4.4
64.68   10.5498   4.4
64.7   11.3178   4.4
64.72   12.1876   4.4
64.74   13.1786   4.4
64.76   14.315   4.4
64.78   15.6281   4.4
64.8   17.1584   4.4
64.82   18.9592   4.4
64.84   21.1018   4.59367
64.86   23.6833   4.86655
64.88   26.8388   5.18062
64.9   30.7603   5.5462
64.92   35.7285   5.97733
64.94   42.1699   6.49383
64.96   50.775   7.12566
64.98   62.776   7.92313
65   80.5824   8.97677
65.02   108.944   10.4376
65.04   156.25   12.5
65.06   234.365   15.309
65.08   353.53   18.8024
65.1   501.111   22.3855
65.12   593.892   24.3699
65.14   535.531   23.1415
65.16   393.118   19.8272
65.18   267.582   16.3579
65.2   183.835   13.5586
65.22   134.152   11.5824
65.24   106.399   10.315
65.26   91.7268   9.57741
65.28   84.1448   9.17305
65.3   81.7125   9.0395
65.32   82.7023   9.09408
65.34   87.1169   9.33364
65.36   95.1667   9.75534
65.38   107.564   10.3713
65.4   125.703   11.2117
65.42   152.173   12.3359
65.44   192.046   13.8581
65.46   255.573   15.9866
65.48   362.139   19.03
65.5   542.526   23.2922
65.52   832.33   28.8501
65.54   1237.76   35.1819
65.56   1622.38   40.2788
65.58   1651.89   40.6435
65.6   1291.54   35.938
65.62   875.309   29.5856
65.64   568.848   23.8505
65.66   375.389   19.375
65.68   260.164   16.1296
65.7   191.065   13.8226
65.72   147.248   12.1346
65.74   117.463   10.838
65.76   96.0715   9.80161
65.78   80.1254   8.95128
65.8   67.9219   8.24147
65.82   58.3869   7.64113
65.84   50.806   7.12783
65.86   44.6879   6.6849
65.88   39.6862   6.2997
65.9   35.5512   5.96248
65.92   32.0997   5.66566
65.94   29.195   5.40324
65.96   26.7336   5.17045
65.98   24.6359   4.96346
66   22.8403   4.77916
66.02   21.2985   4.61503
66.04   19.9723   4.46903
66.06   18.8313   4.4
66.08   17.8516   4.4
66.1   17.0138   4.4
66.12   16.3027   4.4
66.14   15.7065   4.4
66.16   15.2159   4.4
66.18   14.8244   4.4
66.2   14.5274   4.4
66.22   14.3226   4.4
66.24   14.2096   4.4
66.26   14.1902   4.4
66.28   14.2685   4.4
66.3   14.4512   4.4
66.32   14.7479   4.4
66.34   15.1722   4.4
66.36   15.7421   4.4
66.38   16.4817   4.4
66.4   17.4233   4.4
66.42   18.6095   4.4
66.44   20.0981   4.48309
66.46   21.9676   4.68696
66.48   24.3264   4.93218
66.5   27.3271   5.22753
66.52   31.1897   5.58478
66.54   36.2407   6.02002
66.56   42.9885   6.55656
66.58   51.7288   7.19227
66.6   65.1818   8.07352
66.62   85.8326   9.26459
66.64   119.309   10.9229
66.66   174.557   13.212
66.68   262.446   16.2002
66.7   388.283   19.7049
66.72   515.376   22.7019
66.74   579.111   24.0647
66.76   571.88   23.914
66.78   495.359   22.2567
66.8   366.071   19.133
66.82   247.665   15.7374
66.84   165.613   12.8691
66.86   114.394   10.6955
66.88   83.2896   9.12631
66.9   63.9239   7.99524
66.92   51.1513   7.15201
66.94   42.2013   6.49626
66.96   35.6368   5.96966
66.98   30.67   5.53805
67   26.827   5.17948
67.02   23.8007   4.8786
67.04   21.3831   4.62419
67.06   17.8535   4.4
67.08   16.2999   4.4
67.1   15.0283   4.4
67.12   13.9825   4.4
67.14   13.1204   4.4
67.16   12.4098   4.4
67.18   11.8259   4.4
67.2   11.3495   4.4
67.22   10.9655   4.4
67.24   10.6622   4.4
67.26   10.4303   4.4
67.28   10.2626   4.4
67.3   10.1535   4.4
67.32   10.0988   4.4
67.34   10.0954   4.4
67.36   10.1412   4.4
67.38   10.235   4.4
67.4   10.3765   4.4
67.42   10.5661   4.4
67.44   10.8492   4.4
67.46   11.1403   4.4
67.48   11.4851   4.4
67.5   11.8874   4.4
67.52   12.3517   4.4
67.54   12.8836   4.4
67.56   13.4899   4.4
67.58   14.1791   4.4
67.6   14.9612   4.4
67.62   15.8485   4.4
67.64   16.8556   4.4
67.66   18.0004   4.4
67.68   19.3049   4.4
67.7   20.7957   4.56023
67.72   22.5057   4.74402
67.74   24.476   4.94732
67.76   26.7579   5.1728
67.78   29.4163   5.42368
67.8   32.5344   5.7039
67.82   36.2199   6.0183
67.84   40.6137   6.37289
67.86   45.9038   6.77523
67.88   52.344   7.23492
67.9   60.2845   7.76431
67.92   70.2169   8.37955
67.94   82.8493   9.10216
67.96   99.2302   9.96143
67.98   120.982   10.9992
68   150.806   12.2803
68.02   193.679   13.9168
68.04   259.484   16.1085
68.06   367.363   19.1667
68.08   549.476   23.4409
68.1   847.413   29.1104
68.12   1285.61   35.8554
68.14   1770.99   42.0831
68.16   1952.48   44.1869
68.18   1625.49   40.3174
68.2   1129.69   33.6108
68.22   735.688   27.1236
68.24   479.641   21.9007
68.26   325.492   18.0414
68.28   234.051   15.2987
68.3   177.195   13.3114
68.32   139.303   11.8026
68.34   112.48   10.6056
68.36   92.6867   9.62739
68.38   77.6565   8.81229
68.4   65.989   8.12336
68.42   56.7645   7.53422
68.44   49.3559   7.02537
68.46   43.3243   6.58212
68.48   38.3557   6.1932
68.5   34.2212   5.84989
68.52   30.7512   5.54538
68.54   27.8184   5.27432
68.56   25.3264   5.03253
68.58   23.2015   4.81679
68.6   21.3879   4.62471
68.62   19.8437   4.45463
68.64   18.5389   4.4
68.66   17.454   4.4
68.68   16.5809   4.4
68.7   15.924   4.4
68.72   16.133   4.4
68.74   16.0226   4.4
68.76   16.315   4.4
68.78   17.2463   4.4
68.8   19.2808   4.4
68.82   23.1902   4.81562
68.84   29.94   5.47175
68.86   39.9752   6.32259
68.88   50.629   7.11541
68.9   53.3089   7.3013
68.92   44.512   6.67173
68.94   32.7155   5.71975
68.96   23.5641   4.85429
68.98   17.6029   4.4
69   13.9494   4.4
69.02   11.6936   4.4
69.04   10.2164   4.4
69.06   9.17486   4.4
69.08   8.39568   4.4
69.1   7.78922   4.4
69.12   7.3043   4.4
69.14   6.90886   4.4
69.16   6.58158   4.4
69.18   6.30776   4.4
69.2   6.077   4.4
69.22   5.88179   4.4
69.24   5.71662   4.4
69.26   5.57739   4.4
69.28   5.46102   4.4
69.3   5.3652   4.4
69.32   5.2882   4.4
69.34   5.22878   4.4
69.36   5.18602   4.4
69.38   5.15936   4.4
69.4   5.14848   4.4
69.42   5.15331   4.4
69.44   5.17403   4.4
69.46   5.21102   4.4
69.48   5.2649   4.4
69.5   5.33651   4.4
69.52   5.42698   4.4
69.54   5.53768   4.4
69.56   5.67035   4.4
69.58   5.82706   4.4
69.6   6.01035   4.4
69.62   4.336   4.4
69.64   4.63269   4.4
69.66   4.96509   4.4
69.68   5.33865   4.4
69.7   5.75996   4.4
69.72   6.23703   4.4
69.74   6.77969   4.4
69.76   7.40004   4.4
69.78   8.11318   4.4
69.8   8.93807   4.4
69.82   9.89878   4.4
69.84   11.0262   4.4
69.86   12.3606   4.4
69.88   13.955   4.4
69.9   15.8803   4.4
69.92   18.2332   4.4
69.94   21.1481   4.59871
69.96   24.8153   4.9815
69.98   29.5119   5.43249
70   35.6545   5.97114
