1.54056
5   0   4.4
5.02   0   4.4
5.04   0   4.4
5.06   0   4.4
5.08   0   4.4
5.1   0   4.4
5.12   0   4.4
5.14   0   4.4
5.16   0   4.4
5.18   0   4.4
5.2   0   4.4
5.22   0   4.4
5.24   0   4.4
5.26   0   4.4
5.28   0   4.4
5.3   0   4.4
5.32   0   4.4
5.34   0   4.4
5.36   0   4.4
5.38   0   4.4
5.4   0   4.4
5.42   0   4.4
5.44   0   4.4
5.46   0   4.4
5.48   0   4.4
5.5   0   4.4
5.52   0   4.4
5.54   0   4.4
5.56   0   4.4
5.58   0   4.4
5.6   0   4.4
5.62   0   4.4
5.64   0   4.4
5.66   0   4.4
5.68   0   4.4
5.7   0   4.4
5.72   0   4.4
5.74   0   4.4
5.76   0   4.4
5.78   0   4.4
5.8   0   4.4
5.82   0   4.4
5.84   0   4.4
5.86   0   4.4
5.88   0   4.4
5.9   0   4.4
5.92   0   4.4
5.94   0   4.4
5.96   0   4.4
5.98   0   4.4
6   0   4.4
6.02   0   4.4
6.04   0   4.4
6.06   0   4.4
6.08   0   4.4
6.1   0   4.4
6.12   0   4.4
6.14   0   4.4
6.16   0   4.4
6.18   0   4.4
6.2   0   4.4
6.22   0   4.4
6.24   0   4.4
6.26   0   4.4
6.28   0   4.4
6.3   0   4.4
6.32   0   4.4
6.34   0   4.4
6.36   0   4.4
6.38   0   4.4
6.4   0   4.4
6.42   0   4.4
6.44   0   4.4
6.46   0   4.4
6.48   0   4.4
6.5   0   4.4
6.52   0   4.4
6.54   0   4.4
6.56   0   4.4
6.58   0   4.4
6.6   0   4.4
6.62   0   4.4
6.64   0   4.4
6.66   0   4.4
6.68   0   4.4
6.7   0   4.4
6.72   0   4.4
6.74   0   4.4
6.76   0   4.4
6.78   0   4.4
6.8   0   4.4
6.82   0   4.4
6.84   0   4.4
6.86   0   4.4
6.88   0   4.4
6.9   0   4.4
6.92   0   4.4
6.94   0   4.4
6.96   0   4.4
6.98   0   4.4
7   0   4.4
7.02   0   4.4
7.04   0   4.4
7.06   0   4.4
7.08   0   4.4
7.1   0   4.4
7.12   0   4.4
7.14   0   4.4
7.16   0   4.4
7.18   0   4.4
7.2   0   4.4
7.22   0   4.4
7.24   0   4.4
7.26   0   4.4
7.28   0   4.4
7.3   0   4.4
7.32   0   4.4
7.34   0   4.4
7.36   0   4.4
7.38   0   4.4
7.4   0   4.4
7.42   0   4.4
7.44   0   4.4
7.46   0   4.4
7.48   0   4.4
7.5   0   4.4
7.52   0   4.4
7.54   0   4.4
7.56   0   4.4
7.58   0   4.4
7.6   0   4.4
7.62   0   4.4
7.64   0   4.4
7.66   0   4.4
7.68   0   4.4
7.7   0   4.4
7.72   0   4.4
7.74   0   4.4
7.76   0   4.4
7.78   0   4.4
7.8   0   4.4
7.82   0   4.4
7.84   0   4.4
7.86   0   4.4
7.88   0   4.4
7.9   0   4.4
7.92   0   4.4
7.94   0   4.4
7.96   0   4.4
7.98   0   4.4
8   0   4.4
8.02   0   4.4
8.04   0   4.4
8.06   0   4.4
8.08   0   4.4
8.1   0   4.4
8.12   0   4.4
8.14   0   4.4
8.16   0   4.4
8.18   0   4.4
8.2   0   4.4
8.22   0   4.4
8.24   0   4.4
8.26   0   4.4
8.28   0   4.4
8.3   0   4.4
8.32   0   4.4
8.34   0   4.4
8.36   0   4.4
8.38   0   4.4
8.4   0   4.4
8.42   0   4.4
8.44   0   4.4
8.46   0   4.4
8.48   0   4.4
8.5   0   4.4
8.52   0   4.4
8.54   0   4.4
8.56   0   4.4
8.58   0   4.4
8.6   0   4.4
8.62   0   4.4
8.64   0   4.4
8.66   0   4.4
8.68   0   4.4
8.7   0   4.4
8.72   0   4.4
8.74   0   4.4
8.76   0   4.4
8.78   0   4.4
8.8   0   4.4
8.82   0   4.4
8.84   0   4.4
8.86   0   4.4
8.88   0   4.4
8.9   0   4.4
8.92   0   4.4
8.94   0   4.4
8.96   0   4.4
8.98   0   4.4
9   0   4.4
9.02   0   4.4
9.04   0   4.4
9.06   0   4.4
9.08   0   4.4
9.1   0   4.4
9.12   0   4.4
9.14   0   4.4
9.16   0   4.4
9.18   0   4.4
9.2   0   4.4
9.22   0   4.4
9.24   0   4.4
9.26   0   4.4
9.28   0   4.4
9.3   0   4.4
9.32   0   4.4
9.34   0   4.4
9.36   0   4.4
9.38   0   4.4
9.4   0   4.4
9.42   0   4.4
9.44   0   4.4
9.46   0   4.4
9.48   0   4.4
9.5   0   4.4
9.52   0   4.4
9.54   0   4.4
9.56   0   4.4
9.58   0   4.4
9.6   0   4.4
9.62   0   4.4
9.64   0   4.4
9.66   0   4.4
9.68   0   4.4
9.7   0   4.4
9.72   0   4.4
9.74   0   4.4
9.76   0   4.4
9.78   0   4.4
9.8   0   4.4
9.82   0   4.4
9.84   0   4.4
9.86   0   4.4
9.88   0   4.4
9.9   0   4.4
9.92   0   4.4
9.94   0   4.4
9.96   0   4.4
9.98   0   4.4
10   0   4.4
10.02   0   4.4
10.04   0   4.4
10.06   0   4.4
10.08   0   4.4
10.1   0   4.4
10.12   0   4.4
10.14   0   4.4
10.16   0   4.4
10.18   0   4.4
10.2   0   4.4
10.22   0   4.4
10.24   0   4.4
10.26   0   4.4
10.28   0   4.4
10.3   0   4.4
10.32   0   4.4
10.34   0   4.4
10.36   0   4.4
10.38   0   4.4
10.4   0   4.4
10.42   0   4.4
10.44   0   4.4
10.46   0   4.4
10.48   0   4.4
10.5   0   4.4
10.52   0   4.4
10.54   0   4.4
10.56   0   4.4
10.58   0   4.4
10.6   0   4.4
10.62   0   4.4
10.64   0   4.4
10.66   0   4.4
10.68   0   4.4
10.7   0   4.4
10.72   0   4.4
10.74   0   4.4
10.76   0   4.4
10.78   0   4.4
10.8   0   4.4
10.82   0   4.4
10.84   0   4.4
10.86   0   4.4
10.88   0   4.4
10.9   0   4.4
10.92   0   4.4
10.94   0   4.4
10.96   0   4.4
10.98   0   4.4
11   0   4.4
11.02   0   4.4
11.04   0   4.4
11.06   0   4.4
11.08   0   4.4
11.1   0   4.4
11.12   0   4.4
11.14   0   4.4
11.16   0   4.4
11.18   0   4.4
11.2   0   4.4
11.22   0   4.4
11.24   0   4.4
11.26   0   4.4
11.28   0   4.4
11.3   0   4.4
11.32   0   4.4
11.34   0   4.4
11.36   0   4.4
11.38   0   4.4
11.4   0   4.4
11.42   0   4.4
11.44   0   4.4
11.46   0   4.4
11.48   0   4.4
11.5   0   4.4
11.52   0   4.4
11.54   0   4.4
11.56   0   4.4
11.58   0   4.4
11.6   0   4.4
11.62   0   4.4
11.64   0   4.4
11.66   0   4.4
11.68   0   4.4
11.7   0   4.4
11.72   0   4.4
11.74   0   4.4
11.76   0   4.4
11.78   0   4.4
11.8   0   4.4
11.82   0   4.4
11.84   0   4.4
11.86   0   4.4
11.88   0   4.4
11.9   0   4.4
11.92   0   4.4
11.94   0   4.4
11.96   0   4.4
11.98   0   4.4
12   0   4.4
12.02   0   4.4
12.04   0   4.4
12.06   0   4.4
12.08   0   4.4
12.1   0   4.4
12.12   0   4.4
12.14   0   4.4
12.16   0   4.4
12.18   0   4.4
12.2   0   4.4
12.22   0   4.4
12.24   0   4.4
12.26   0   4.4
12.28   0   4.4
12.3   0   4.4
12.32   0   4.4
12.34   9.82109   4.4
12.36   10.0969   4.4
12.38   10.3845   4.4
12.4   10.6845   4.4
12.42   10.9977   4.4
12.44   11.3249   4.4
12.46   11.6669   4.4
12.48   13.7444   4.4
12.5   14.1667   4.4
12.52   14.6087   4.4
12.54   15.0717   4.4
12.56   15.5572   4.4
12.58   16.0664   4.4
12.6   16.6012   4.4
12.62   17.1631   4.4
12.64   17.754   4.4
12.66   18.3761   4.4
12.68   19.0314   4.4
12.7   19.7225   4.441
12.72   20.4519   4.52238
12.74   21.2227   4.60681
12.76   22.0378   4.69445
12.78   22.9009   4.78549
12.8   23.8158   4.88015
12.82   24.7867   4.97862
12.84   25.8183   5.08117
12.86   26.9157   5.18803
12.88   28.0847   5.2995
12.9   29.3316   5.41586
12.92   30.6635   5.53747
12.94   32.0885   5.66467
12.96   33.6152   5.79786
12.98   35.2537   5.93748
13   37.0152   6.08401
13.02   38.9123   6.23797
13.04   40.9593   6.39994
13.06   43.1724   6.57057
13.08   45.5701   6.75056
13.1   48.1737   6.94072
13.12   51.0072   7.14193
13.14   54.0988   7.35519
13.16   57.4807   7.58161
13.18   61.1906   7.82244
13.2   65.2722   8.07912
13.22   69.777   8.35326
13.24   74.7656   8.64671
13.26   80.3101   8.96159
13.28   86.4961   9.30033
13.3   93.4267   9.66575
13.32   101.226   10.0611
13.34   110.047   10.4903
13.36   120.075   10.9579
13.38   131.541   11.4691
13.4   144.733   12.0305
13.42   160.016   12.6497
13.44   177.856   13.3363
13.46   198.856   14.1016
13.48   223.806   14.9601
13.5   253.758   15.9298
13.52   290.137   17.0334
13.54   334.909   18.3005
13.56   390.843   19.7698
13.58   461.935   21.4927
13.6   554.136   23.5401
13.62   676.74   26.0142
13.64   845.488   29.0773
13.66   1089.9   33.0137
13.68   1468.77   38.3245
13.7   2093.47   45.7544
13.72   3143.23   56.0645
13.74   4831.81   69.5112
13.76   7223.32   84.9901
13.78   9598.5   97.9719
13.8   10000   100
13.82   8008.13   89.4882
13.84   5590.26   74.768
13.86   3850.51   62.0525
13.88   2878.45   53.6512
13.9   2507.43   50.0742
13.92   2531.31   50.3121
13.94   2623.14   51.2166
13.96   2366.29   48.6445
13.98   1814.04   42.5915
14   1296.39   36.0054
14.02   926.802   30.4434
14.04   686.131   26.1941
14.06   531.934   23.0637
14.08   429.562   20.7259
14.1   357.336   18.9033
14.12   303.447   17.4197
14.14   261.628   16.1749
14.16   230.476   15.1814
14.18   203.451   14.2636
14.2   181.153   13.4593
14.22   162.509   12.7479
14.24   146.744   12.1138
14.26   133.281   11.5447
14.28   121.686   11.0311
14.3   111.623   10.5652
14.32   102.832   10.1406
14.34   95.1057   9.75222
14.36   88.2787   9.39568
14.38   82.2175   9.06739
14.4   76.8129   8.76429
14.42   71.975   8.48381
14.44   67.6293   8.2237
14.46   63.7135   7.98207
14.48   60.1753   7.75727
14.5   56.9703   7.54787
14.52   54.061   7.35262
14.54   51.4152   7.17044
14.56   49.0053   7.00038
14.58   46.8077   6.84161
14.6   44.8018   6.69342
14.62   42.9701   6.55516
14.64   41.2972   6.42629
14.66   39.7699   6.30633
14.68   38.3766   6.19488
14.7   37.1074   6.09158
14.72   37.6312   6.13443
14.74   36.6334   6.05256
14.76   35.7398   5.97828
14.78   34.9451   5.91144
14.8   34.2453   5.85195
14.82   33.6372   5.79976
14.84   33.1182   5.75484
14.86   32.687   5.71725
14.88   32.3427   5.68706
14.9   32.0855   5.66441
14.92   31.9165   5.64947
14.94   31.8377   5.64249
14.96   31.8521   5.64377
14.98   31.9639   5.65367
15   32.1787   5.67263
15.02   32.5033   5.70117
15.04   32.9467   5.73992
15.06   33.5195   5.7896
15.08   34.2351   5.85108
15.1   35.1098   5.92535
15.12   36.1634   6.0136
15.14   37.4205   6.11723
15.16   38.9111   6.23788
15.18   40.6726   6.37751
15.2   42.7515   6.53846
15.22   45.206   6.72354
15.24   48.11   6.93614
15.26   51.5582   7.1804
15.28   46.3049   6.80477
15.3   51.4928   7.17585
15.32   57.7111   7.59678
15.34   65.2482   8.07764
15.36   74.5012   8.63141
15.38   86.0268   9.27507
15.4   100.625   10.0312
15.42   117.774   10.8524
15.44   142.755   11.948
15.46   176.842   13.2982
15.48   225.59   15.0197
15.5   300.011   17.3208
15.52   421.495   20.5303
15.54   626.244   25.0249
15.56   961.702   31.0113
15.58   1457.84   38.1816
15.6   2017.1   44.9122
15.62   2247.19   47.4046
15.64   1891.42   43.4905
15.66   1325.32   36.405
15.68   869.765   29.4918
15.7   572.888   23.9351
15.72   394.929   19.8728
15.74   290.044   17.0307
15.76   225.892   15.0297
15.78   184.223   13.5729
15.8   155.838   12.4835
15.82   136.095   11.666
15.84   122.469   11.0666
15.86   113.488   10.6531
15.88   108.298   10.4066
15.9   106.465   10.3182
15.92   107.892   10.3871
15.94   112.807   10.6211
15.96   121.821   11.0372
15.98   136.084   11.6655
16   157.684   12.5572
16.02   190.593   13.8055
16.04   242.823   15.5828
16.06   330.078   18.168
16.08   479.146   21.8894
16.1   725.513   26.9353
16.12   1092.71   33.0562
16.14   1512.39   38.8894
16.16   1695.49   41.1763
16.18   1436.79   37.905
16.2   1009.9   31.7789
16.22   662.584   25.7407
16.24   434.768   20.8511
16.26   297.235   17.2405
16.28   215.346   14.6747
16.3   164.442   12.8235
16.32   130.515   11.4243
16.34   106.458   10.3178
16.36   88.6456   9.41518
16.38   75.0583   8.66362
16.4   64.4531   8.02827
16.42   56.0153   7.48433
16.44   49.1896   7.01353
16.46   43.5872   6.60206
16.48   38.9295   6.23935
16.5   35.013   5.91718
16.52   31.6862   5.62905
16.54   28.8344   5.36976
16.56   26.3696   5.13514
16.58   24.2236   4.92175
16.6   22.3424   4.72678
16.62   20.6833   4.54789
16.64   19.2118   4.4
16.66   17.9   4.4
16.68   16.7249   4.4
16.7   15.6677   4.4
16.72   14.7128   4.4
16.74   13.8469   4.4
16.76   13.0591   4.4
16.78   12.3399   4.4
16.8   11.6814   4.4
16.82   11.0768   4.4
16.84   10.5201   4.4
16.86   10.0063   4.4
16.88   9.53094   4.4
16.9   9.09018   4.4
16.92   8.68064   4.4
16.94   8.29936   4.4
16.96   7.94372   4.4
16.98   7.6114   4.4
17   7.30035   4.4
17.02   7.00875   4.4
17.04   6.73495   4.4
17.06   6.4775   4.4
17.08   4.07475   4.4
17.1   3.90402   4.4
17.12   3.7438   4.4
17.14   3.59323   4.4
17.16   3.45155   4.4
17.18   3.31809   4.4
17.2   3.19221   4.4
17.22   3.07336   4.4
17.24   2.96102   4.4
17.26   2.85473   4.4
17.28   2.75405   4.4
17.3   2.65861   4.4
17.32   2.56804   4.4
17.34   2.48201   4.4
17.36   2.40024   4.4
17.38   2.32244   4.4
17.4   2.24836   4.4
17.42   2.17776   4.4
17.44   2.11044   4.4
17.46   2.04619   4.4
17.48   1.98483   4.4
17.5   1.92619   4.4
17.52   1.8701   4.4
17.54   1.81643   4.4
17.56   1.76504   4.4
17.58   1.7158   4.4
17.6   1.66859   4.4
17.62   0   4.4
17.64   0   4.4
17.66   0   4.4
17.68   0   4.4
17.7   0   4.4
17.72   0   4.4
17.74   0   4.4
17.76   0   4.4
17.78   0   4.4
17.8   0   4.4
17.82   0   4.4
17.84   0   4.4
17.86   0   4.4
17.88   0   4.4
17.9   0   4.4
17.92   0   4.4
17.94   0   4.4
17.96   0   4.4
17.98   0   4.4
18   0   4.4
18.02   0   4.4
18.04   0   4.4
18.06   0   4.4
18.08   0   4.4
18.1   0   4.4
18.12   0   4.4
18.14   0   4.4
18.16   0   4.4
18.18   0   4.4
18.2   0   4.4
18.22   4.30846   4.4
18.24   4.42821   4.4
18.26   4.55302   4.4
18.28   4.68318   4.4
18.3   4.819   4.4
18.32   4.96081   4.4
18.34   5.10897   4.4
18.36   5.26387   4.4
18.38   5.42591   4.4
18.4   5.59556   4.4
18.42   5.77327   4.4
18.44   5.95959   4.4
18.46   6.15507   4.4
18.48   6.36033   4.4
18.5   6.57601   4.4
18.52   6.80285   4.4
18.54   7.04163   4.4
18.56   10.3495   4.4
18.58   11.5115   4.4
18.6   11.9036   4.4
18.62   12.3163   4.4
18.64   12.7513   4.4
18.66   13.21   4.4
18.68   13.6944   4.4
18.7   14.2063   4.4
18.72   14.748   4.4
18.74   15.3218   4.4
18.76   15.9303   4.4
18.78   16.5765   4.4
18.8   17.2636   4.4
18.82   17.9952   4.4
18.84   18.7752   4.4
18.86   19.6081   4.42811
18.88   20.4989   4.52757
18.9   21.4532   4.63176
18.92   22.4772   4.74101
18.94   23.578   4.85572
18.96   24.7638   4.97632
18.98   26.0436   5.10329
19   27.4278   5.23715
19.02   28.9283   5.37851
19.04   30.559   5.52802
19.06   32.3355   5.68643
19.08   34.2761   5.85458
19.1   36.4023   6.03343
19.12   38.739   6.22407
19.14   41.3156   6.42772
19.16   44.1668   6.64581
19.18   47.3342   6.87998
19.2   50.8673   7.13213
19.22   54.8262   7.40447
19.24   59.2839   7.69961
19.26   64.33   8.0206
19.28   70.0754   8.3711
19.3   76.6587   8.7555
19.32   84.2554   9.17907
19.34   93.0895   9.64829
19.36   103.452   10.1711
19.38   115.724   10.7575
19.4   130.415   11.4199
19.42   148.217   12.1744
19.44   170.09   13.0418
19.46   197.39   14.0495
19.48   232.09   15.2345
19.5   277.156   16.648
19.52   337.302   18.3658
19.54   420.731   20.5117
19.56   543.196   23.3066
19.58   736.046   27.1302
19.6   1056.81   32.5086
19.62   1592.54   39.9067
19.64   2434.04   49.336
19.66   3556.91   59.6399
19.68   4477.29   66.9126
19.7   4320.52   65.7307
19.72   3278.15   57.2551
19.74   2228.27   47.2046
19.76   1494.22   38.6552
19.78   1048.75   32.3845
19.8   797.917   28.2474
19.82   663.8   25.7643
19.84   599.912   24.4931
19.86   585.392   24.1949
19.88   616.905   24.8376
19.9   706.803   26.5858
19.92   888.116   29.8013
19.94   1220.28   34.9325
19.96   1781.71   42.2103
19.98   2616.93   51.1559
20   3542.43   59.5183
20.02   3924.78   62.6481
20.04   3405.75   58.3588
20.06   2480.1   49.8006
20.08   1661.15   40.7573
20.1   1100.22   33.1696
20.12   753.958   27.4583
20.14   545.535   23.3567
20.16   416.007   20.3962
20.18   330.218   18.1719
20.2   269.706   16.4227
20.22   224.988   14.9996
20.24   190.857   13.8151
20.26   164.171   12.8129
20.28   142.892   11.9537
20.3   125.637   11.2088
20.32   111.44   10.5565
20.34   99.6078   9.98037
20.36   89.6347   9.46756
20.38   81.1439   9.00799
20.4   73.85   8.5936
20.42   67.5337   8.21789
20.44   62.0243   7.87555
20.46   57.187   7.56221
20.48   52.9144   7.27423
20.5   49.1201   7.00858
20.52   45.7337   6.76267
20.54   42.6975   6.53433
20.56   39.9637   6.32168
20.58   37.4925   6.12312
20.6   35.2508   5.93724
20.62   33.2102   5.76283
20.64   31.347   5.59884
20.66   29.6408   5.44433
20.68   28.0739   5.29848
20.7   26.6314   5.16056
20.72   25.3001   5.02992
20.74   24.0688   4.90599
20.76   22.9273   4.78825
20.78   21.8727   4.67682
20.8   20.8862   4.57014
20.82   19.9665   4.46838
20.84   19.1075   4.4
20.86   18.3041   4.4
20.88   17.5513   4.4
20.9   16.845   4.4
20.92   16.1813   4.4
20.94   15.5569   4.4
20.96   14.9687   4.4
20.98   14.4138   4.4
21   13.8898   4.4
21.02   13.3944   4.4
21.04   12.9255   4.4
21.06   12.4812   4.4
21.08   13.4836   4.4
21.1   13.1238   4.4
21.12   12.7857   4.4
21.14   12.4681   4.4
21.16   7.89189   4.4
21.18   7.72565   4.4
21.2   7.57239   4.4
21.22   7.43152   4.4
21.24   7.30256   4.4
21.26   7.18505   4.4
21.28   7.07861   4.4
21.3   6.98291   4.4
21.32   6.89769   4.4
21.34   6.82273   4.4
21.36   6.75786   4.4
21.38   6.70296   4.4
21.4   6.79428   4.4
21.42   6.76303   4.4
21.44   6.74187   4.4
21.46   6.7309   4.4
21.48   3.72189   4.4
21.5   3.00651   4.4
21.52   3.12599   4.4
21.54   3.25276   4.4
21.56   3.38743   4.4
21.58   3.53067   4.4
21.6   3.68323   4.4
21.62   3.84594   4.4
21.64   4.01972   4.4
21.66   4.2056   4.4
21.68   4.40475   4.4
21.7   4.61846   4.4
21.72   4.84819   4.4
21.74   5.0956   4.4
21.76   5.36256   4.4
21.78   5.6512   4.4
21.8   5.96396   4.4
21.82   6.30362   4.4
21.84   6.6734   4.4
21.86   7.07699   4.4
21.88   7.51871   4.4
21.9   8.0036   4.4
21.92   8.53756   4.4
21.94   9.1276   4.4
21.96   9.78205   4.4
21.98   10.5109   4.4
22   11.3264   4.4
22.02   12.2435   4.4
22.04   13.2809   4.4
22.06   14.4623   4.4
22.08   15.8195   4.4
22.1   17.3972   4.4
22.12   19.2635   4.4
22.14   21.5256   4.63957
22.16   24.3407   4.93363
22.18   27.9024   5.28227
22.2   32.3421   5.68701
22.22   37.3795   6.11387
22.24   42.0682   6.486
22.26   46.3798   6.81027
22.28   51.7417   7.19317
22.3   59.2286   7.69601
22.32   69.5375   8.33891
22.34   83.5598   9.1411
22.36   102.807   10.1394
22.38   130.079   11.4052
22.4   170.93   13.074
22.42   236.43   15.3763
22.44   346.478   18.6139
22.46   530.009   23.0219
22.48   814.166   28.5336
22.5   1177.55   34.3154
22.52   1432.9   37.8536
22.54   1319.91   36.3305
22.56   967.386   31.1028
22.58   640.866   25.3153
22.6   417.176   20.4249
22.62   280.383   16.7446
22.64   199.918   14.1392
22.66   151.728   12.3178
22.68   121.448   11.0203
22.7   101.834   10.0913
22.72   89.6779   9.46984
22.74   84.0788   9.16945
22.76   85.829   9.2644
22.78   96.9705   9.84736
22.8   119.355   10.925
22.82   149.335   12.2203
22.84   166.378   12.8988
22.86   147.977   12.1646
22.88   110.808   10.5265
22.9   78.351   8.85161
22.92   56.0891   7.48927
22.94   42.0298   6.48304
22.96   33.2222   5.76387
22.98   27.4364   5.23797
23   23.3542   4.83262
23.02   20.2898   4.50442
23.04   17.8894   4.4
23.06   15.9541   4.4
23.08   14.3599   4.4
23.1   13.0239   4.4
23.12   11.8883   4.4
23.14   10.9113   4.4
23.16   10.0621   4.4
23.18   9.3174   4.4
23.2   8.65943   4.4
23.22   8.07414   4.4
23.24   7.55044   4.4
23.26   7.07939   4.4
23.28   6.6537   4.4
23.3   6.26738   4.4
23.32   5.91545   4.4
23.34   5.59373   4.4
23.36   5.62068   4.4
23.38   5.35835   4.4
23.4   5.1175   4.4
23.42   4.89593   4.4
23.44   4.69175   4.4
23.46   4.50331   4.4
23.48   4.32916   4.4
23.5   4.16806   4.4
23.52   4.01889   4.4
23.54   4.23214   4.4
23.56   4.114   4.4
23.58   4.00562   4.4
23.6   3.90639   4.4
23.62   3.81572   4.4
23.64   3.73312   4.4
23.66   3.65817   4.4
23.68   3.59048   4.4
23.7   3.52974   4.4
23.72   3.47033   4.4
23.74   3.42284   4.4
23.76   3.3816   4.4
23.78   3.34646   4.4
23.8   3.31731   4.4
23.82   3.29408   4.4
23.84   3.27674   4.4
23.86   3.26529   4.4
23.88   3.25978   4.4
23.9   3.26027   4.4
23.92   3.2669   4.4
23.94   3.27983   4.4
23.96   3.29926   4.4
23.98   3.32546   4.4
24   1.99492   4.4
24.02   2.07185   4.4
24.04   2.15526   4.4
24.06   2.24575   4.4
24.08   2.34398   4.4
24.1   2.45072   4.4
24.12   2.56686   4.4
24.14   2.69341   4.4
24.16   2.83151   4.4
24.18   2.9825   4.4
24.2   3.14792   4.4
24.22   3.32957   4.4
24.24   3.52953   4.4
24.26   3.75026   4.4
24.28   3.99465   4.4
24.3   4.13282   4.4
24.32   4.43904   4.4
24.34   4.7812   4.4
24.36   5.16522   4.4
24.38   5.59835   4.4
24.4   6.08946   4.4
24.42   6.64958   4.4
24.44   7.2925   4.4
24.46   8.0357   4.4
24.48   8.90159   4.4
24.5   9.9193   4.4
24.52   11.1272   4.4
24.54   12.577   4.4
24.56   14.3389   4.4
24.58   16.5114   4.4
24.6   19.8128   4.45116
24.62   23.3117   4.82822
24.64   27.8915   5.28124
24.66   34.0913   5.83878
24.68   42.9135   6.55084
24.7   56.3368   7.50579
24.72   78.4765   8.85869
24.74   114.534   10.7021
24.76   171.978   13.114
24.78   252.876   15.9021
24.8   333.269   18.2557
24.82   349.131   18.6851
24.84   288.755   16.9928
24.86   217.979   14.7641
24.88   174.579   13.2128
24.9   165.377   12.8599
24.92   191.039   13.8217
24.94   251.171   15.8484
24.96   332.121   18.2242
24.98   377.656   19.4334
25   331.5   18.2071
25.02   239.473   15.4749
25.04   160.47   12.6677
25.06   107.371   10.362
25.08   74.802   8.64881
25.1   55.2177   7.43086
25.12   42.9922   6.55684
25.14   34.8336   5.902
25.16   29.0457   5.3894
25.18   24.7622   4.97616
25.2   21.5028   4.63711
25.22   18.973   4.4
25.24   16.98   4.4
25.26   15.3918   4.4
25.28   14.1161   4.4
25.3   13.0867   4.4
25.32   12.2553   4.4
25.34   11.5864   4.4
25.36   11.0533   4.4
25.38   10.6362   4.4
25.4   10.3201   4.4
25.42   10.094   4.4
25.44   9.94995   4.4
25.46   9.88259   4.4
25.48   12.339   4.4
25.5   12.4859   4.4
25.52   12.7084   4.4
25.54   13.0092   4.4
25.56   13.3928   4.4
25.58   13.8659   4.4
25.6   14.4376   4.4
25.62   15.1201   4.4
25.64   15.9292   4.4
25.66   16.8855   4.4
25.68   18.0154   4.4
25.7   19.3534   4.4
25.72   20.9448   4.57654
25.74   22.8492   4.78009
25.76   25.1473   5.01471
25.78   27.949   5.28668
25.8   31.4074   5.60423
25.82   35.741   5.97837
25.84   41.2694   6.42413
25.86   48.4812   6.96284
25.88   58.176   7.62732
25.9   71.8009   8.47354
25.92   92.1954   9.60184
25.94   124.857   11.174
25.96   179.129   13.3839
25.98   267.409   16.3526
26   398.117   19.9529
26.02   548.362   23.4171
26.04   619.553   24.8908
26.06   541.596   23.2722
26.08   410.762   20.2673
26.1   317.445   17.817
26.12   283.028   16.8234
26.14   306.073   17.495
26.16   376.171   19.3951
26.18   452.045   21.2614
26.2   448.391   21.1753
26.22   354.198   18.8202
26.24   248.621   15.7677
26.26   170.942   13.0745
26.28   121.552   11.0251
26.3   91.4975   9.56543
26.32   83.0416   9.11272
26.34   71.883   8.47838
26.36   64.5268   8.03286
26.38   59.5592   7.71746
26.4   56.2362   7.49908
26.42   54.1292   7.35726
26.44   52.6318   7.25478
26.46   52.2737   7.23005
26.48   52.6021   7.25273
26.5   53.5635   7.31871
26.52   55.141   7.4257
26.54   57.3494   7.57294
26.56   60.2341   7.76106
26.58   63.8737   7.9921
26.6   68.3853   8.26954
26.62   73.9352   8.59856
26.64   80.7546   8.98636
26.66   89.1652   9.44273
26.68   99.6134   9.98065
26.7   113.804   10.6679
26.72   130.553   11.426
26.74   152.27   12.3398
26.76   181.083   13.4567
26.78   220.55   14.8509
26.8   277.264   16.6512
26.82   364.331   19.0875
26.84   507.034   22.5174
26.86   747.477   27.34
26.88   1139.22   33.7524
26.9   1710.78   41.3616
26.92   2330.22   48.2723
26.94   2535.17   50.3505
26.96   2094.36   45.7642
26.98   1460.36   38.2147
27   963.752   31.0443
27.02   643.411   25.3656
27.04   452.12   21.2631
27.06   339.193   18.4172
27.08   270.697   16.4529
27.1   225.176   15.0059
27.12   193.793   13.921
27.14   171.528   13.0969
27.16   155.565   12.4726
27.18   144.175   12.0073
27.2   136.239   11.6722
27.22   131.013   11.4461
27.24   128   11.3137
27.26   126.869   11.2636
27.28   127.414   11.2878
27.3   129.517   11.3805
27.32   133.136   11.5385
27.34   138.296   11.7599
27.36   145.08   12.0449
27.38   153.642   12.3952
27.4   164.204   12.8142
27.42   177.081   13.3072
27.44   192.697   13.8815
27.46   211.623   14.5473
27.48   234.624   15.3175
27.5   262.182   16.192
27.52   296.851   17.2294
27.54   340.038   18.4401
27.56   394.557   19.8635
27.58   464.497   21.5522
27.6   555.994   23.5795
27.62   678.732   26.0525
27.64   849.348   29.1436
27.66   1099.48   33.1584
27.68   1491.88   38.6248
27.7   2145.49   46.3194
27.72   3245.21   56.9667
27.74   5000.24   70.7124
27.76   7427.18   86.1811
27.78   9653.61   98.2528
27.8   9695.69   98.4667
27.82   7506.6   86.6407
27.84   5070   71.2039
27.86   3297.83   57.4268
27.88   2186.47   46.7597
27.9   1528.02   39.0899
27.92   1135.8   33.7017
27.94   890.155   29.8355
27.96   727.31   26.9687
27.98   615.924   24.8178
28   540.601   23.2508
28.02   494.318   22.2333
28.04   476.407   21.8268
28.06   493.45   22.2137
28.08   560.576   23.6765
28.1   698.955   26.4377
28.12   920.804   30.3447
28.14   1173.75   34.26
28.16   1261.2   35.5133
28.18   1065.99   32.6495
28.2   777.211   27.8785
28.22   546.922   23.3864
28.24   395.892   19.897
28.26   304.05   17.437
28.28   249.01   15.7801
28.3   215.205   14.6699
28.32   194.032   13.9295
28.34   181.406   13.4687
28.36   175.663   13.2538
28.38   176.574   13.2881
28.4   182.823   13.5212
28.42   202.525   14.2311
28.44   240.307   15.5018
28.46   309.584   17.595
28.48   430.642   20.7519
28.5   624.065   24.9813
28.52   881.244   29.6858
28.54   1082.31   32.8985
28.56   1026.84   32.0444
28.58   774.767   27.8346
28.6   527.58   22.9691
28.62   354.177   18.8196
28.64   246.269   15.693
28.66   181.583   13.4753
28.68   141.802   11.9081
28.7   115.658   10.7545
28.72   97.2362   9.86084
28.74   83.5629   9.14128
28.76   73.0463   8.54672
28.78   64.7409   8.04617
28.8   58.0387   7.61831
28.82   52.5296   7.24773
28.84   47.9283   6.92303
28.86   44.0315   6.63562
28.88   40.6906   6.37892
28.9   37.7955   6.14781
28.92   35.2628   5.93825
28.94   33.0283   5.74703
28.96   31.0421   5.57155
28.98   29.2648   5.4097
29   27.6648   5.25973
29.02   26.2165   5.12021
29.04   24.8993   4.98992
29.06   23.6958   4.86783
29.08   22.5919   4.75309
29.1   21.5755   4.64495
29.12   21.9512   4.68521
29.14   21.1183   4.59547
29.16   20.3486   4.51094
29.18   19.6358   4.43123
29.2   18.9746   4.4
29.22   18.3603   4.4
29.24   17.7888   4.4
29.26   17.2566   4.4
29.28   7.45515   4.4
29.3   7.23737   4.4
29.32   7.04118   4.4
29.34   6.86498   4.4
29.36   6.70738   4.4
29.38   6.56718   4.4
29.4   6.44334   4.4
29.42   6.335   4.4
29.44   6.24142   4.4
29.46   6.16199   4.4
29.48   6.0962   4.4
29.5   6.04367   4.4
29.52   6.00412   4.4
29.54   5.97735   4.4
29.56   5.96327   4.4
29.58   5.96073   4.4
29.6   5.97214   4.4
29.62   4.93831   4.4
29.64   5.00425   4.4
29.66   5.0827   4.4
29.68   5.17423   4.4
29.7   5.27951   4.4
29.72   5.39934   4.4
29.74   5.53467   4.4
29.76   5.68659   4.4
29.78   5.85637   4.4
29.8   6.04551   4.4
29.82   6.2557   4.4
29.84   6.48892   4.4
29.86   6.74746   4.4
29.88   7.03396   4.4
29.9   7.35149   4.4
29.92   7.70362   4.4
29.94   8.09452   4.4
29.96   8.52905   4.4
29.98   9.01295   4.4
30   9.55297   4.4
30.02   9.16304   4.4
30.04   9.86734   4.4
30.06   10.6558   4.4
30.08   11.8057   4.4
30.1   12.8146   4.4
30.12   13.9594   4.4
30.14   15.2656   4.4
30.16   16.7652   4.4
30.18   18.498   4.4
30.2   20.515   4.52935
30.22   22.8815   4.78346
30.24   25.6826   5.0678
30.26   29.0309   5.38804
30.28   33.0776   5.75131
30.3   38.0288   6.16675
30.32   44.1719   6.64619
30.34   51.9158   7.20527
30.36   61.8582   7.865
30.38   74.9034   8.65467
30.4   92.5028   9.61784
30.42   117.211   10.8264
30.44   153.979   12.4088
30.46   212.65   14.5825
30.48   311.06   17.6369
30.5   475.582   21.8078
30.52   732.124   27.0578
30.54   1066.32   32.6545
30.56   1317.14   36.2925
30.58   1234.69   35.1382
30.6   913.433   30.2231
30.62   605.827   24.6136
30.64   392.498   19.8116
30.66   261.071   16.1577
30.68   183.199   13.5351
30.7   135.991   11.6615
30.72   105.496   10.2711
30.74   84.4355   9.18888
30.76   69.1538   8.31587
30.78   57.6914   7.59548
30.8   48.8837   6.99169
30.82   41.9832   6.47944
30.84   36.4875   6.04049
30.86   32.0488   5.66117
30.88   28.4205   5.33109
30.9   25.4978   5.04954
30.92   23.0044   4.79629
30.94   20.9137   4.57315
30.96   19.1515   4.4
30.98   17.6609   4.4
31   16.3982   4.4
31.02   15.3294   4.4
31.04   14.4283   4.4
31.06   13.6749   4.4
31.08   13.0541   4.4
31.1   12.5551   4.4
31.12   12.1709   4.4
31.14   11.8983   4.4
31.16   11.7374   4.4
31.18   11.7204   4.4
31.2   11.8014   4.4
31.22   12.022   4.4
31.24   12.4043   4.4
31.26   12.9802   4.4
31.28   13.7963   4.4
31.3   14.9196   4.4
31.32   16.4486   4.4
31.34   18.5313   4.4
31.36   28.2644   5.31643
31.38   32.5021   5.70106
31.4   38.6509   6.21699
31.42   48.1613   6.93983
31.44   63.8199   7.98874
31.46   90.2266   9.49877
31.48   133.137   11.5385
31.5   195.277   13.9742
31.52   261.126   16.1594
31.54   279.99   16.7329
31.56   230.522   15.1829
31.58   162.724   12.7563
31.6   110.345   10.5045
31.62   76.7637   8.76149
31.64   56.7858   7.53564
31.66   45.0237   6.70997
31.68   37.8076   6.14879
31.7   33.1052   5.75371
31.72   32.9929   5.74394
31.74   30.833   5.55275
31.76   29.3456   5.41716
31.78   28.3472   5.32421
31.8   27.718   5.26479
31.82   27.3773   5.23233
31.84   27.2696   5.22203
31.86   27.3566   5.23035
31.88   27.6118   5.2547
31.9   29.5452   5.43555
31.92   30.1324   5.48929
31.94   30.853   5.55455
31.96   31.7043   5.63066
31.98   32.6869   5.71724
32   33.8043   5.81415
32.02   35.0854   5.92329
32.04   35.2327   5.93571
32.06   36.8415   6.06972
32.08   38.631   6.21538
32.1   40.6235   6.37366
32.12   42.8482   6.54586
32.14   45.3433   6.73374
32.16   48.1594   6.9397
32.18   51.3666   7.16705
32.2   55.0655   7.42062
32.22   59.4143   7.70807
32.24   64.6895   8.04298
32.26   71.4119   8.45055
32.28   80.5295   8.97382
32.3   93.5193   9.67054
32.32   112.081   10.5868
32.34   136.548   11.6854
32.36   160.669   12.6755
32.38   169.677   13.026
32.4   161.864   12.7226
32.42   153.044   12.3711
32.44   150.9   12.2842
32.46   155.907   12.4863
32.48   166.977   12.9219
32.5   183.329   13.5399
32.52   212.409   14.5743
32.54   240.366   15.5037
32.56   276.999   16.6433
32.58   323.366   17.9824
32.6   384.189   19.6007
32.62   464.555   21.5535
32.64   570.087   23.8765
32.66   710.123   26.6481
32.68   914.687   30.2438
32.7   1247.88   35.3253
32.72   1814.49   42.5969
32.74   2757.41   52.511
32.76   4194.12   64.762
32.78   5948.67   77.1276
32.8   6982.46   83.5611
32.82   6195.59   78.7121
32.84   4466.64   66.8329
32.86   2967.72   54.4768
32.88   1966.36   44.3436
32.9   1363.02   36.9191
32.92   1012.41   31.8184
32.94   805.801   28.3866
32.96   680.107   26.0789
32.98   603.748   24.5713
33   561.601   23.6981
33.02   548.208   23.4138
33.04   563.546   23.7391
33.06   614.459   24.7883
33.08   718.836   26.8111
33.1   912.982   30.2156
33.12   1255.67   35.4354
33.14   1815   42.6028
33.16   2601.31   51.003
33.18   3346.98   57.8531
33.2   3411.78   58.4104
33.22   2751.53   52.4551
33.24   2020.72   44.9525
33.26   1551.71   39.3917
33.28   1379.3   37.1389
33.3   1465.07   38.2762
33.32   1722.33   41.501
33.34   1905.57   43.6528
33.36   1718.66   41.4567
33.38   1298.92   36.0405
33.4   922.585   30.3741
33.42   665.446   25.7962
33.44   507.926   22.5372
33.46   415.879   20.3931
33.48   360.612   18.9898
33.5   321.595   17.9331
33.52   290.713   17.0503
33.54   268.375   16.3822
33.56   254.355   15.9485
33.58   247.394   15.7288
33.6   246.396   15.697
33.62   250.757   15.8353
33.64   260.419   16.1375
33.66   275.878   16.6096
33.68   298.307   17.2716
33.7   329.94   18.1643
33.72   374.85   19.361
33.74   439.91   20.974
33.76   535.067   23.1315
33.78   671.005   25.9038
33.8   848.041   29.1211
33.82   1029.54   32.0864
33.84   1175.77   34.2894
33.86   1363.81   36.9299
33.88   1735.56   41.6601
33.9   2441.62   49.4127
33.92   3653.53   60.4444
33.94   5474.56   73.9902
33.96   7536.42   86.8126
33.98   8422.32   91.7732
34   7220.26   84.9721
34.02   5159.73   71.8313
34.04   3409.11   58.3876
34.06   2233.86   47.2637
34.08   1516.8   38.9461
34.1   1088.57   32.9935
34.12   823.524   28.6971
34.14   648.338   25.4625
34.16   525.152   22.9162
34.18   434.533   20.8455
34.2   365.768   19.1251
34.22   312.347   17.6733
34.24   270.036   16.4328
34.26   229.255   15.1412
34.28   205.459   14.3338
34.3   182.692   13.5164
34.32   163.675   12.7936
34.34   147.632   12.1504
34.36   133.978   11.5749
34.38   122.266   11.0574
34.4   112.147   10.5899
34.42   103.349   10.1661
34.44   95.6558   9.78038
34.46   88.8944   9.42838
34.48   82.9226   9.10619
34.5   77.6294   8.81076
34.52   72.9193   8.53928
34.54   68.7144   8.28942
34.56   64.9502   8.05917
34.58   61.5723   7.8468
34.6   58.5354   7.65084
34.62   55.8008   7.47
34.64   53.3359   7.30314
34.66   51.1128   7.14932
34.68   46.0838   6.7885
34.7   44.3562   6.66004
34.72   42.8061   6.54263
34.74   41.4187   6.43574
34.76   40.528   6.36616
34.78   39.4409   6.2802
34.8   38.4853   6.20365
34.82   36.1923   6.016
34.84   35.5185   5.95974
34.86   34.9574   5.91248
34.88   34.5059   5.87418
34.9   34.1623   5.84485
34.92   33.9261   5.82461
34.94   33.7981   5.81361
34.96   33.7808   5.81213
34.98   33.857   5.81868
35   34.0766   5.83752
35.02   34.4266   5.86742
35.04   34.9198   5.9093
35.06   35.5744   5.96443
35.08   36.4169   6.03464
35.1   37.4896   6.12288
35.12   38.8666   6.23431
35.14   40.6833   6.37835
35.16   43.1693   6.57034
35.18   46.6464   6.82982
35.2   51.4053   7.16975
35.22   57.1866   7.56218
35.24   62.0011   7.87408
35.26   63.5155   7.96966
35.28   63.463   7.96636
35.3   64.1712   8.01069
35.32   67.1441   8.19415
35.34   72.1894   8.49643
35.36   79.6013   8.92196
35.38   90.2368   9.4993
35.4   105.772   10.2845
35.42   128.593   11.3399
35.44   153.288   12.3809
35.46   191.017   13.8209
35.48   219.757   14.8242
35.5   225.557   15.0186
35.52   224.798   14.9933
35.54   233.232   15.2719
35.56   253.843   15.9324
35.58   290.167   17.0343
35.6   348.907   18.6791
35.62   441.167   21.004
35.64   589.846   24.2867
35.66   840.769   28.996
35.68   1263.88   35.5511
35.7   1946.07   44.1143
35.72   2909.86   53.9431
35.74   3853.75   62.0786
35.76   3981.5   63.0991
35.78   3145.23   56.0823
35.8   2139.34   46.253
35.82   1389.96   37.2821
35.84   915.08   30.2503
35.86   632.311   25.1458
35.88   463.533   21.5298
35.9   357.397   18.905
35.92   286.043   16.9128
35.94   235.526   15.3468
35.96   198.641   14.094
35.98   171.317   13.0888
36   151.093   12.292
36.02   136.484   11.6826
36.04   126.719   11.257
36.06   121.724   11.0328
36.08   122.406   11.0637
36.1   131.304   11.4588
36.12   153.297   12.3813
36.14   195.361   13.9772
36.16   263.127   16.2212
36.18   346.934   18.6262
36.2   393.235   19.8302
36.22   348.336   18.6638
36.24   257.786   16.0557
36.26   179.883   13.4121
36.28   127.272   11.2815
36.3   94.718   9.73232
36.32   74.8573   8.65201
36.34   62.2037   7.88693
36.36   53.553   7.31799
36.38   47.2576   6.87442
36.4   42.4784   6.51754
36.42   38.7506   6.225
36.44   35.7896   5.98244
36.46   33.4089   5.78004
36.48   31.4815   5.61083
36.5   29.9186   5.46979
36.52   28.6576   5.35328
36.54   27.6536   5.25867
36.56   26.8749   5.1841
36.58   26.2995   5.1283
36.6   25.913   5.09048
36.62   25.7077   5.07028
36.64   26.0556   5.10447
36.66   26.2218   5.12072
36.68   26.5791   5.15549
36.7   27.1422   5.20982
36.72   27.919   5.28384
36.74   28.9666   5.38206
36.76   30.3112   5.50556
36.78   32.0064   5.65742
36.8   34.6924   5.89003
36.82   37.3428   6.11088
36.84   40.7666   6.38488
36.86   44.8918   6.70013
36.88   50.0876   7.07726
36.9   56.7037   7.53019
36.92   65.2488   8.07767
36.94   76.3861   8.73992
36.96   91.5223   9.56673
36.98   112.623   10.6124
37   143.622   11.9842
37.02   192.353   13.8691
37.04   273.821   16.5475
37.06   410.534   20.2616
37.08   628.86   25.0771
37.1   931.079   30.5136
37.12   1209.1   34.7721
37.14   1215.61   34.8656
37.16   943.152   30.7108
37.18   638.986   25.2782
37.2   419.314   20.4771
37.22   280.289   16.7418
37.24   193.987   13.9279
37.26   144.752   12.0313
37.28   113.699   10.663
37.3   92.7947   9.633
37.32   78.0204   8.83292
37.34   67.2798   8.20243
37.36   59.3695   7.70516
37.38   53.5447   7.31742
37.4   49.3307   7.02358
37.42   46.4297   6.81394
37.44   44.6718   6.6837
37.46   43.9929   6.63271
37.48   44.4335   6.66584
37.5   46.1643   6.79443
37.52   49.565   7.04024
37.54   55.4279   7.44499
37.56   65.4004   8.08705
37.58   82.6698   9.09229
37.6   112.441   10.6038
37.62   161.044   12.6903
37.64   230.779   15.1914
37.66   301.468   17.3628
37.68   316.219   17.7825
37.7   258.005   16.0625
37.72   184.096   13.5682
37.74   128.474   11.3347
37.76   93.5074   9.66992
37.78   73.3   8.56154
37.8   62.059   7.87776
37.82   55.9476   7.47982
37.84   54.0487   7.35178
37.86   53.1727   7.29196
37.88   54.0603   7.35257
37.9   56.5922   7.52278
37.92   60.9679   7.80819
37.94   67.6678   8.22605
37.96   77.7079   8.81521
37.98   93.1769   9.65282
38   118.11   10.8679
38.02   159.19   12.6171
38.04   224.869   14.9956
38.06   319.573   17.8766
38.08   422.43   20.5531
38.1   462.975   21.5169
38.12   411.969   20.297
38.14   344.659   18.565
38.16   317.952   17.8312
38.18   349.054   18.683
38.2   442.332   21.0317
38.22   582.502   24.1351
38.24   690.402   26.2755
38.26   663.454   25.7576
38.28   554.339   23.5444
38.3   453.082   21.2857
38.32   362.849   19.0486
38.34   284.881   16.8784
38.36   233.486   15.2802
38.38   210.21   14.4986
38.4   212.438   14.5753
38.42   240.505   15.5082
38.44   296.857   17.2295
38.46   377.314   19.4246
38.48   449.615   21.2041
38.5   461.689   21.4869
38.52   442.428   21.034
38.54   458.627   21.4156
38.56   552.444   23.5041
38.58   758.198   27.5354
38.6   1104.71   33.2372
38.62   1558.76   39.4811
38.64   1879.83   43.357
38.66   1730.3   41.5968
38.68   1273.5   35.6861
38.7   850.405   29.1617
38.72   559.9   23.6622
38.74   381.412   19.5298
38.76   275.484   16.5977
38.78   211.09   14.5289
38.8   169.291   13.0112
38.82   140.457   11.8514
38.84   119.695   10.9405
38.86   104.371   10.2162
38.88   92.918   9.6394
38.9   84.3391   9.18363
38.92   77.9801   8.83064
38.94   73.4094   8.56793
38.96   70.3495   8.38746
38.98   68.638   8.2848
39   68.2063   8.25871
39.02   69.0734   8.31104
39.04   71.3511   8.44696
39.06   75.2645   8.67551
39.08   81.1923   9.01068
39.1   89.742   9.47323
39.12   101.897   10.0944
39.14   119.345   10.9245
39.16   144.982   12.0409
39.18   185.719   13.6279
39.2   253.448   15.92
39.22   369.598   19.2249
39.24   556.313   23.5863
39.26   826.186   28.7434
39.28   1110.53   33.3246
39.3   1188.37   34.4728
39.32   976.707   31.2523
39.34   690.992   26.2867
39.36   467.39   21.6192
39.38   318.79   17.8547
39.4   227.679   15.089
39.42   173.291   13.164
39.44   140.034   11.8336
39.46   118.828   10.9008
39.48   104.945   10.2443
39.5   95.9583   9.79583
39.52   90.5877   9.51776
39.54   88.1731   9.39005
39.56   88.0878   9.38551
39.58   91.166   9.54809
39.6   97.5295   9.8757
39.62   108.384   10.4108
39.64   126.303   11.2385
39.66   156.243   12.4997
39.68   206.212   14.3601
39.7   285.837   16.9067
39.72   397.787   19.9446
39.74   512.346   22.6351
39.76   544.935   23.3438
39.78   480.207   21.9136
39.8   408.572   20.2132
39.82   386.408   19.6573
39.84   433.755   20.8268
39.86   568.262   23.8383
39.88   808.114   28.4273
39.9   1135.88   33.7028
39.92   1393.26   37.3264
39.94   1332.32   36.5009
39.96   1041.05   32.2653
39.98   759.534   27.5596
40   542.196   23.2851
40.02   382.092   19.5472
40.04   275.249   16.5906
40.06   208.182   14.4285
40.08   166.53   12.9047
40.1   140.866   11.8687
40.12   124.477   11.1569
40.14   119.148   10.9155
40.16   123.342   11.106
40.18   137.602   11.7304
40.2   158.017   12.5705
40.22   167.669   12.9487
40.24   151.249   12.2983
40.26   123.328   11.1053
40.28   100.413   10.0206
40.3   85.7679   9.2611
40.32   77.7508   8.81764
40.34   74.2305   8.61571
40.36   73.6996   8.58485
40.38   75.3763   8.68195
40.4   78.9992   8.88815
40.42   84.6343   9.19969
40.44   92.5916   9.62245
40.46   103.436   10.1703
40.48   118.077   10.8663
40.5   137.968   11.746
40.52   165.558   12.8669
40.54   205.34   14.3297
40.56   266.112   16.3129
40.58   364.599   19.0945
40.6   528.612   22.9916
40.62   794.462   28.1862
40.64   1184.71   34.4196
40.66   1623.11   40.2878
40.68   1848.46   42.9937
40.7   1755.74   41.9015
40.72   1516.05   38.9365
40.74   1173.17   34.2515
40.76   818.688   28.6127
40.78   552.836   23.5125
40.8   381.143   19.5229
40.82   275.402   16.5952
40.84   209.802   14.4846
40.86   167.32   12.9352
40.88   138.204   11.756
40.9   117.295   10.8303
40.92   101.818   10.0905
40.94   90.1594   9.49523
40.96   81.3055   9.01695
40.98   74.5883   8.63645
41   69.5575   8.34011
41.02   65.9086   8.11841
41.04   63.4411   7.96499
41.06   62.0319   7.87603
41.08   61.6218   7.84995
41.1   62.2087   7.88725
41.12   63.8485   7.99053
41.14   66.8283   8.17486
41.16   71.026   8.42769
41.18   76.9182   8.7703
41.2   84.9819   9.21856
41.22   95.9391   9.79485
41.24   110.503   10.5121
41.26   131.343   11.4605
41.28   161.547   12.7101
41.3   207.271   14.3969
41.32   281.533   16.779
41.34   406.903   20.1718
41.36   615.108   24.8014
41.38   933.059   30.546
41.4   1322.37   36.3645
41.42   1563.16   39.5368
41.44   1412.67   37.5855
41.46   1036.75   32.1986
41.48   691.732   26.3008
41.5   454.203   21.312
41.52   308.093   17.5526
41.54   221.252   14.8745
41.56   168.3   12.9731
41.58   133.951   11.5737
41.6   110.22   10.4986
41.62   93.0632   9.64693
41.64   80.2934   8.96066
41.66   70.6069   8.40279
41.68   63.068   7.94154
41.7   57.3206   7.57104
41.72   52.879   7.2718
41.74   49.4772   7.03401
41.76   46.9295   6.85051
41.78   45.1074   6.7162
41.8   43.9253   6.62762
41.82   43.3315   6.58267
41.84   43.3027   6.58048
41.86   43.842   6.62133
41.88   44.9793   6.70666
41.9   46.7745   6.83919
41.92   49.3233   7.02305
41.94   52.7683   7.26418
41.96   57.3156   7.57071
41.98   63.2619   7.95373
42   71.0368   8.42833
42.02   81.2744   9.01523
42.04   94.9372   9.74357
42.06   113.566   10.6567
42.08   139.857   11.8261
42.1   178.998   13.379
42.12   241.341   15.5352
42.14   344.501   18.5607
42.16   519.967   22.8028
42.18   796.133   28.2158
42.2   1163.71   34.1132
42.22   1463.22   38.2521
42.24   1406.26   37.5002
42.26   1058.86   32.5401
42.28   709.713   26.6404
42.3   463.938   21.5392
42.32   311.931   17.6616
42.34   222.309   14.91
42.36   169.024   13.0009
42.38   135.512   11.641
42.4   113.492   10.6533
42.42   98.8806   9.94387
42.44   89.7717   9.47479
42.46   85.5556   9.24963
42.48   86.8071   9.31703
42.5   95.4618   9.77046
42.52   114.658   10.7079
42.54   147.177   12.1317
42.56   189.162   13.7536
42.58   216.442   14.712
42.6   202.58   14.2331
42.62   169.41   13.0158
42.64   148.541   12.1878
42.66   150.857   12.2824
42.68   177.4   13.3192
42.7   219.733   14.8234
42.72   247.14   15.7207
42.74   232.944   15.2625
42.76   205.991   14.3524
42.78   198.68   14.0954
42.8   211.118   14.5299
42.82   213.103   14.598
42.84   178.779   13.3708
42.86   130.331   11.4163
42.88   89.8361   9.47819
42.9   63.5421   7.97133
42.92   47.1815   6.86888
42.94   36.9436   6.07813
42.96   30.2183   5.49712
42.98   26.011   5.10009
43   22.5193   4.74545
43.02   19.8295   4.45303
43.04   17.7026   4.4
43.06   15.9875   4.4
43.08   14.5826   4.4
43.1   13.417   4.4
43.12   12.44   4.4
43.14   11.6145   4.4
43.16   10.9129   4.4
43.18   10.3145   4.4
43.2   9.80345   4.4
43.22   9.36762   4.4
43.24   8.99778   4.4
43.26   8.68694   4.4
43.28   8.42997   4.4
43.3   8.2234   4.4
43.32   8.06522   4.4
43.34   7.95496   4.4
43.36   7.89386   4.4
43.38   7.88533   4.4
43.4   7.93616   4.4
43.42   8.05926   4.4
43.44   8.27891   4.4
43.46   8.63757   4.4
43.48   9.1979   4.4
43.5   10.0263   4.4
43.52   11.1166   4.4
43.54   12.1767   4.4
43.56   12.7193   4.4
43.58   12.9547   4.4
43.6   13.4748   4.4
43.62   14.5584   4.4
43.64   16.3414   4.4
43.66   19.0331   4.4
43.68   23.0849   4.80468
43.7   28.0526   5.29647
43.72   38.678   6.21916
43.74   56.6148   7.52428
43.76   85.6834   9.25653
43.78   127.46   11.2898
43.8   170.708   13.0655
43.82   181.145   13.459
43.84   146.94   12.1219
43.86   102.09   10.104
43.88   67.8882   8.23943
43.9   46.091   6.78903
43.92   34.888   5.9066
43.94   27.3722   5.23185
43.96   22.8242   4.77747
43.98   19.9371   4.4651
44   18.0585   4.4
44.02   16.8571   4.4
44.04   17.6989   4.4
44.06   17.4349   4.4
44.08   17.5026   4.4
44.1   17.8726   4.4
44.12   18.5395   4.4
44.14   19.5195   4.41808
44.16   20.8506   4.56624
44.18   22.4162   4.73457
44.2   24.682   4.9681
44.22   27.6095   5.25447
44.24   31.4186   5.60523
44.26   36.445   6.03697
44.28   43.067   6.56255
44.3   52.5358   7.24816
44.32   66.4741   8.15316
44.34   88.4445   9.40449
44.36   125.058   11.1829
44.38   186.504   13.6567
44.4   283.87   16.8484
44.42   416.266   20.4026
44.44   531.409   23.0523
44.46   522.958   22.8683
44.48   400.998   20.0249
44.5   271.951   16.4909
44.52   179.619   13.4022
44.54   122.21   11.0549
44.56   88.2614   9.39475
44.58   68.0191   8.24737
44.6   55.2811   7.43513
44.62   46.7533   6.83764
44.64   40.7873   6.38649
44.66   36.5151   6.04277
44.68   33.4317   5.78201
44.7   31.2185   5.58735
44.72   29.6655   5.44661
44.74   28.6311   5.3508
44.76   28.0183   5.29323
44.78   27.7614   5.26891
44.8   27.8253   5.27497
44.82   28.1645   5.30703
44.84   28.7729   5.36404
44.86   29.646   5.44481
44.88   30.7885   5.54874
44.9   32.2145   5.67578
44.92   33.947   5.82641
44.94   36.0194   6.00162
44.96   38.477   6.20299
44.98   41.3795   6.43269
45   44.805   6.69365
45.02   48.8525   6.98946
45.04   53.6606   7.32534
45.06   59.4024   7.7073
45.08   66.3133   8.1433
45.1   74.7124   8.64363
45.12   85.0413   9.22178
45.14   97.9231   9.89561
45.16   114.261   10.6893
45.18   135.414   11.6368
45.2   163.554   12.7888
45.22   202.649   14.2355
45.24   259.757   16.117
45.26   349.404   18.6923
45.28   496.756   22.288
45.3   738.46   27.1746
45.32   1105.75   33.2528
45.34   1564.89   39.5586
45.36   1874.39   43.2942
45.38   1749.22   41.8237
45.4   1395.4   37.3551
45.42   1139.24   33.7526
45.44   1091.85   33.0432
45.46   1266.44   35.5871
45.48   1616.22   40.2022
45.5   1919.82   43.8157
45.52   1814.18   42.5932
45.54   1370.31   37.0178
45.56   930.375   30.502
45.58   619.386   24.8875
45.6   424.403   20.6011
45.62   306.684   17.5124
45.64   233.954   15.2956
45.66   186.143   13.6434
45.68   152.605   12.3533
45.7   127.943   11.3112
45.72   109.25   10.4523
45.74   94.8007   9.73657
45.76   86.4602   9.2984
45.78   77.6877   8.81406
45.8   70.9282   8.42189
45.82   65.9503   8.12098
45.84   62.6723   7.91658
45.86   61.0596   7.81407
45.88   60.9653   7.80802
45.9   62.7743   7.92302
45.92   68.3257   8.26593
45.94   80.4672   8.97035
45.96   95.8353   9.78955
45.98   105.622   10.2773
46   97.4419   9.87127
46.02   79.3181   8.90607
46.04   62.4147   7.9003
46.06   50.7893   7.12666
46.08   43.5489   6.59916
46.1   39.1964   6.2607
46.12   36.5988   6.0497
46.14   35.1363   5.92759
46.16   35.0382   5.91931
46.18   35.4136   5.95093
46.2   36.7447   6.06174
46.22   38.6731   6.21877
46.24   39.7002   6.30081
46.26   38.5425   6.20826
46.28   36.5212   6.04328
46.3   35.0551   5.92074
46.32   34.4219   5.86702
46.34   34.4858   5.87246
46.36   35.0803   5.92286
46.38   36.3388   6.02817
46.4   39.0255   6.24704
46.42   40.8784   6.39362
46.44   43.2003   6.57269
46.46   46.3636   6.80908
46.48   50.0106   7.07182
46.5   54.6645   7.39355
46.52   60.7767   7.79594
46.54   69.1817   8.31756
46.56   81.4475   9.02483
46.58   100.273   10.0137
46.6   129.538   11.3815
46.62   173.101   13.1568
46.64   229.175   15.1385
46.66   278.347   16.6837
46.68   303.834   17.4308
46.7   331.067   18.1952
46.72   374.86   19.3613
46.74   393.073   19.8261
46.76   345.249   18.5809
46.78   272.41   16.5048
46.8   216.64   14.7187
46.82   185.026   13.6024
46.84   171.282   13.0875
46.86   173.692   13.1792
46.88   188.512   13.73
46.9   217.803   14.7581
46.92   268.663   16.391
46.94   353.267   18.7954
46.96   485.238   22.0281
46.98   662.021   25.7298
47   824.016   28.7057
47.02   844.05   29.0525
47.04   742.364   27.2464
47.06   653.586   25.5653
47.08   642.618   25.3499
47.1   734.154   27.0953
47.12   960.765   30.9962
47.14   1373.85   37.0654
47.16   2011.63   44.8512
47.18   2764.49   52.5784
47.2   3139.7   56.033
47.22   2738.94   52.3348
47.24   2020.56   44.9507
47.26   1450.76   38.0889
47.28   1127.3   33.5753
47.3   1026.23   32.0348
47.32   1120.17   33.4689
47.34   1389.97   37.2823
47.36   1755.77   41.9019
47.38   1947.3   44.1283
47.4   1761.44   41.9695
47.42   1456.95   38.17
47.44   1283.79   35.83
47.46   1247.01   35.313
47.48   1182.93   34.3937
47.5   982.426   31.3437
47.52   755.925   27.4941
47.54   600.204   24.4991
47.56   530.919   23.0417
47.58   540.555   23.2498
47.6   612.205   24.7428
47.62   691.691   26.3
47.64   677.889   26.0363
47.66   570.231   23.8795
47.68   462.889   21.5149
47.7   399.802   19.9951
47.72   386.114   19.6498
47.74   424.216   20.5965
47.76   527.517   22.9677
47.78   722.436   26.8782
47.8   1035.15   32.1738
47.82   1434.36   37.873
47.84   1706.03   41.3041
47.86   1602.05   40.0256
47.88   1284.81   35.8442
47.9   979.205   31.2923
47.92   712.312   26.6892
47.94   501.535   22.395
47.96   358.517   18.9345
47.98   268   16.3707
48   210.934   14.5236
48.02   174.676   13.2165
48.04   151.836   12.3222
48.06   138.617   11.7736
48.08   132.356   11.5046
48.1   128.323   11.328
48.12   118.899   10.9041
48.14   104.644   10.2295
48.16   91.6471   9.57325
48.18   82.3657   9.07555
48.2   76.3613   8.73849
48.22   73.6406   8.58141
48.24   73.6007   8.57909
48.26   76.0931   8.72314
48.28   80.2998   8.96102
48.3   83.7349   9.15068
48.32   85.829   9.2644
48.34   89.441   9.45732
48.36   98.9717   9.94845
48.38   117.945   10.8603
48.4   150.188   12.2551
48.42   199.453   14.1228
48.44   252.152   15.8793
48.46   281.851   16.7884
48.48   287.673   16.9609
48.5   306.84   17.5168
48.52   355.231   18.8476
48.54   402.275   20.0568
48.56   412.347   20.3063
48.58   413.688   20.3393
48.6   428.152   20.6918
48.62   414.291   20.3541
48.64   341.237   18.4726
48.66   251.632   15.8629
48.68   186.877   13.6703
48.7   146.88   12.1194
48.72   125.225   11.1904
48.74   115.655   10.7543
48.76   114.347   10.6933
48.78   120.439   10.9744
48.8   133.364   11.5483
48.82   156.822   12.5229
48.84   196.285   14.0102
48.86   267.325   16.3501
48.88   385.413   19.6319
48.9   563.198   23.7318
48.92   773.383   27.8098
48.94   884.12   29.7342
48.96   789.639   28.1005
48.98   616.591   24.8313
49   498.562   22.3285
49.02   465.866   21.5839
49.04   497.764   22.3106
49.06   523.458   22.8792
49.08   464.047   21.5417
49.1   354.27   18.8221
49.12   259.477   16.1083
49.14   197.024   14.0365
49.16   160.865   12.6833
49.18   142.633   11.9429
49.2   136.386   11.6784
49.22   139.458   11.8092
49.24   152.328   12.3421
49.26   179.035   13.3804
49.28   228.364   15.1117
49.3   312.937   17.69
49.32   450.145   21.2166
49.34   635.529   25.2097
49.36   794.029   28.1785
49.38   791.171   28.1278
49.4   663.73   25.7629
49.42   551.921   23.493
49.44   488.263   22.0967
49.46   424.652   20.6071
49.48   345.134   18.5778
49.5   275.894   16.6101
49.52   221.033   14.8672
49.54   180.798   13.4461
49.56   155.834   12.4833
49.58   143.288   11.9703
49.6   140.02   11.833
49.62   144.399   12.0166
49.64   156.219   12.4988
49.66   176.789   13.2962
49.68   208.949   14.4551
49.7   257.34   16.0418
49.72   331.285   18.2012
49.74   446.608   21.1331
49.76   615.727   24.8138
49.78   820.921   28.6517
49.8   1011.9   31.8104
49.82   1231.75   35.0963
49.84   1579.24   39.7396
49.86   1963.81   44.3148
49.88   2013.25   44.8693
49.9   1608.55   40.1067
49.92   1111.15   33.3339
49.94   736.467   27.1379
49.96   497.809   22.3116
49.98   355.553   18.8561
50   271.165   16.4671
50.02   219.691   14.822
50.04   187.147   13.6802
50.06   166.955   12.9211
50.08   156.104   12.4941
50.1   154.641   12.4355
50.12   163.79   12.7981
50.14   187.443   13.691
50.16   231.647   15.2199
50.18   302.833   17.4021
50.2   410.32   20.2564
50.22   555.236   23.5634
50.24   672.475   25.9321
50.26   640.134   25.3009
50.28   486.778   22.063
50.3   334.481   18.2888
50.32   227.075   15.069
50.34   160.055   12.6513
50.36   119.88   10.949
50.38   95.2945   9.76189
50.4   78.5471   8.86268
50.42   67.5488   8.21881
50.44   59.6625   7.72415
50.46   53.9277   7.34355
50.48   49.8134   7.05786
50.5   47.0486   6.8592
50.52   45.5646   6.75016
50.54   45.0867   6.71466
50.56   46.5004   6.81912
50.58   49.2256   7.01609
50.6   51.7299   7.19235
50.62   52.2738   7.23006
50.64   51.0674   7.14614
50.66   50.9334   7.13676
50.68   52.7664   7.26405
50.7   56.7776   7.53509
50.72   63.2169   7.9509
50.74   72.727   8.52801
50.76   86.6748   9.30993
50.78   107.826   10.3839
50.8   141.512   11.8959
50.82   196.987   14.0352
50.84   286.944   16.9394
50.86   425.264   20.6219
50.88   599.963   24.4941
50.9   746.106   27.3149
50.92   814.878   28.5461
50.94   785.205   28.0215
50.96   629.593   25.0917
50.98   438.636   20.9436
51   291.628   17.0771
51.02   196.454   14.0162
51.04   138.529   11.7698
51.06   103.278   10.1626
51.08   80.8097   8.98942
51.1   65.5443   8.09595
51.12   54.6105   7.38989
51.14   46.521   6.82063
51.16   40.4526   6.36023
51.18   35.9782   5.99818
51.2   32.8574   5.73214
51.22   30.941   5.56247
51.24   29.8535   5.46384
51.26   28.4597   5.33476
51.28   26.1987   5.11847
51.3   24.1517   4.91444
51.32   21.5299   4.64003
51.34   19.5542   4.42201
51.36   16.2933   4.4
51.38   15.2385   4.4
51.4   14.4247   4.4
51.42   13.781   4.4
51.44   13.2671   4.4
51.46   12.8592   4.4
51.48   12.5421   4.4
51.5   12.3056   4.4
51.52   12.1427   4.4
51.54   12.049   4.4
51.56   12.0218   4.4
51.58   12.0604   4.4
51.6   12.1657   4.4
51.62   12.3401   4.4
51.64   12.5592   4.4
51.66   12.8877   4.4
51.68   15.3362   4.4
51.7   15.911   4.4
51.72   16.0042   4.4
51.74   16.8522   4.4
51.76   17.8656   4.4
51.78   19.0806   4.4
51.8   20.5457   4.53274
51.82   22.3269   4.72514
51.84   24.6352   4.96338
51.86   27.3645   5.23111
51.88   30.8185   5.55144
51.9   35.2774   5.93948
51.92   41.1814   6.41727
51.94   49.2816   7.02008
51.96   60.9985   7.81016
51.98   79.1644   8.89744
52   109.109   10.4455
52.02   159.281   12.6206
52.04   239.45   15.4742
52.06   351.349   18.7443
52.08   457.663   21.3931
52.1   467.021   21.6107
52.12   370.309   19.2434
52.14   258.54   16.0792
52.16   176.826   13.2976
52.18   125   11.1803
52.2   93.5059   9.66985
52.22   74.7705   8.64699
52.24   63.2304   7.95176
52.26   56.2492   7.49994
52.28   51.7448   7.19338
52.3   49.0688   7.00492
52.32   47.7284   6.90858
52.34   47.4399   6.88766
52.36   47.6721   6.9045
52.38   49.1062   7.00758
52.4   50.8012   7.12749
52.42   53.8996   7.34163
52.44   58.0705   7.6204
52.46   63.1987   7.94976
52.48   69.6446   8.34533
52.5   77.7383   8.81693
52.52   87.956   9.37849
52.54   100.99   10.0494
52.56   117.873   10.8569
52.58   140.201   11.8406
52.6   170.628   13.0625
52.62   214.014   14.6292
52.64   279.902   16.7303
52.66   386.619   19.6626
52.68   564.987   23.7695
52.7   855.324   29.2459
52.72   1281.74   35.8014
52.74   1760.72   41.9609
52.76   1995.47   44.6707
52.78   1763.02   41.9883
52.8   1287.8   35.8859
52.82   870.391   29.5024
52.84   590.94   24.3093
52.86   424.151   20.5949
52.88   330.089   18.1684
52.9   278.827   16.6981
52.92   253.267   15.9144
52.94   245.559   15.6703
52.96   253.446   15.92
52.98   278.844   16.6986
53   329.078   18.1405
53.02   420.627   20.5092
53.04   585.034   24.1875
53.06   861.009   29.343
53.08   1284.09   35.8343
53.1   1798.59   42.4098
53.12   2091.33   45.731
53.14   1845.28   42.9567
53.16   1330.81   36.4802
53.18   889.541   29.8252
53.2   597.062   24.4349
53.22   424.368   20.6002
53.24   330.702   18.1852
53.26   286.627   16.9301
53.28   273.862   16.5488
53.3   272.575   16.5099
53.32   253.795   15.931
53.34   212.792   14.5874
53.36   171.259   13.0866
53.38   141.45   11.8933
53.4   123.15   11.0973
53.42   113.862   10.6706
53.44   111.988   10.5824
53.46   117.879   10.8572
53.48   134.142   11.582
53.5   165.069   12.8479
53.52   213.861   14.624
53.54   272.462   16.5064
53.56   305.203   17.4701
53.58   287.496   16.9557
53.6   258.758   16.086
53.62   254.263   15.9456
53.64   282.47   16.8068
53.66   344.626   18.5641
53.68   426.877   20.661
53.7   475.806   21.813
53.72   442.17   21.0278
53.74   346.059   18.6027
53.76   250.107   15.8148
53.78   183.967   13.5634
53.8   147.506   12.1452
53.82   134.658   11.6042
53.84   141.101   11.8786
53.86   163.089   12.7706
53.88   188.073   13.714
53.9   187.627   13.6977
53.92   155.414   12.4665
53.94   118.113   10.868
53.96   90.3183   9.5036
53.98   72.5801   8.51939
54   61.9824   7.87289
54.02   55.7719   7.46806
54.04   52.1358   7.22051
54.06   50.0897   7.07741
54.08   49.2557   7.01824
54.1   49.182   7.01299
54.12   49.8598   7.06115
54.14   51.2472   7.15872
54.16   53.3542   7.3044
54.18   56.2369   7.49913
54.2   59.9992   7.74592
54.22   64.802   8.04997
54.24   68.9854   8.30575
54.26   76.723   8.75917
54.28   86.5522   9.30334
54.3   99.1791   9.95887
54.32   115.664   10.7547
54.34   137.678   11.7336
54.36   168.075   12.9644
54.38   212.249   14.5688
54.4   280.927   16.7609
54.42   394.204   19.8546
54.44   583.712   24.1601
54.46   885.668   29.7602
54.48   1305.49   36.1316
54.5   1699.9   41.2298
54.52   1727.61   41.5645
54.54   1363.63   36.9273
54.56   949.944   30.8212
54.58   649.914   25.4934
54.6   470.343   21.6874
54.62   375.335   19.3736
54.64   335.589   18.3191
54.66   336.128   18.3338
54.68   377.241   19.4227
54.7   473.513   21.7604
54.72   650.968   25.5141
54.74   933.538   30.5538
54.76   1291.2   35.9333
54.78   1561.65   39.5177
54.8   1577.57   39.7186
54.82   1335.2   36.5404
54.84   968.234   31.1165
54.86   651.445   25.5234
54.88   436.75   20.8986
54.9   303.911   17.433
54.92   223.121   14.9372
54.94   172.247   13.1243
54.96   138.142   11.7534
54.98   113.858   10.6704
55   95.7844   9.78695
55.02   81.7163   9.03971
55.04   70.841   8.41671
55.06   62.1515   7.88362
55.08   55.1027   7.42312
55.1   49.2936   7.02094
55.12   44.4805   6.66937
55.14   40.4596   6.36078
55.16   37.0751   6.08893
55.18   34.2002   5.84809
55.2   31.8087   5.63992
55.22   29.8015   5.45907
55.24   28.1362   5.30435
55.26   26.7863   5.17555
55.28   25.7407   5.07353
55.3   25.0051   5.00051
55.32   24.6064   4.96049
55.34   24.6022   4.96006
55.36   25.0998   5.00997
55.38   26.1755   5.1162
55.4   28.5071   5.3392
55.42   32.7975   5.72691
55.44   40.5568   6.36842
55.46   53.9854   7.34747
55.48   75.1495   8.66888
55.5   102.42   10.1203
55.52   121.529   11.024
55.54   112.61   10.6118
55.56   85.4634   9.24464
55.58   60.3385   7.76779
55.6   43.111   6.5659
55.62   32.5714   5.70713
55.64   26.6985   5.16706
55.66   23.0599   4.80207
55.68   20.8635   4.56766
55.7   19.7396   4.44293
55.72   19.0865   4.4
55.74   18.979   4.4
55.76   19.4101   4.40569
55.78   20.4557   4.5228
55.8   22.3075   4.72309
55.82   25.3758   5.03744
55.84   30.5157   5.5241
55.86   39.3696   6.27452
55.88   54.5791   7.38777
55.9   79.2641   8.90304
55.92   114.243   10.6884
55.94   148.436   12.1834
55.96   152.745   12.359
55.98   122.112   11.0504
56   83.8768   9.15843
56.02   56.6824   7.52877
56.04   39.4896   6.28407
56.06   29.2947   5.41246
56.08   23.2618   4.82304
56.1   19.5283   4.41909
56.12   17.086   4.4
56.14   15.4314   4.4
56.16   14.3054   4.4
56.18   13.5627   4.4
56.2   13.1164   4.4
56.22   12.9134   4.4
56.24   12.924   4.4
56.26   12.2421   4.4
56.28   12.6797   4.4
56.3   12.6218   4.4
56.32   13.5441   4.4
56.34   14.7697   4.4
56.36   16.3901   4.4
56.38   18.5554   4.4
56.4   21.7513   4.66383
56.42   25.7843   5.07783
56.44   31.2234   5.58779
56.46   38.0933   6.17197
56.48   46.0003   6.78235
56.5   56.1661   7.49441
56.52   72.8384   8.53454
56.54   102.199   10.1094
56.56   152.316   12.3416
56.58   230.678   15.1881
56.6   331.601   18.2099
56.62   403.744   20.0934
56.64   374.049   19.3403
56.66   276.509   16.6286
56.68   185.581   13.6228
56.7   123.264   11.1024
56.72   85.2883   9.23517
56.74   63.1435   7.94629
56.76   50.0936   7.07768
56.78   42.1731   6.49408
56.8   37.1419   6.09442
56.82   34.0696   5.83691
56.84   32.4566   5.69707
56.86   32.0652   5.66262
56.88   32.8254   5.72935
56.9   34.8135   5.9003
56.92   38.2776   6.18689
56.94   43.7279   6.61271
56.96   52.1539   7.22176
56.98   65.4717   8.09146
57   87.2403   9.34025
57.02   122.748   11.0792
57.04   178.887   13.3749
57.06   260.618   16.1437
57.08   352.837   18.784
57.1   400.271   20.0068
57.12   382.615   19.5606
57.14   348.66   18.6724
57.16   302.346   17.3881
57.18   231.242   15.2066
57.2   162.628   12.7526
57.22   113.914   10.6731
57.24   83.6722   9.14725
57.26   66.4671   8.15273
57.28   58.1114   7.62309
57.3   56.5284   7.51854
57.32   61.2872   7.82861
57.34   71.981   8.48416
57.36   84.9641   9.2176
57.38   94.6803   9.73038
57.4   98.4505   9.92222
57.42   89.2266   9.44598
57.44   69.2527   8.32182
57.46   50.6577   7.11742
57.48   37.6923   6.13941
57.5   29.6222   5.44262
57.52   24.8325   4.98322
57.54   22.0272   4.69331
57.56   20.4247   4.51937
57.58   19.6265   4.43018
57.6   19.6313   4.43072
57.62   20.0796   4.48102
57.64   21.107   4.59423
57.66   22.8533   4.78051
57.68   25.3205   5.03195
57.7   28.917   5.37746
57.72   34.3939   5.86463
57.74   42.9761   6.55562
57.76   57.2437   7.56596
57.78   81.4751   9.02635
57.8   121.267   11.0121
57.82   180.111   13.4205
57.84   246.303   15.6941
57.86   273.514   16.5383
57.88   232.509   15.2482
57.9   167.999   12.9614
57.92   116.914   10.8127
57.94   83.6351   9.14523
57.96   63.375   7.96084
57.98   52.2302   7.22705
58   47.6645   6.90395
58.02   48.7291   6.98062
58.04   56.0199   7.48465
58.06   70.8819   8.41914
58.08   93.0583   9.64667
58.1   113.681   10.6622
58.12   116.207   10.7799
58.14   101.88   10.0936
58.16   90.38   9.50684
58.18   91.1283   9.54612
58.2   102.03   10.101
58.22   108.824   10.4319
58.24   96.6212   9.82961
58.26   74.7358   8.64499
58.28   56.8003   7.5366
58.3   46.0224   6.78398
58.32   41.53   6.44437
58.34   42.4163   6.51278
58.36   49.0966   7.0069
58.38   63.7079   7.98173
58.4   89.5058   9.46075
58.42   127.985   11.3131
58.44   168.986   12.9994
58.46   179.951   13.4146
58.48   147.487   12.1444
58.5   104.292   10.2123
58.52   70.4502   8.39346
58.54   48.6915   6.97793
58.56   35.423   5.95172
58.58   27.7332   5.26623
58.6   23.0169   4.79759
58.62   19.7902   4.44861
58.64   17.6965   4.4
58.66   16.1625   4.4
58.68   15.0587   4.4
58.7   14.3417   4.4
58.72   13.96   4.4
58.74   13.8719   4.4
58.76   14.1282   4.4
58.78   14.5872   4.4
58.8   15.3423   4.4
58.82   16.4429   4.4
58.84   17.9431   4.4
58.86   20.0348   4.47602
58.88   22.9035   4.78576
58.9   26.8567   5.18234
58.92   32.6704   5.7158
58.94   41.5203   6.44363
58.96   55.6203   7.4579
58.98   78.3476   8.85142
59   113.822   10.6687
59.02   164.866   12.84
59.04   221.91   14.8966
59.06   252.621   15.8941
59.08   246.001   15.6844
59.1   223.758   14.9586
59.12   192.187   13.8631
59.14   155.875   12.485
59.16   129.057   11.3603
59.18   113.576   10.6572
59.2   96.991   9.8484
59.22   75.2728   8.67599
59.24   56.0771   7.48847
59.26   42.6309   6.52924
59.28   34.0593   5.83604
59.3   28.819   5.36834
59.32   25.4368   5.04349
59.34   23.7001   4.86828
59.36   22.9202   4.7875
59.38   22.9733   4.79304
59.4   23.8551   4.88417
59.42   25.6501   5.06459
59.44   28.5591   5.34408
59.46   33.1433   5.75702
59.48   40.8589   6.39209
59.5   54.1386   7.35789
59.52   76.0771   8.72222
59.54   108.731   10.4274
59.56   146.299   12.0954
59.58   164.666   12.8322
59.6   148.345   12.1797
59.62   121.368   11.0167
59.64   101.627   10.081
59.66   85.9867   9.2729
59.68   70.4394   8.39282
59.7   58.6517   7.65844
59.72   52.0545   7.21488
59.74   50.0221   7.07263
59.76   51.9539   7.20791
59.78   57.3644   7.57393
59.8   66.2228   8.13774
59.82   80.2838   8.96013
59.84   102.818   10.1399
59.86   140.374   11.848
59.88   204.221   14.2906
59.9   309.389   17.5895
59.92   465.54   21.5764
59.94   643.38   25.3649
59.96   722.101   26.8719
59.98   622.024   24.9404
60   452.732   21.2775
60.02   306.669   17.512
60.04   204.779   14.3101
60.06   141.448   11.8932
60.08   103.904   10.1933
60.1   81.7213   9.03998
60.12   68.8431   8.29717
60.14   62.631   7.91398
60.16   62.6238   7.91352
60.18   69.4233   8.33206
60.2   82.8317   9.10119
60.22   96.7581   9.83657
60.24   96.1688   9.80657
60.26   78.1204   8.83857
60.28   57.4476   7.57942
60.3   41.9197   6.47454
60.32   31.7708   5.63656
60.34   25.4081   5.04064
60.36   21.3383   4.61934
60.38   18.5775   4.4
60.4   16.5851   4.4
60.42   15.0839   4.4
60.44   13.9251   4.4
60.46   13.0257   4.4
60.48   12.5366   4.4
60.5   11.9978   4.4
60.52   11.595   4.4
60.54   11.1478   4.4
60.56   10.9666   4.4
60.58   10.9615   4.4
60.6   11.0221   4.4
60.62   11.2063   4.4
60.64   11.5373   4.4
60.66   12.059   4.4
60.68   12.8596   4.4
60.7   14.11   4.4
60.72   16.129   4.4
60.74   19.4079   4.40544
60.76   24.4831   4.94804
60.78   31.3216   5.59657
60.8   38.1262   6.17464
60.82   38.5972   6.21266
60.84   33.8884   5.82137
60.86   28.9007   5.37594
60.88   25.7803   5.07743
60.9   24.5969   4.95952
60.92   24.9277   4.99276
60.94   26.3963   5.13773
60.96   28.8574   5.37191
60.98   32.37   5.68946
61   37.2003   6.09921
61.02   43.892   6.6251
61.04   53.3134   7.3016
61.06   67.48   8.21462
61.08   88.9924   9.43358
61.1   121.611   11.0277
61.12   168.651   12.9866
61.14   228.416   15.1134
61.16   301.046   17.3507
61.18   405.06   20.1261
61.2   538.473   23.205
61.22   618.819   24.8761
61.24   552.513   23.5056
61.26   405.514   20.1374
61.28   277.395   16.6552
61.3   194.111   13.9324
61.32   149.324   12.2198
61.34   133.04   11.5343
61.36   138.155   11.7539
61.38   157.43   12.5471
61.4   172.361   13.1286
61.42   156.707   12.5183
61.44   121.388   11.0176
61.46   89.115   9.44007
61.48   66.9426   8.18184
61.5   53.268   7.29849
61.52   45.3909   6.73728
61.54   41.154   6.41514
61.56   39.3576   6.27357
61.58   39.6543   6.29716
61.6   42.2652   6.50117
61.62   48.3091   6.95047
61.64   59.7161   7.72762
61.66   78.8306   8.87866
61.68   106.228   10.3067
61.7   133.368   11.5485
61.72   137.962   11.7457
61.74   116.491   10.7931
61.76   91.293   9.55474
61.78   74.4013   8.62562
61.8   66.8286   8.17488
61.82   67.1411   8.19397
61.84   75.0699   8.66429
61.86   92.4411   9.61463
61.88   123.123   11.0961
61.9   171.124   13.0814
61.92   235.056   15.3315
61.94   291.749   17.0807
61.96   301.178   17.3545
61.98   279.289   16.7119
62   268.43   16.3838
62.02   264.532   16.2644
62.04   237.467   15.41
62.06   196.023   14.0008
62.08   167.331   12.9357
62.1   159.621   12.6341
62.12   169.577   13.0222
62.14   187.865   13.7064
62.16   213.158   14.5999
62.18   264.562   16.2654
62.2   363.104   19.0553
62.22   514.877   22.6909
62.24   673.57   25.9532
62.26   705.212   26.5558
62.28   568.547   23.8442
62.3   395.152   19.8784
62.32   264.398   16.2603
62.34   181.787   13.4829
62.36   132.68   11.5187
62.38   102.312   10.1149
62.4   82.2951   9.07167
62.42   68.9393   8.30297
62.44   60.177   7.75738
62.46   54.8019   7.40283
62.48   52.2506   7.22846
62.5   52.58   7.25121
62.52   56.608   7.52383
62.54   66.0388   8.12642
62.56   83.1597   9.11919
62.58   109.24   10.4518
62.6   137.344   11.7194
62.62   150.184   12.255
62.64   139.744   11.8213
62.66   116.513   10.7941
62.68   95.4352   9.76909
62.7   84.6677   9.20151
62.72   85.4501   9.24392
62.74   97.7862   9.88869
62.76   122.778   11.0805
62.78   162.414   12.7442
62.8   221.987   14.8992
62.82   299.175   17.2967
62.84   356.007   18.8681
62.86   347.363   18.6377
62.88   304.451   17.4485
62.9   274.741   16.5753
62.92   253.912   15.9346
62.94   212.75   14.5859
62.96   160.491   12.6685
62.98   120.041   10.9563
63   97.1123   9.85456
63.02   88.4809   9.40643
63.04   86.5205   9.30164
63.06   79.5963   8.92167
63.08   65.1976   8.0745
63.1   51.1371   7.15102
63.12   41.3079   6.42712
63.14   35.7863   5.98216
63.16   34.0589   5.836
63.18   36.0984   6.00819
63.2   42.2748   6.5019
63.22   52.7544   7.26322
63.24   63.4294   7.96426
63.26   64.0119   8.00074
63.28   52.6306   7.25469
63.3   38.9692   6.24253
63.32   28.6989   5.35713
63.34   22.1995   4.71164
63.36   18.1168   4.4
63.38   15.5816   4.4
63.4   13.9184   4.4
63.42   12.5431   4.4
63.44   11.7106   4.4
63.46   11.0996   4.4
63.48   10.6535   4.4
63.5   10.1882   4.4
63.52   9.98291   4.4
63.54   9.87018   4.4
63.56   9.84151   4.4
63.58   9.8927   4.4
63.6   9.97189   4.4
63.62   10.1783   4.4
63.64   10.4574   4.4
63.66   10.8231   4.4
63.68   11.2833   4.4
63.7   11.8623   4.4
63.72   12.5816   4.4
63.74   12.8257   4.4
63.76   13.9417   4.4
63.78   15.3245   4.4
63.8   17.0564   4.4
63.82   19.2578   4.4
63.84   22.1047   4.70156
63.86   25.9053   5.08972
63.88   31.1784   5.58376
63.9   38.9491   6.24092
63.92   51.2293   7.15746
63.94   71.5521   8.45884
63.96   104.874   10.2408
63.98   155.492   12.4697
64   217.468   14.7468
64.02   255.596   15.9874
64.04   231.124   15.2028
64.06   173.55   13.1738
64.08   124.182   11.1437
64.1   92.5457   9.62007
64.12   75.9266   8.71359
64.14   69.6221   8.34399
64.16   70.5722   8.40073
64.18   77.8047   8.8207
64.2   92.3996   9.61247
64.22   117.82   10.8545
64.24   161.458   12.7066
64.26   234.783   15.3226
64.28   346.841   18.6237
64.3   481.377   21.9403
64.32   556.523   23.5907
64.34   497.881   22.3132
64.36   383.185   19.5751
64.38   299.404   17.3033
64.4   263.218   16.224
64.42   251.741   15.8663
64.44   223.71   14.9569
64.46   173.642   13.1773
64.48   127.099   11.2738
64.5   94.5117   9.72171
64.52   74.31   8.62032
64.54   62.7237   7.91983
64.56   56.8623   7.54071
64.58   55.0305   7.41825
64.6   56.7998   7.53656
64.62   62.9183   7.93211
64.64   75.6038   8.69505
64.66   98.9218   9.94594
64.68   138.412   11.7649
64.7   197.935   14.069
64.72   267.278   16.3486
64.74   307.221   17.5277
64.76   300.328   17.33
64.78   278.692   16.6941
64.8   244.721   15.6436
64.82   188.642   13.7347
64.84   132.44   11.5082
64.86   91.5135   9.56627
64.88   65.1974   8.07449
64.9   48.9061   6.99329
64.92   38.69   6.22013
64.94   31.9928   5.65622
64.96   27.3528   5.22999
64.98   24.0471   4.90379
65   21.7083   4.65921
65.02   20.1725   4.49138
65.04   19.3984   4.40436
65.06   19.3836   4.40268
65.08   19.9462   4.46612
65.1   20.2581   4.5009
65.12   19.3528   4.4
65.14   17.8366   4.4
65.16   16.6902   4.4
65.18   16.1794   4.4
65.2   16.2667   4.4
65.22   16.9416   4.4
65.24   18.118   4.4
65.26   19.9502   4.46657
65.28   22.7004   4.76449
65.3   26.9155   5.18801
65.32   33.6951   5.80474
65.34   44.8847   6.69961
65.36   63.1411   7.94614
65.38   90.7246   9.52495
65.4   124.819   11.1723
65.42   147.887   12.1609
65.44   143.032   11.9596
65.46   128.6   11.3402
65.48   126.212   11.2344
65.5   137.467   11.7246
65.52   143.104   11.9626
65.54   124.351   11.1513
65.56   94.7693   9.73495
65.58   71.3743   8.44833
65.6   57.6915   7.59549
65.62   52.4623   7.24308
65.64   54.5347   7.38476
65.66   64.2373   8.01482
65.68   83.3346   9.12878
65.7   113.047   10.6324
65.72   148.691   12.1939
65.74   181.42   13.4692
65.76   206.69   14.3767
65.78   203.34   14.2597
65.8   164.703   12.8337
65.82   121.311   11.0141
65.84   92.3799   9.61145
65.86   80.0342   8.94618
65.88   82.3261   9.07338
65.9   95.2002   9.75706
65.92   106.383   10.3142
65.94   98.3891   9.91913
65.96   75.2848   8.67668
65.98   53.2748   7.29896
66   37.8384   6.15129
66.02   28.1959   5.30998
66.04   22.4857   4.7419
66.06   19.251   4.4
66.08   17.7303   4.4
66.1   17.746   4.4
66.12   19.4524   4.41049
66.14   22.8914   4.78449
66.16   26.8008   5.17695
66.18   27.4127   5.23571
66.2   23.0578   4.80186
66.22   17.8408   4.4
66.24   13.9411   4.4
66.26   11.4747   4.4
66.28   10.4804   4.4
66.3   10.6191   4.4
66.32   11.9641   4.4
66.34   14.4886   4.4
66.36   17.8376   4.4
66.38   19.8794   4.45863
66.4   18.2053   4.4
66.42   14.5536   4.4
66.44   11.4429   4.4
66.46   9.50511   4.4
66.48   8.56911   4.4
66.5   8.3802   4.4
66.52   8.80488   4.4
66.54   9.90434   4.4
66.56   12.0011   4.4
66.58   15.752   4.4
66.6   22.1469   4.70605
66.62   32.0741   5.6634
66.64   44.6611   6.6829
66.66   53.3744   7.30578
66.68   50.3764   7.09763
66.7   41.3153   6.42769
66.72   34.9419   5.91117
66.74   32.698   5.71822
66.76   30.7873   5.54863
66.78   25.3043   5.03033
66.8   18.6876   4.4
66.82   13.5147   4.4
66.84   10.0869   4.4
66.86   7.95332   4.4
66.88   6.5229   4.4
66.9   5.69988   4.4
66.92   5.17408   4.4
66.94   4.9254   4.4
66.96   4.75681   4.4
66.98   4.61731   4.4
67   4.72151   4.4
67.02   4.97619   4.4
67.04   5.41989   4.4
67.06   6.13021   4.4
67.08   7.26538   4.4
67.1   9.14711   4.4
67.12   12.3692   4.4
67.14   17.8295   4.4
67.16   26.4554   5.14348
67.18   37.9563   6.16087
67.2   47.1863   6.86923
67.22   45.2824   6.72922
67.24   34.2657   5.85369
67.26   23.3639   4.83362
67.28   15.7071   4.4
67.3   10.9791   4.4
67.32   8.31219   4.4
67.34   6.92239   4.4
67.36   5.90241   4.4
67.38   5.23863   4.4
67.4   4.71758   4.4
67.42   4.52906   4.4
67.44   4.38799   4.4
67.46   4.32286   4.4
67.48   4.34186   4.4
67.5   4.44145   4.4
67.52   4.66004   4.4
67.54   4.94002   4.4
67.56   5.34708   4.4
67.58   5.8943   4.4
67.6   6.65075   4.4
67.62   7.72112   4.4
67.64   9.29059   4.4
67.66   11.8293   4.4
67.68   16.001   4.4
67.7   22.9187   4.78735
67.72   33.6572   5.80148
67.74   48.1955   6.9423
67.76   58.9338   7.67683
67.78   56.2738   7.50159
67.8   44.2318   6.6507
67.82   33.2781   5.76872
67.84   26.6025   5.15776
67.86   22.8332   4.77841
67.88   19.4919   4.41496
67.9   16.236   4.4
67.92   13.8397   4.4
67.94   12.4239   4.4
67.96   11.7882   4.4
67.98   11.7321   4.4
68   12.1318   4.4
68.02   12.9478   4.4
68.04   14.2175   4.4
68.06   16.0584   4.4
68.08   18.7094   4.4
68.1   22.6582   4.76006
68.12   28.8543   5.37162
68.14   39.056   6.24948
68.16   56.1148   7.49098
68.18   83.1243   9.11725
68.2   119.526   10.9328
68.22   151.139   12.2938
68.24   149.695   12.235
68.26   118.698   10.8949
68.28   87.019   9.3284
68.3   66.8807   8.17806
68.32   59.068   7.68557
68.34   61.9229   7.86911
68.36   73.9759   8.60093
68.38   90.3108   9.5032
68.4   97.6219   9.88038
68.42   86.4548   9.29811
68.44   67.1897   8.19693
68.46   51.1507   7.15197
68.48   41.019   6.40461
68.5   35.7244   5.97699
68.52   33.7698   5.81118
68.54   34.1591   5.84458
68.56   36.562   6.04665
68.58   41.2665   6.4239
68.6   49.224   7.01598
68.62   61.9653   7.8718
68.64   81.1524   9.00846
68.66   106.542   10.3219
68.68   131.652   11.474
68.7   151.754   12.3188
68.72   179.961   13.4149
68.74   229.763   15.1579
68.76   294.783   17.1693
68.78   355.549   18.856
68.8   399.413   19.9853
68.82   394.642   19.8656
68.84   345.072   18.5761
68.86   288.622   16.9889
68.88   229.807   15.1594
68.9   175.345   13.2418
68.92   136.257   11.6729
68.94   115.532   10.7486
68.96   109.885   10.4826
68.98   112.063   10.586
69   110.674   10.5202
69.02   102.625   10.1304
69.04   96.6863   9.83292
69.06   99.2723   9.96355
69.08   113.024   10.6313
69.1   139.785   11.8231
69.12   181.042   13.4552
69.14   243.578   15.607
69.16   340.076   18.4411
69.18   462.809   21.513
69.2   555.454   23.5681
69.22   535.236   23.1352
69.24   412.379   20.3071
69.26   282.622   16.8114
69.28   188.899   13.744
69.3   129.848   11.3951
69.32   94.5923   9.72586
69.34   73.4722   8.5716
69.36   60.2961   7.76505
69.38   51.7253   7.19203
69.4   46.1108   6.79049
69.42   42.6505   6.53073
69.44   40.9952   6.40275
69.46   41.1073   6.4115
69.48   43.2232   6.57443
69.5   47.8431   6.91687
69.52   55.6094   7.45717
69.54   66.9608   8.18296
69.56   83.5009   9.13788
69.58   110.231   10.4991
69.6   150.786   12.2795
69.62   196.453   14.0162
69.64   217.889   14.7611
69.66   203.83   14.2769
69.68   178.005   13.3418
69.7   160.228   12.6581
69.72   162.229   12.7369
69.74   182.191   13.4978
69.76   198.911   14.1036
69.78   196.056   14.002
69.8   193.274   13.9023
69.82   204.396   14.2967
69.84   208.093   14.4254
69.86   177.216   13.3123
69.88   130.032   11.4032
69.9   91.1328   9.54635
69.92   65.358   8.08443
69.94   49.8563   7.0609
69.96   41.15   6.41483
69.98   36.779   6.06457
70   35.2665   5.93856
