1.54056
5   0   4.4
5.02   0   4.4
5.04   0   4.4
5.06   0   4.4
5.08   0   4.4
5.1   0   4.4
5.12   0   4.4
5.14   0   4.4
5.16   0   4.4
5.18   0   4.4
5.2   0   4.4
5.22   0   4.4
5.24   0   4.4
5.26   0   4.4
5.28   0   4.4
5.3   0   4.4
5.32   0   4.4
5.34   0   4.4
5.36   0   4.4
5.38   0   4.4
5.4   0   4.4
5.42   0   4.4
5.44   0   4.4
5.46   0   4.4
5.48   0   4.4
5.5   0   4.4
5.52   0   4.4
5.54   0   4.4
5.56   0   4.4
5.58   0   4.4
5.6   0   4.4
5.62   0   4.4
5.64   0   4.4
5.66   0   4.4
5.68   0   4.4
5.7   0   4.4
5.72   0   4.4
5.74   0   4.4
5.76   0   4.4
5.78   0   4.4
5.8   0   4.4
5.82   0   4.4
5.84   0   4.4
5.86   0   4.4
5.88   0   4.4
5.9   0   4.4
5.92   0   4.4
5.94   0   4.4
5.96   0   4.4
5.98   0   4.4
6   0   4.4
6.02   0   4.4
6.04   0   4.4
6.06   0   4.4
6.08   0   4.4
6.1   0   4.4
6.12   0   4.4
6.14   0   4.4
6.16   0   4.4
6.18   0   4.4
6.2   0   4.4
6.22   0   4.4
6.24   0   4.4
6.26   0   4.4
6.28   0   4.4
6.3   0   4.4
6.32   0   4.4
6.34   0   4.4
6.36   0   4.4
6.38   0   4.4
6.4   0   4.4
6.42   0   4.4
6.44   0   4.4
6.46   0   4.4
6.48   0   4.4
6.5   0   4.4
6.52   0   4.4
6.54   0   4.4
6.56   0   4.4
6.58   0   4.4
6.6   0   4.4
6.62   0   4.4
6.64   0   4.4
6.66   0   4.4
6.68   0   4.4
6.7   0   4.4
6.72   0   4.4
6.74   0   4.4
6.76   0   4.4
6.78   0   4.4
6.8   0   4.4
6.82   0   4.4
6.84   0   4.4
6.86   0   4.4
6.88   0   4.4
6.9   0   4.4
6.92   0   4.4
6.94   0   4.4
6.96   0   4.4
6.98   0   4.4
7   0   4.4
7.02   0   4.4
7.04   0   4.4
7.06   0   4.4
7.08   0   4.4
7.1   0   4.4
7.12   0   4.4
7.14   0   4.4
7.16   0   4.4
7.18   0   4.4
7.2   0   4.4
7.22   0   4.4
7.24   0   4.4
7.26   0   4.4
7.28   0   4.4
7.3   0   4.4
7.32   0   4.4
7.34   0   4.4
7.36   0   4.4
7.38   0   4.4
7.4   0   4.4
7.42   0   4.4
7.44   0   4.4
7.46   0   4.4
7.48   0   4.4
7.5   0   4.4
7.52   0   4.4
7.54   0   4.4
7.56   0   4.4
7.58   0   4.4
7.6   0   4.4
7.62   0   4.4
7.64   0   4.4
7.66   0   4.4
7.68   0   4.4
7.7   0   4.4
7.72   0   4.4
7.74   0   4.4
7.76   0   4.4
7.78   0   4.4
7.8   0   4.4
7.82   0   4.4
7.84   0   4.4
7.86   0   4.4
7.88   0   4.4
7.9   0   4.4
7.92   0   4.4
7.94   0   4.4
7.96   0   4.4
7.98   0   4.4
8   0   4.4
8.02   0   4.4
8.04   0   4.4
8.06   0   4.4
8.08   0   4.4
8.1   0   4.4
8.12   0   4.4
8.14   0   4.4
8.16   0   4.4
8.18   0   4.4
8.2   0   4.4
8.22   0   4.4
8.24   0   4.4
8.26   0   4.4
8.28   0   4.4
8.3   0   4.4
8.32   0   4.4
8.34   0   4.4
8.36   0   4.4
8.38   0   4.4
8.4   0   4.4
8.42   0   4.4
8.44   0   4.4
8.46   0   4.4
8.48   0   4.4
8.5   0   4.4
8.52   0   4.4
8.54   0   4.4
8.56   0   4.4
8.58   0   4.4
8.6   0   4.4
8.62   0   4.4
8.64   0   4.4
8.66   0   4.4
8.68   0   4.4
8.7   0   4.4
8.72   0   4.4
8.74   0   4.4
8.76   0   4.4
8.78   0   4.4
8.8   0   4.4
8.82   0   4.4
8.84   0   4.4
8.86   0   4.4
8.88   0   4.4
8.9   0   4.4
8.92   0   4.4
8.94   0   4.4
8.96   0   4.4
8.98   0   4.4
9   0   4.4
9.02   0   4.4
9.04   0   4.4
9.06   0   4.4
9.08   0   4.4
9.1   0   4.4
9.12   0   4.4
9.14   0   4.4
9.16   0   4.4
9.18   0   4.4
9.2   0   4.4
9.22   0   4.4
9.24   0   4.4
9.26   0   4.4
9.28   0   4.4
9.3   0   4.4
9.32   0   4.4
9.34   0   4.4
9.36   0   4.4
9.38   0   4.4
9.4   0   4.4
9.42   0   4.4
9.44   0   4.4
9.46   0   4.4
9.48   0   4.4
9.5   0   4.4
9.52   0   4.4
9.54   0   4.4
9.56   0   4.4
9.58   0   4.4
9.6   0   4.4
9.62   0   4.4
9.64   0   4.4
9.66   0   4.4
9.68   0   4.4
9.7   0   4.4
9.72   0   4.4
9.74   0   4.4
9.76   0   4.4
9.78   0   4.4
9.8   0   4.4
9.82   0   4.4
9.84   0   4.4
9.86   0   4.4
9.88   0   4.4
9.9   0   4.4
9.92   0   4.4
9.94   0   4.4
9.96   0   4.4
9.98   0   4.4
10   0   4.4
10.02   0   4.4
10.04   0   4.4
10.06   0   4.4
10.08   0   4.4
10.1   0   4.4
10.12   0   4.4
10.14   0   4.4
10.16   0   4.4
10.18   0   4.4
10.2   0   4.4
10.22   0   4.4
10.24   0   4.4
10.26   0   4.4
10.28   0   4.4
10.3   0   4.4
10.32   0   4.4
10.34   0   4.4
10.36   0   4.4
10.38   0   4.4
10.4   0   4.4
10.42   0   4.4
10.44   0   4.4
10.46   0   4.4
10.48   0   4.4
10.5   0   4.4
10.52   0   4.4
10.54   0   4.4
10.56   0   4.4
10.58   0   4.4
10.6   0   4.4
10.62   0   4.4
10.64   0   4.4
10.66   0   4.4
10.68   0   4.4
10.7   0   4.4
10.72   0   4.4
10.74   0   4.4
10.76   0   4.4
10.78   0   4.4
10.8   0   4.4
10.82   0   4.4
10.84   0   4.4
10.86   0   4.4
10.88   0   4.4
10.9   0   4.4
10.92   0   4.4
10.94   0   4.4
10.96   0   4.4
10.98   0   4.4
11   0   4.4
11.02   0   4.4
11.04   0   4.4
11.06   0   4.4
11.08   0   4.4
11.1   0   4.4
11.12   0   4.4
11.14   0   4.4
11.16   0   4.4
11.18   0   4.4
11.2   0   4.4
11.22   0   4.4
11.24   0   4.4
11.26   0   4.4
11.28   0   4.4
11.3   0   4.4
11.32   0   4.4
11.34   0   4.4
11.36   0   4.4
11.38   0   4.4
11.4   0   4.4
11.42   0   4.4
11.44   0   4.4
11.46   0   4.4
11.48   0   4.4
11.5   0   4.4
11.52   0   4.4
11.54   0   4.4
11.56   0   4.4
11.58   0   4.4
11.6   0   4.4
11.62   0   4.4
11.64   0   4.4
11.66   0   4.4
11.68   0   4.4
11.7   0   4.4
11.72   0   4.4
11.74   0   4.4
11.76   0   4.4
11.78   0   4.4
11.8   0   4.4
11.82   0   4.4
11.84   0   4.4
11.86   0   4.4
11.88   0   4.4
11.9   0   4.4
11.92   0   4.4
11.94   0   4.4
11.96   0   4.4
11.98   0   4.4
12   0   4.4
12.02   0   4.4
12.04   0   4.4
12.06   0   4.4
12.08   0   4.4
12.1   0   4.4
12.12   0   4.4
12.14   0   4.4
12.16   0   4.4
12.18   0   4.4
12.2   0   4.4
12.22   0   4.4
12.24   0   4.4
12.26   0   4.4
12.28   0   4.4
12.3   0   4.4
12.32   0   4.4
12.34   0   4.4
12.36   0   4.4
12.38   0   4.4
12.4   0   4.4
12.42   0   4.4
12.44   0   4.4
12.46   0   4.4
12.48   0   4.4
12.5   0   4.4
12.52   0   4.4
12.54   0   4.4
12.56   0   4.4
12.58   0   4.4
12.6   0   4.4
12.62   0   4.4
12.64   0   4.4
12.66   0   4.4
12.68   0   4.4
12.7   0   4.4
12.72   0   4.4
12.74   0   4.4
12.76   0   4.4
12.78   0   4.4
12.8   0   4.4
12.82   0   4.4
12.84   0   4.4
12.86   0   4.4
12.88   0   4.4
12.9   0   4.4
12.92   0   4.4
12.94   0   4.4
12.96   0   4.4
12.98   0   4.4
13   0   4.4
13.02   0   4.4
13.04   0   4.4
13.06   0   4.4
13.08   0   4.4
13.1   0   4.4
13.12   0   4.4
13.14   0   4.4
13.16   0   4.4
13.18   0   4.4
13.2   0   4.4
13.22   0   4.4
13.24   0   4.4
13.26   0   4.4
13.28   0   4.4
13.3   0   4.4
13.32   0   4.4
13.34   0   4.4
13.36   0   4.4
13.38   0   4.4
13.4   0   4.4
13.42   0   4.4
13.44   0   4.4
13.46   0   4.4
13.48   0   4.4
13.5   0   4.4
13.52   0   4.4
13.54   0   4.4
13.56   0   4.4
13.58   0   4.4
13.6   0   4.4
13.62   0   4.4
13.64   0   4.4
13.66   0   4.4
13.68   0   4.4
13.7   0   4.4
13.72   0   4.4
13.74   0   4.4
13.76   0   4.4
13.78   0   4.4
13.8   0   4.4
13.82   0   4.4
13.84   0   4.4
13.86   0   4.4
13.88   0   4.4
13.9   0   4.4
13.92   0   4.4
13.94   0   4.4
13.96   0   4.4
13.98   0   4.4
14   0   4.4
14.02   0   4.4
14.04   0   4.4
14.06   0   4.4
14.08   0   4.4
14.1   0   4.4
14.12   0   4.4
14.14   0   4.4
14.16   0   4.4
14.18   0   4.4
14.2   0   4.4
14.22   0   4.4
14.24   0   4.4
14.26   0   4.4
14.28   0   4.4
14.3   0   4.4
14.32   0   4.4
14.34   0   4.4
14.36   0   4.4
14.38   0   4.4
14.4   0   4.4
14.42   0   4.4
14.44   0   4.4
14.46   0   4.4
14.48   0   4.4
14.5   0   4.4
14.52   0   4.4
14.54   0   4.4
14.56   0   4.4
14.58   0   4.4
14.6   0   4.4
14.62   0   4.4
14.64   0   4.4
14.66   0   4.4
14.68   0   4.4
14.7   0   4.4
14.72   0   4.4
14.74   0   4.4
14.76   0   4.4
14.78   0   4.4
14.8   0   4.4
14.82   0   4.4
14.84   0   4.4
14.86   0   4.4
14.88   0   4.4
14.9   0   4.4
14.92   0   4.4
14.94   0   4.4
14.96   0   4.4
14.98   0   4.4
15   0   4.4
15.02   0   4.4
15.04   0   4.4
15.06   0   4.4
15.08   0   4.4
15.1   0   4.4
15.12   0   4.4
15.14   0   4.4
15.16   0   4.4
15.18   0   4.4
15.2   0   4.4
15.22   0   4.4
15.24   0   4.4
15.26   0   4.4
15.28   0   4.4
15.3   0   4.4
15.32   0   4.4
15.34   0   4.4
15.36   0   4.4
15.38   0   4.4
15.4   0   4.4
15.42   0   4.4
15.44   0   4.4
15.46   0   4.4
15.48   0   4.4
15.5   0   4.4
15.52   0   4.4
15.54   0   4.4
15.56   0   4.4
15.58   0   4.4
15.6   0   4.4
15.62   0   4.4
15.64   0   4.4
15.66   0   4.4
15.68   0   4.4
15.7   0   4.4
15.72   0   4.4
15.74   0   4.4
15.76   0   4.4
15.78   0   4.4
15.8   0   4.4
15.82   0   4.4
15.84   0   4.4
15.86   0   4.4
15.88   0   4.4
15.9   0   4.4
15.92   0   4.4
15.94   0   4.4
15.96   0   4.4
15.98   0   4.4
16   0   4.4
16.02   0   4.4
16.04   0   4.4
16.06   0   4.4
16.08   0   4.4
16.1   0   4.4
16.12   0   4.4
16.14   0   4.4
16.16   0   4.4
16.18   0   4.4
16.2   0   4.4
16.22   0   4.4
16.24   0   4.4
16.26   0   4.4
16.28   0   4.4
16.3   0   4.4
16.32   0   4.4
16.34   1.3196   4.4
16.36   1.35655   4.4
16.38   1.39507   4.4
16.4   1.43526   4.4
16.42   1.4772   4.4
16.44   1.52102   4.4
16.46   1.56681   4.4
16.48   1.61469   4.4
16.5   1.66481   4.4
16.52   1.7173   4.4
16.54   1.7723   4.4
16.56   1.82999   4.4
16.58   1.89054   4.4
16.6   1.95415   4.4
16.62   2.02102   4.4
16.64   2.09138   4.4
16.66   2.16547   4.4
16.68   2.24357   4.4
16.7   2.32597   4.4
16.72   2.41299   4.4
16.74   2.50499   4.4
16.76   2.60234   4.4
16.78   2.70547   4.4
16.8   2.81486   4.4
16.82   2.93101   4.4
16.84   3.05449   4.4
16.86   3.18593   4.4
16.88   3.32604   4.4
16.9   3.47559   4.4
16.92   3.63544   4.4
16.94   3.80657   4.4
16.96   3.99006   4.4
16.98   4.18712   4.4
17   4.39913   4.4
17.02   4.62764   4.4
17.04   4.87439   4.4
17.06   5.1414   4.4
17.08   5.43091   4.4
17.1   5.74555   4.4
17.12   6.08829   4.4
17.14   6.46257   4.4
17.16   6.87238   4.4
17.18   7.32236   4.4
17.2   7.81791   4.4
17.22   8.36539   4.4
17.24   8.9723   4.4
17.26   9.64752   4.4
17.28   10.4017   4.4
17.3   11.2475   4.4
17.32   12.2005   4.4
17.34   13.2794   4.4
17.36   14.5073   4.4
17.38   15.9129   4.4
17.4   17.5319   4.4
17.42   19.4095   4.40563
17.44   21.6036   4.64797
17.46   24.1889   4.91822
17.48   27.2633   5.22142
17.5   30.957   5.5639
17.52   35.4463   5.95368
17.54   40.9738   6.40108
17.56   47.8806   6.91958
17.58   56.6574   7.52711
17.6   68.0311   8.2481
17.62   83.1266   9.11738
17.64   103.816   10.189
17.66   133.55   11.5564
17.68   179.18   13.3858
17.7   253.976   15.9366
17.72   380.229   19.4995
17.74   586.765   24.2232
17.76   890.506   29.8413
17.78   1226.88   35.0269
17.8   1352.52   36.7767
17.82   1125.8   33.5529
17.84   782.425   27.9719
17.86   509.403   22.57
17.88   331.983   18.2204
17.9   225.387   15.0129
17.92   162.017   12.7286
17.94   122.608   11.0729
17.96   96.3381   9.8152
17.98   77.7368   8.81685
18   64.005   8.00032
18.02   53.5717   7.31927
18.04   45.4665   6.74288
18.06   39.0516   6.24913
18.08   33.8921   5.82169
18.1   29.6832   5.44823
18.12   26.2068   5.11926
18.14   23.3034   4.82736
18.16   20.8542   4.56664
18.18   18.7699   4.4
18.2   16.9816   4.4
18.22   15.4362   4.4
18.24   14.0917   4.4
18.26   12.9149   4.4
18.28   11.8791   4.4
18.3   10.9627   4.4
18.32   10.1481   4.4
18.34   9.42075   4.4
18.36   8.76872   4.4
18.38   8.18196   4.4
18.4   7.65206   4.4
18.42   7.17192   4.4
18.44   6.7355   4.4
18.46   6.33767   4.4
18.48   5.97401   4.4
18.5   5.64072   4.4
18.52   5.33453   4.4
18.54   5.05257   4.4
18.56   4.79236   4.4
18.58   4.55172   4.4
18.6   4.32874   4.4
18.62   4.12173   4.4
18.64   3.92921   4.4
18.66   3.74985   4.4
18.68   3.58249   4.4
18.7   3.42607   4.4
18.72   3.27967   4.4
18.74   3.14245   4.4
18.76   3.01366   4.4
18.78   2.89262   4.4
18.8   2.77872   4.4
18.82   2.67141   4.4
18.84   2.5702   4.4
18.86   2.47462   4.4
18.88   2.38428   4.4
18.9   2.29879   4.4
18.92   2.21782   4.4
18.94   2.14105   4.4
18.96   2.06819   4.4
18.98   1.99899   4.4
19   1.9332   4.4
19.02   1.87061   4.4
19.04   1.811   4.4
19.06   1.7542   4.4
19.08   1.70003   4.4
19.1   1.64833   4.4
19.12   1.59895   4.4
19.14   1.55175   4.4
19.16   1.50662   4.4
19.18   1.46342   4.4
19.2   1.42205   4.4
19.22   1.38242   4.4
19.24   1.34441   4.4
19.26   0   4.4
19.28   0   4.4
19.3   0   4.4
19.32   0   4.4
19.34   0   4.4
19.36   0   4.4
19.38   0   4.4
19.4   0   4.4
19.42   0   4.4
19.44   0   4.4
19.46   0   4.4
19.48   0   4.4
19.5   0   4.4
19.52   0   4.4
19.54   0   4.4
19.56   0   4.4
19.58   0   4.4
19.6   0   4.4
19.62   0   4.4
19.64   0   4.4
19.66   0   4.4
19.68   0   4.4
19.7   0   4.4
19.72   0   4.4
19.74   0   4.4
19.76   0   4.4
19.78   0   4.4
19.8   9.94987   4.4
19.82   10.2318   4.4
19.84   10.5259   4.4
19.86   10.8329   4.4
19.88   11.1535   4.4
19.9   11.4886   4.4
19.92   11.8389   4.4
19.94   12.2055   4.4
19.96   12.5894   4.4
19.98   12.9917   4.4
20   13.4136   4.4
20.02   13.8564   4.4
20.04   14.3214   4.4
20.06   14.8103   4.4
20.08   15.3246   4.4
20.1   15.8661   4.4
20.12   16.4368   4.4
20.14   17.0389   4.4
20.16   17.6746   4.4
20.18   18.3466   4.4
20.2   19.0576   4.4
20.22   19.8107   4.45092
20.24   20.6093   4.53974
20.26   21.4571   4.63218
20.28   22.3583   4.72846
20.3   23.3175   4.82882
20.32   24.3396   4.93352
20.34   25.4304   5.04286
20.36   26.5961   5.15714
20.38   27.8438   5.27672
20.4   29.1812   5.40196
20.42   30.6172   5.53328
20.44   32.1618   5.67114
20.46   33.8261   5.81602
20.48   35.6228   5.96848
20.5   37.5663   6.12914
20.52   39.6731   6.29865
20.54   41.9618   6.47779
20.56   44.4541   6.66739
20.58   47.1748   6.86839
20.6   50.1526   7.08185
20.62   53.4208   7.30895
20.64   57.0184   7.55105
20.66   60.9911   7.80968
20.68   65.3928   8.08658
20.7   70.2872   8.38375
20.72   75.7507   8.70349
20.74   81.8745   9.04845
20.76   88.7692   9.42174
20.78   96.5692   9.82696
20.8   105.439   10.2684
20.82   115.584   10.751
20.84   127.258   11.2809
20.86   140.783   11.8652
20.88   156.569   12.5128
20.9   175.146   13.2343
20.92   197.207   14.043
20.94   223.67   14.9556
20.96   255.775   15.993
20.98   295.226   17.1822
21   344.41   18.5583
21.02   406.745   20.1679
21.04   487.277   22.0744
21.06   593.746   24.3669
21.08   738.873   27.1822
21.1   945.744   30.753
21.12   1259.94   35.4956
21.14   1770.71   42.0798
21.16   2632.22   51.3052
21.18   4053.85   63.6698
21.2   6191.41   78.6855
21.22   8713.84   93.3479
21.24   10000   100
21.26   8642.65   92.9659
21.28   6115.56   78.2021
21.3   3999.64   63.2427
21.32   2598.44   50.9749
21.34   1750.7   41.8414
21.36   1247.93   35.326
21.38   938.084   30.6282
21.4   733.636   27.0857
21.42   589.971   24.2893
21.44   484.457   22.0104
21.46   404.584   20.1143
21.48   342.718   18.5127
21.5   293.88   17.1429
21.52   254.686   15.9589
21.54   222.777   14.9257
21.56   196.466   14.0166
21.58   174.526   13.2108
21.6   156.044   12.4918
21.62   140.335   11.8463
21.64   126.873   11.2638
21.66   115.25   10.7355
21.68   105.148   10.2542
21.7   96.3137   9.81396
21.72   88.5439   9.40978
21.74   81.6749   9.03742
21.76   75.573   8.69327
21.78   70.1283   8.37427
21.8   65.2501   8.07775
21.82   60.8626   7.80145
21.84   56.9022   7.54335
21.86   53.3154   7.30174
21.88   50.0566   7.07507
21.9   47.0873   6.86202
21.92   44.374   6.66138
21.94   41.8884   6.47212
21.96   39.6055   6.29329
21.98   37.5041   6.12406
22   35.5653   5.96366
22.02   33.7729   5.81144
22.04   32.1125   5.66679
22.06   30.5714   5.52914
22.08   29.1385   5.39801
22.1   27.804   5.27295
22.12   26.559   5.15354
22.14   25.3957   5.03941
22.16   24.3071   4.93022
22.18   23.287   4.82566
22.2   22.3297   4.72543
22.22   21.4302   4.62928
22.24   20.5839   4.53695
22.26   19.7868   4.44824
22.28   19.035   4.4
22.3   18.3253   4.4
22.32   17.6545   4.4
22.34   17.0198   4.4
22.36   16.4188   4.4
22.38   15.849   4.4
22.4   15.3083   4.4
22.42   14.7948   4.4
22.44   14.3068   4.4
22.46   13.8424   4.4
22.48   13.4003   4.4
22.5   12.9791   4.4
22.52   12.5773   4.4
22.54   12.194   4.4
22.56   11.8279   4.4
22.58   11.478   4.4
22.6   11.1434   4.4
22.62   10.8233   4.4
22.64   10.5167   4.4
22.66   10.223   4.4
22.68   9.94136   4.4
22.7   0   4.4
22.72   0   4.4
22.74   0   4.4
22.76   0   4.4
22.78   0   4.4
22.8   0   4.4
22.82   0   4.4
22.84   0   4.4
22.86   0   4.4
22.88   0   4.4
22.9   0   4.4
22.92   0   4.4
22.94   0   4.4
22.96   0   4.4
22.98   0   4.4
23   0   4.4
23.02   0   4.4
23.04   0   4.4
23.06   0   4.4
23.08   0   4.4
23.1   0   4.4
23.12   0   4.4
23.14   0   4.4
23.16   0   4.4
23.18   0   4.4
23.2   0   4.4
23.22   0   4.4
23.24   0   4.4
23.26   0   4.4
23.28   0   4.4
23.3   0   4.4
23.32   0   4.4
23.34   0   4.4
23.36   0   4.4
23.38   0   4.4
23.4   0   4.4
23.42   0   4.4
23.44   0   4.4
23.46   0   4.4
23.48   0   4.4
23.5   0   4.4
23.52   0   4.4
23.54   0   4.4
23.56   0   4.4
23.58   0   4.4
23.6   0   4.4
23.62   0   4.4
23.64   0   4.4
23.66   0   4.4
23.68   0   4.4
23.7   0   4.4
23.72   0   4.4
23.74   0   4.4
23.76   0   4.4
23.78   0   4.4
23.8   0   4.4
23.82   0   4.4
23.84   0   4.4
23.86   0   4.4
23.88   0   4.4
23.9   0   4.4
23.92   0   4.4
23.94   0   4.4
23.96   0   4.4
23.98   0   4.4
24   0   4.4
24.02   0   4.4
24.04   0   4.4
24.06   0   4.4
24.08   0   4.4
24.1   0   4.4
24.12   0   4.4
24.14   0   4.4
24.16   0   4.4
24.18   0   4.4
24.2   0   4.4
24.22   0   4.4
24.24   0   4.4
24.26   0   4.4
24.28   0   4.4
24.3   0   4.4
24.32   0   4.4
24.34   0   4.4
24.36   0   4.4
24.38   0   4.4
24.4   0   4.4
24.42   0   4.4
24.44   0   4.4
24.46   0   4.4
24.48   0   4.4
24.5   0   4.4
24.52   0   4.4
24.54   0   4.4
24.56   0   4.4
24.58   0   4.4
24.6   0   4.4
24.62   0   4.4
24.64   0   4.4
24.66   0   4.4
24.68   0   4.4
24.7   0   4.4
24.72   0   4.4
24.74   0   4.4
24.76   0   4.4
24.78   0   4.4
24.8   0   4.4
24.82   0   4.4
24.84   0   4.4
24.86   0   4.4
24.88   0   4.4
24.9   1.1022   4.4
24.92   1.13344   4.4
24.94   1.16603   4.4
24.96   1.20005   4.4
24.98   1.23558   4.4
25   1.27271   4.4
25.02   1.31154   4.4
25.04   1.35217   4.4
25.06   1.39471   4.4
25.08   1.4393   4.4
25.1   1.48606   4.4
25.12   1.53513   4.4
25.14   1.58667   4.4
25.16   1.64085   4.4
25.18   1.69786   4.4
25.2   1.75788   4.4
25.22   1.82114   4.4
25.24   1.88788   4.4
25.26   1.95835   4.4
25.28   2.03284   4.4
25.3   2.11165   4.4
25.32   2.19514   4.4
25.34   2.28367   4.4
25.36   2.37767   4.4
25.38   2.47758   4.4
25.4   2.58392   4.4
25.42   2.69725   4.4
25.44   2.8182   4.4
25.46   2.94745   4.4
25.48   3.0858   4.4
25.5   3.23411   4.4
25.52   3.39336   4.4
25.54   3.56465   4.4
25.56   3.74923   4.4
25.58   3.9485   4.4
25.6   4.16406   4.4
25.62   4.39775   4.4
25.64   4.65163   4.4
25.66   4.92812   4.4
25.68   5.22995   4.4
25.7   5.56033   4.4
25.72   5.92296   4.4
25.74   6.32217   4.4
25.76   6.76303   4.4
25.78   7.25154   4.4
25.8   7.79479   4.4
25.82   8.40125   4.4
25.84   9.08109   4.4
25.86   9.84659   4.4
25.88   10.7127   4.4
25.9   11.6978   4.4
25.92   12.8246   4.4
25.94   14.1215   4.4
25.96   15.6242   4.4
25.98   17.3785   4.4
26   19.4434   4.40947
26.02   21.8961   4.67933
26.04   24.839   4.98387
26.06   28.4105   5.33015
26.08   32.8006   5.72718
26.1   38.2756   6.18673
26.12   45.2179   6.72443
26.14   54.1912   7.36146
26.16   66.0621   8.12786
26.18   82.2576   9.0696
26.2   105.374   10.2652
26.22   140.544   11.8551
26.24   197.801   14.0642
26.26   294.396   17.158
26.28   453.577   21.2974
26.3   692.088   26.3076
26.32   970.785   31.1574
26.34   1106.77   33.2682
26.36   950.404   30.8286
26.38   670.369   25.8915
26.4   438.054   20.9297
26.42   284.721   16.8737
26.44   192.07   13.8589
26.46   137.104   11.7091
26.48   103.181   10.1578
26.5   80.7578   8.98654
26.52   64.9809   8.06107
26.54   53.3835   7.3064
26.56   44.5988   6.67823
26.58   37.7913   6.14746
26.6   32.4149   5.6934
26.62   28.0986   5.30081
26.64   24.5834   4.95817
26.66   21.6841   4.65662
26.68   19.2657   4.4
26.7   17.2282   4.4
26.72   15.4959   4.4
26.74   14.011   4.4
26.76   12.7289   4.4
26.78   11.6144   4.4
26.8   10.6396   4.4
26.82   9.78208   4.4
26.84   9.02392   4.4
26.86   8.35035   4.4
26.88   7.74928   4.4
26.9   7.21068   4.4
26.92   6.72622   4.4
26.94   6.28888   4.4
26.96   5.89277   4.4
26.98   5.53286   4.4
27   5.20488   4.4
27.02   4.90518   4.4
27.04   4.6306   4.4
27.06   4.3784   4.4
27.08   4.14624   4.4
27.1   3.93203   4.4
27.12   3.73399   4.4
27.14   3.55052   4.4
27.16   3.38023   4.4
27.18   3.22189   4.4
27.2   3.07441   4.4
27.22   2.93682   4.4
27.24   2.80826   4.4
27.26   2.68794   4.4
27.28   2.57519   4.4
27.3   2.46939   4.4
27.32   2.36996   4.4
27.34   2.27642   4.4
27.36   2.1883   4.4
27.38   2.1052   4.4
27.4   2.02674   4.4
27.42   1.95259   4.4
27.44   1.88242   4.4
27.46   1.81597   4.4
27.48   1.75298   4.4
27.5   1.6932   4.4
27.52   1.63643   4.4
27.54   1.58247   4.4
27.56   1.53113   4.4
27.58   1.48225   4.4
27.6   1.43567   4.4
27.62   1.39125   4.4
27.64   1.34886   4.4
27.66   1.30838   4.4
27.68   1.26969   4.4
27.7   1.23269   4.4
27.72   1.19729   4.4
27.74   1.16338   4.4
27.76   1.1309   4.4
27.78   1.09976   4.4
27.8   0   4.4
27.82   0   4.4
27.84   0   4.4
27.86   0   4.4
27.88   0   4.4
27.9   0   4.4
27.92   0   4.4
27.94   0   4.4
27.96   0   4.4
27.98   0   4.4
28   0   4.4
28.02   0   4.4
28.04   0   4.4
28.06   0   4.4
28.08   0   4.4
28.1   0   4.4
28.12   0   4.4
28.14   0   4.4
28.16   0   4.4
28.18   0   4.4
28.2   0   4.4
28.22   0   4.4
28.24   0   4.4
28.26   0   4.4
28.28   0   4.4
28.3   0   4.4
28.32   0   4.4
28.34   0   4.4
28.36   0   4.4
28.38   0   4.4
28.4   0   4.4
28.42   0   4.4
28.44   0   4.4
28.46   0   4.4
28.48   0   4.4
28.5   0   4.4
28.52   0   4.4
28.54   0   4.4
28.56   0   4.4
28.58   0   4.4
28.6   0   4.4
28.62   0   4.4
28.64   0   4.4
28.66   0   4.4
28.68   0   4.4
28.7   0   4.4
28.72   0   4.4
28.74   0   4.4
28.76   0   4.4
28.78   0   4.4
28.8   0   4.4
28.82   0   4.4
28.84   0   4.4
28.86   0   4.4
28.88   0   4.4
28.9   0   4.4
28.92   0   4.4
28.94   0   4.4
28.96   0   4.4
28.98   0   4.4
29   0   4.4
29.02   0   4.4
29.04   0   4.4
29.06   0   4.4
29.08   0   4.4
29.1   0   4.4
29.12   0   4.4
29.14   0   4.4
29.16   0   4.4
29.18   0   4.4
29.2   0   4.4
29.22   0   4.4
29.24   0   4.4
29.26   0   4.4
29.28   0   4.4
29.3   0   4.4
29.32   0   4.4
29.34   0   4.4
29.36   0   4.4
29.38   0   4.4
29.4   0   4.4
29.42   0   4.4
29.44   0   4.4
29.46   0   4.4
29.48   0   4.4
29.5   0   4.4
29.52   0   4.4
29.54   0   4.4
29.56   0   4.4
29.58   0   4.4
29.6   0   4.4
29.62   0   4.4
29.64   0   4.4
29.66   0   4.4
29.68   0   4.4
29.7   0   4.4
29.72   0   4.4
29.74   0   4.4
29.76   0   4.4
29.78   0   4.4
29.8   0   4.4
29.82   0   4.4
29.84   0   4.4
29.86   0   4.4
29.88   0   4.4
29.9   0   4.4
29.92   0   4.4
29.94   0   4.4
29.96   0   4.4
29.98   0   4.4
30   0   4.4
30.02   0   4.4
30.04   0   4.4
30.06   0   4.4
30.08   0   4.4
30.1   0   4.4
30.12   0   4.4
30.14   0   4.4
30.16   0   4.4
30.18   0   4.4
30.2   0   4.4
30.22   0   4.4
30.24   0   4.4
30.26   0   4.4
30.28   0   4.4
30.3   0   4.4
30.32   0   4.4
30.34   0   4.4
30.36   0   4.4
30.38   0   4.4
30.4   0   4.4
30.42   0   4.4
30.44   0   4.4
30.46   0   4.4
30.48   0   4.4
30.5   0   4.4
30.52   0   4.4
30.54   0   4.4
30.56   0   4.4
30.58   0   4.4
30.6   0   4.4
30.62   0   4.4
30.64   0   4.4
30.66   0   4.4
30.68   0   4.4
30.7   0   4.4
30.72   0   4.4
30.74   0   4.4
30.76   0   4.4
30.78   0   4.4
30.8   0   4.4
30.82   0   4.4
30.84   0   4.4
30.86   0   4.4
30.88   0   4.4
30.9   0   4.4
30.92   0   4.4
30.94   0   4.4
30.96   0   4.4
30.98   0   4.4
31   0   4.4
31.02   0   4.4
31.04   0   4.4
31.06   0   4.4
31.08   0   4.4
31.1   0   4.4
31.12   0   4.4
31.14   0   4.4
31.16   0   4.4
31.18   0   4.4
31.2   0   4.4
31.22   0   4.4
31.24   0   4.4
31.26   0   4.4
31.28   0   4.4
31.3   0   4.4
31.32   0   4.4
31.34   0   4.4
31.36   0   4.4
31.38   0   4.4
31.4   0   4.4
31.42   0   4.4
31.44   0   4.4
31.46   0   4.4
31.48   0   4.4
31.5   0   4.4
31.52   0   4.4
31.54   0   4.4
31.56   0   4.4
31.58   0   4.4
31.6   0   4.4
31.62   0   4.4
31.64   0   4.4
31.66   0   4.4
31.68   0   4.4
31.7   0   4.4
31.72   0   4.4
31.74   0   4.4
31.76   0   4.4
31.78   0   4.4
31.8   4.61027   4.4
31.82   4.74074   4.4
31.84   4.87683   4.4
31.86   5.01886   4.4
31.88   5.16718   4.4
31.9   5.32217   4.4
31.92   5.48424   4.4
31.94   5.65382   4.4
31.96   5.83139   4.4
31.98   6.01745   4.4
32   6.21255   4.4
32.02   6.41729   4.4
32.04   6.63232   4.4
32.06   6.85833   4.4
32.08   7.09609   4.4
32.1   7.34642   4.4
32.12   7.61023   4.4
32.14   7.8885   4.4
32.16   8.1823   4.4
32.18   8.49281   4.4
32.2   8.82132   4.4
32.22   9.16926   4.4
32.24   9.53817   4.4
32.26   9.92979   4.4
32.28   10.346   4.4
32.3   10.7889   4.4
32.32   11.2609   4.4
32.34   11.7645   4.4
32.36   12.3026   4.4
32.38   12.8784   4.4
32.4   13.4956   4.4
32.42   14.1581   4.4
32.44   14.8707   4.4
32.46   15.6383   4.4
32.48   16.4668   4.4
32.5   17.3629   4.4
32.52   18.334   4.4
32.54   19.3888   4.40327
32.56   20.5371   4.53179
32.58   21.7904   4.66801
32.6   23.1617   4.81266
32.62   24.6663   4.96652
32.64   26.3222   5.13051
32.66   28.1501   5.30567
32.68   30.1747   5.49315
32.7   32.4252   5.69431
32.72   34.9363   5.91069
32.74   37.7498   6.14408
32.76   40.916   6.39656
32.78   44.4963   6.67055
32.8   48.5657   6.96891
32.82   53.2172   7.29501
32.84   58.5666   7.65288
32.86   64.76   8.04736
32.88   71.9835   8.48431
32.9   80.4769   8.97089
32.92   90.5537   9.51597
32.94   102.629   10.1306
32.96   117.263   10.8288
32.98   135.221   11.6285
33   157.577   12.553
33.02   185.863   13.6332
33.04   222.334   14.9109
33.06   270.433   16.4448
33.08   335.771   18.3241
33.1   428.433   20.6986
33.12   568.222   23.8374
33.14   794.158   28.1808
33.16   1174.77   34.2749
33.18   1805.94   42.4963
33.2   2767.38   52.6059
33.22   3943.66   62.7985
33.24   4644.05   68.1473
33.26   4119.25   64.1814
33.28   2954.53   54.3556
33.3   1940.6   44.0523
33.32   1259.86   35.4945
33.34   845.837   29.0833
33.36   600.534   24.5058
33.38   450.249   21.2191
33.4   351.791   18.7561
33.42   283.002   16.8227
33.44   232.69   15.2542
33.46   194.731   13.9546
33.48   165.422   12.8616
33.5   142.355   11.9313
33.52   123.903   11.1312
33.54   108.931   10.437
33.56   96.6333   9.83022
33.58   86.4213   9.2963
33.6   77.8605   8.82386
33.62   70.6241   8.40381
33.64   64.4624   8.02885
33.66   59.1825   7.69302
33.68   54.6336   7.39146
33.7   50.6964   7.12014
33.72   47.2757   6.87573
33.74   44.2951   6.65545
33.76   41.6925   6.45697
33.78   39.4173   6.27832
33.8   37.4283   6.11787
33.82   35.6915   5.97423
33.84   34.1787   5.84625
33.86   32.8669   5.73297
33.88   31.7373   5.63359
33.9   30.7744   5.54746
33.92   29.9657   5.47409
33.94   29.3015   5.41309
33.96   28.7743   5.36417
33.98   28.3787   5.32716
34   28.1114   5.30202
34.02   27.971   5.28876
34.04   28.4915   5.33774
34.06   28.6234   5.35008
34.08   28.8904   5.37497
34.1   29.2994   5.41289
34.12   29.8598   5.46442
34.14   30.5842   5.5303
34.16   31.4883   5.61144
34.18   32.5922   5.70895
34.2   33.9208   5.82416
34.22   35.5054   5.95864
34.24   37.3851   6.11433
34.26   39.6085   6.29353
34.28   42.2373   6.49902
34.3   45.3494   6.73419
34.32   49.0444   7.00317
34.34   53.4512   7.31103
34.36   58.7381   7.66408
34.38   65.1282   8.07021
34.4   72.9216   8.53941
34.42   82.5285   9.08452
34.44   94.5215   9.72222
34.46   109.716   10.4745
34.48   129.306   11.3713
34.5   155.1   12.4539
34.52   190.009   13.7844
34.54   239.174   15.4652
34.56   312.585   17.6801
34.58   430.074   20.7382
34.6   628.947   25.0788
34.62   958.616   30.9615
34.64   1470.9   38.3523
34.66   2132.07   46.1743
34.68   2612.06   51.1083
34.7   2422.04   49.2143
34.72   1782.84   42.2236
34.74   1181.24   34.3691
34.76   766.443   27.6847
34.78   511.533   22.6171
34.8   360.582   18.989
34.82   268.982   16.4007
34.84   209.737   14.4823
34.86   168.798   12.9922
34.88   139.113   11.7946
34.9   116.886   10.8114
34.92   99.8558   9.99279
34.94   86.5707   9.30434
34.96   76.0545   8.72092
34.98   67.6321   8.22388
35   60.8268   7.79915
35.02   55.2954   7.43609
35.04   50.788   7.12657
35.06   47.1207   6.86446
35.08   44.1584   6.64518
35.1   41.8026   6.46549
35.12   39.9837   6.32326
35.14   38.6562   6.21741
35.16   37.7963   6.14787
35.18   37.4008   6.11562
35.2   44.723   6.68753
35.22   45.5435   6.74859
35.24   46.9822   6.85436
35.26   49.1663   7.01187
35.28   52.2919   7.23131
35.3   56.6613   7.52737
35.32   62.7568   7.92192
35.34   71.4028   8.45002
35.36   84.1538   9.17354
35.38   104.117   10.2038
35.4   137.212   11.7137
35.42   193.039   13.8938
35.44   283.204   16.8287
35.46   411.753   20.2917
35.48   541.727   23.275
35.5   567.465   23.8215
35.52   460.165   21.4514
35.54   324.991   18.0275
35.56   223.316   14.9437
35.58   159.128   12.6146
35.6   121.567   11.0258
35.62   100.01   10.0005
35.64   87.3975   9.34866
35.66   79.8988   8.93861
35.68   75.6267   8.69636
35.7   73.6523   8.58209
35.72   73.5043   8.57346
35.74   74.9615   8.65803
35.76   77.9732   8.83025
35.78   82.6331   9.09027
35.8   89.185   9.44378
35.82   98.0585   9.90245
35.84   109.944   10.4854
35.86   125.941   11.2223
35.88   147.874   12.1603
35.9   179.048   13.3809
35.92   225.971   15.0323
35.94   301.491   17.3635
35.96   428.241   20.694
35.98   638.041   25.2595
36   957.771   30.9479
36.02   1350.96   36.7555
36.04   1590.34   39.879
36.06   1424.01   37.7361
36.08   1039.91   32.2476
36.1   703.949   26.532
36.12   479.238   21.8915
36.14   344.225   18.5533
36.16   263.834   16.243
36.18   218.511   14.7821
36.2   191.288   13.8307
36.22   174.838   13.2226
36.24   165.554   12.8668
36.26   161.576   12.7113
36.28   161.908   12.7243
36.3   166.057   12.8863
36.32   173.885   13.1865
36.34   185.545   13.6215
36.36   201.475   14.1942
36.38   222.435   14.9143
36.4   249.6   15.7987
36.42   284.71   16.8733
36.44   330.344   18.1754
36.46   390.38   19.758
36.48   470.854   21.6992
36.5   581.832   24.1212
36.52   741.853   27.237
36.54   987.735   31.4283
36.56   1390.98   37.2958
36.58   2072.39   45.5236
36.6   3189.82   56.4785
36.62   4841.24   69.5791
36.64   6695.05   81.8233
36.66   7438.98   86.2495
36.68   6237.97   78.9808
36.7   4352.02   65.9699
36.72   2838.01   53.273
36.74   1850.54   43.0179
36.76   1256.37   35.4453
36.78   903.222   30.0537
36.8   683.903   26.1515
36.82   537.913   23.1929
36.84   434.626   20.8477
36.86   358.4   18.9314
36.88   300.481   17.3344
36.9   255.475   15.9836
36.92   219.84   14.827
36.94   191.164   13.8262
36.96   167.757   12.9521
36.98   147.899   12.1614
37   131.74   11.4778
37.02   118.098   10.8673
37.04   106.479   10.3189
37.06   96.5017   9.82353
37.08   87.8709   9.37395
37.1   80.3551   8.9641
37.12   73.77   8.58894
37.14   67.9679   8.24426
37.16   62.8293   7.92649
37.18   58.2565   7.6326
37.2   54.1694   7.35998
37.22   50.5012   7.10642
37.24   47.1966   6.86998
37.26   44.2088   6.64897
37.28   41.4984   6.44193
37.3   39.0321   6.24757
37.32   36.7813   6.06476
37.34   34.7215   5.8925
37.36   32.8316   5.72989
37.38   31.0933   5.57614
37.4   29.4908   5.43054
37.42   28.0102   5.29247
37.44   26.6394   5.16134
37.46   25.3678   5.03665
37.48   24.186   4.91792
37.5   21.5862   4.64609
37.52   20.6002   4.53874
37.54   19.6801   4.43623
37.56   18.8203   4.4
37.58   18.0156   4.4
37.6   17.2614   4.4
37.62   16.8488   4.4
37.64   16.1918   4.4
37.66   15.5743   4.4
37.68   14.9935   4.4
37.7   14.4466   4.4
37.72   13.9311   4.4
37.74   13.4448   4.4
37.76   12.9856   4.4
37.78   12.5517   4.4
37.8   12.1415   4.4
37.82   11.7533   4.4
37.84   11.3858   4.4
37.86   11.0377   4.4
37.88   10.7078   4.4
37.9   10.3951   4.4
37.92   10.0985   4.4
37.94   9.81719   4.4
37.96   9.55032   4.4
37.98   9.29715   4.4
38   9.05699   4.4
38.02   8.82921   4.4
38.04   8.61326   4.4
38.06   8.40862   4.4
38.08   8.21483   4.4
38.1   8.03147   4.4
38.12   0.676739   4.4
38.14   0.705424   4.4
38.16   0.73597   4.4
38.18   0.768541   4.4
38.2   0.803322   4.4
38.22   0.840515   4.4
38.24   0.88035   4.4
38.26   0.923081   4.4
38.28   0.968996   4.4
38.3   1.01842   4.4
38.32   1.07172   4.4
38.34   1.12931   4.4
38.36   1.19166   4.4
38.38   1.25931   4.4
38.4   1.33287   4.4
38.42   1.41307   4.4
38.44   1.50071   4.4
38.46   1.59675   4.4
38.48   1.70229   4.4
38.5   1.81862   4.4
38.52   2.95845   4.4
38.54   3.12957   4.4
38.56   3.31813   4.4
38.58   3.52678   4.4
38.6   3.75864   4.4
38.62   4.01753   4.4
38.64   4.30809   4.4
38.66   4.636   4.4
38.68   5.00834   4.4
38.7   5.43392   4.4
38.72   6.24111   4.4
38.74   6.81882   4.4
38.76   7.49419   4.4
38.78   8.29163   4.4
38.8   9.24369   4.4
38.82   10.3946   4.4
38.84   11.8055   4.4
38.86   13.5628   4.4
38.88   15.7918   4.4
38.9   18.68   4.4
38.92   22.5221   4.74575
38.94   27.8227   5.27472
38.96   35.5377   5.96135
38.98   47.5746   6.89743
39   67.5191   8.217
39.02   101.038   10.0518
39.04   154.642   12.4355
39.06   229.304   15.1428
39.08   299.5   17.3061
39.1   303.965   17.4346
39.12   237.694   15.4173
39.14   161.915   12.7246
39.16   106.365   10.3133
39.18   71.4368   8.45203
39.2   50.7437   7.12346
39.22   38.438   6.19984
39.24   30.7343   5.54386
39.26   25.595   5.05915
39.28   21.9997   4.69039
39.3   19.4164   4.40641
39.32   17.5386   4.4
39.34   16.1745   4.4
39.36   15.198   4.4
39.38   14.5246   4.4
39.4   14.0963   4.4
39.42   13.8742   4.4
39.44   13.8323   4.4
39.46   13.9546   4.4
39.48   14.2328   4.4
39.5   14.665   4.4
39.52   15.2557   4.4
39.54   16.015   4.4
39.56   16.9592   4.4
39.58   18.1123   4.4
39.6   19.5066   4.41663
39.62   21.1858   4.6028
39.64   23.2078   4.81745
39.66   25.65   5.06459
39.68   28.6165   5.34944
39.7   32.249   5.67882
39.72   36.7432   6.06162
39.74   44.0968   6.64054
39.76   51.3129   7.1633
39.78   60.6571   7.78827
39.8   73.0471   8.54676
39.82   90.022   9.48799
39.84   114.443   10.6978
39.86   151.996   12.3287
39.88   213.563   14.6138
39.9   317.003   17.8046
39.92   484.462   22.0105
39.94   725.767   26.9401
39.96   978.616   31.2828
39.98   1046.82   32.3546
40   856.28   29.2623
40.02   601.95   24.5347
40.04   410.857   20.2696
40.06   296.734   17.226
40.08   243.718   15.6115
40.1   237.61   15.4146
40.12   270.772   16.4552
40.14   332.212   18.2267
40.16   379.566   19.4825
40.18   350.296   18.7162
40.2   265.314   16.2885
40.22   185.03   13.6026
40.24   128.73   11.3459
40.26   93.1871   9.65335
40.28   71.3367   8.4461
40.3   57.4776   7.5814
40.32   48.1115   6.93625
40.34   41.3853   6.43314
40.36   36.3476   6.0289
40.38   32.4738   5.69858
40.4   29.444   5.42623
40.42   27.0482   5.20079
40.44   25.1422   5.0142
40.46   23.6246   4.86051
40.48   22.4227   4.73526
40.5   21.4836   4.63504
40.52   20.7687   4.55726
40.54   20.2499   4.49998
40.56   19.9071   4.46173
40.58   19.4383   4.40889
40.6   19.4189   4.40669
40.62   19.5488   4.42141
40.64   19.8281   4.45287
40.66   20.2607   4.50119
40.68   20.8548   4.5667
40.7   21.6229   4.65004
40.72   22.5827   4.75213
40.74   23.7577   4.87418
40.76   25.1786   5.01783
40.78   26.8855   5.18512
40.8   28.9298   5.37864
40.82   31.3785   5.60165
40.84   34.3187   5.85821
40.86   37.8652   6.15347
40.88   42.171   6.49392
40.9   47.4427   6.88786
40.92   53.9642   7.34603
40.94   62.1331   7.88245
40.96   72.5184   8.51577
40.98   85.9565   9.27127
41   103.725   10.1846
41.02   127.905   11.3095
41.04   162.228   12.7369
41.06   214.024   14.6296
41.08   297.739   17.2551
41.1   438.808   20.9477
41.12   672.964   25.9415
41.14   1030.34   32.0989
41.16   1469.72   38.3369
41.18   1735.44   41.6587
41.2   1545.19   39.3089
41.22   1110.71   33.3272
41.24   730.197   27.0222
41.26   474.165   21.7753
41.28   318.287   17.8406
41.3   225.902   15.03
41.32   169.312   13.012
41.34   132.244   11.4997
41.36   106.34   10.3121
41.38   87.3796   9.34771
41.4   73.0589   8.54745
41.42   61.984   7.87299
41.44   52.2549   7.22875
41.46   45.2786   6.72894
41.48   39.6056   6.2933
41.5   34.9325   5.91038
41.52   31.0388   5.57125
41.54   27.7612   5.26889
41.56   24.9767   4.99767
41.58   22.5915   4.75306
41.6   20.533   4.53134
41.62   18.7443   4.4
41.64   16.8752   4.4
41.66   15.5078   4.4
41.68   14.2997   4.4
41.7   13.227   4.4
41.72   12.2703   4.4
41.74   11.4135   4.4
41.76   10.6432   4.4
41.78   9.9482   4.4
41.8   9.46537   4.4
41.82   8.89797   4.4
41.84   8.38166   4.4
41.86   7.91058   4.4
41.88   7.47969   4.4
41.9   7.08467   4.4
41.92   6.72173   4.4
41.94   6.38759   4.4
41.96   6.07939   4.4
41.98   5.79463   4.4
42   5.53109   4.4
42.02   5.28682   4.4
42.04   5.06012   4.4
42.06   4.84946   4.4
42.08   4.65348   4.4
42.1   4.47098   4.4
42.12   4.30089   4.4
42.14   4.14226   4.4
42.16   3.99423   4.4
42.18   3.85603   4.4
42.2   3.72698   4.4
42.22   3.60647   4.4
42.24   3.49396   4.4
42.26   3.38895   4.4
42.28   3.29103   4.4
42.3   3.19979   4.4
42.32   3.11491   4.4
42.34   3.03608   4.4
42.36   2.96306   4.4
42.38   2.89562   4.4
42.4   2.83358   4.4
42.42   2.7768   4.4
42.44   2.72518   4.4
42.46   2.67862   4.4
42.48   2.63711   4.4
42.5   2.60064   4.4
42.52   2.56925   4.4
42.54   2.54304   4.4
42.56   2.52213   4.4
42.58   2.50671   4.4
42.6   2.49704   4.4
42.62   2.49344   4.4
42.64   0.812689   4.4
42.66   0.867706   4.4
42.68   0.928489   4.4
42.7   0.995872   4.4
42.72   1.07084   4.4
42.74   1.15458   4.4
42.76   1.2485   4.4
42.78   1.35433   4.4
42.8   1.47414   4.4
42.82   1.6105   4.4
42.84   1.7666   4.4
42.86   1.94642   4.4
42.88   2.15498   4.4
42.9   2.39871   4.4
42.92   2.6859   4.4
42.94   3.02747   4.4
42.96   3.43788   4.4
42.98   3.93675   4.4
43   4.55106   4.4
43.02   5.31876   4.4
43.04   6.29448   4.4
43.06   7.55914   4.4
43.08   9.23804   4.4
43.1   11.5399   4.4
43.12   14.8496   4.4
43.14   19.9321   4.46454
43.16   28.2672   5.31669
43.18   42.3367   6.50667
43.2   65.3395   8.08328
43.22   99.1192   9.95586
43.24   136.37   11.6778
43.26   149.959   12.2458
43.28   124.546   11.16
43.3   86.4711   9.29898
43.32   56.2846   7.50231
43.34   36.6893   6.05717
43.36   24.9206   4.99206
43.38   17.9231   4.4
43.4   13.5689   4.4
43.42   10.6646   4.4
43.44   8.60717   4.4
43.46   7.0879   4.4
43.48   5.93332   4.4
43.5   5.0362   4.4
43.52   4.32607   4.4
43.54   3.75483   4.4
43.56   3.28879   4.4
43.58   3.30366   4.4
43.6   2.99321   4.4
43.62   2.73352   4.4
43.64   2.51472   4.4
43.66   2.32922   4.4
43.68   2.17117   4.4
43.7   2.03595   4.4
43.72   1.91994   4.4
43.74   1.8202   4.4
43.76   1.73439   4.4
43.78   1.66061   4.4
43.8   1.59729   4.4
43.82   1.54316   4.4
43.84   1.49717   4.4
43.86   1.45845   4.4
43.88   1.42627   4.4
43.9   1.40005   4.4
43.92   1.37928   4.4
43.94   1.36357   4.4
43.96   1.35259   4.4
43.98   1.34608   4.4
44   1.34384   4.4
44.02   1.34572   4.4
44.04   1.3516   4.4
44.06   1.36143   4.4
44.08   1.37518   4.4
44.1   1.39288   4.4
44.12   1.41458   4.4
44.14   1.44037   4.4
44.16   1.4704   4.4
44.18   1.50483   4.4
44.2   1.54389   4.4
44.22   1.58785   4.4
44.24   1.63702   4.4
44.26   1.69178   4.4
44.28   1.75258   4.4
44.3   1.81992   4.4
44.32   1.89442   4.4
44.34   1.97676   4.4
44.36   2.06775   4.4
44.38   2.16833   4.4
44.4   2.27959   4.4
44.42   2.40282   4.4
44.44   2.53951   4.4
44.46   2.69141   4.4
44.48   2.86061   4.4
44.5   3.04955   4.4
44.52   3.26119   4.4
44.54   3.49902   4.4
44.56   3.76731   4.4
44.58   4.07119   4.4
44.6   4.41699   4.4
44.62   4.81247   4.4
44.64   5.26733   4.4
44.66   5.79374   4.4
44.68   6.40714   4.4
44.7   7.12738   4.4
44.72   7.83525   4.4
44.74   8.85876   4.4
44.76   10.0945   4.4
44.78   11.6046   4.4
44.8   13.4754   4.4
44.82   15.8297   4.4
44.84   18.8458   4.4
44.86   22.7927   4.77417
44.88   28.0977   5.30073
44.9   35.5035   5.95848
44.92   46.4358   6.81438
44.94   63.7367   7.98353
44.96   92.6499   9.62548
44.98   141.177   11.8818
45   217.826   14.7589
45.02   321.048   17.9178
45.04   407.855   20.1954
45.06   396.313   19.9076
45.08   299.769   17.3138
45.1   200.304   14.1529
45.12   129.655   11.3866
45.14   85.7059   9.25775
45.16   59.6269   7.72185
45.18   43.9025   6.62589
45.2   33.8292   5.81629
45.22   26.9194   5.18839
45.24   21.9265   4.68258
45.26   18.1899   4.4
45.28   15.3215   4.4
45.3   13.0742   4.4
45.32   11.2825   4.4
45.34   9.83225   4.4
45.36   8.64254   4.4
45.38   7.65493   4.4
45.4   6.82641   4.4
45.42   6.12473   4.4
45.44   5.5254   4.4
45.46   5.00953   4.4
45.48   4.56237   4.4
45.5   4.1723   4.4
45.52   3.83002   4.4
45.54   3.52807   4.4
45.56   3.26035   4.4
45.58   3.02191   4.4
45.6   2.80864   4.4
45.62   2.61712   4.4
45.64   2.44449   4.4
45.66   2.28837   4.4
45.68   2.1467   4.4
45.7   2.01777   4.4
45.72   1.9001   4.4
45.74   1.79241   4.4
45.76   1.69361   4.4
45.78   1.60275   4.4
45.8   2.20241   4.4
45.82   2.1442   4.4
45.84   2.09257   4.4
45.86   2.04699   4.4
45.88   2.00704   4.4
45.9   1.97234   4.4
45.92   1.94255   4.4
45.94   1.91739   4.4
45.96   1.89663   4.4
45.98   1.88007   4.4
46   1.86753   4.4
46.02   1.85889   4.4
46.04   1.85404   4.4
46.06   1.85289   4.4
46.08   1.8554   4.4
46.1   1.86154   4.4
46.12   1.87129   4.4
46.14   1.88469   4.4
46.16   1.90177   4.4
46.18   1.92259   4.4
46.2   1.94725   4.4
46.22   1.97587   4.4
46.24   2.00858   4.4
46.26   2.04557   4.4
46.28   2.08702   4.4
46.3   2.13319   4.4
46.32   2.18433   4.4
46.34   2.24077   4.4
46.36   2.30286   4.4
46.38   2.37101   4.4
46.4   2.44568   4.4
46.42   2.5274   4.4
46.44   2.61677   4.4
46.46   2.71448   4.4
46.48   2.82129   4.4
46.5   2.9381   4.4
46.52   3.06593   4.4
46.54   2.81879   4.4
46.56   2.98246   4.4
46.58   3.23152   4.4
46.6   3.42826   4.4
46.62   3.64361   4.4
46.64   3.88001   4.4
46.66   4.14029   4.4
46.68   4.42779   4.4
46.7   4.74642   4.4
46.72   5.10087   4.4
46.74   5.49669   4.4
46.76   5.94059   4.4
46.78   6.44067   4.4
46.8   7.0068   4.4
46.82   7.65114   4.4
46.84   8.38873   4.4
46.86   9.23842   4.4
46.88   10.224   4.4
46.9   11.376   4.4
46.92   12.7338   4.4
46.94   14.3491   4.4
46.96   16.2909   4.4
46.98   18.6524   4.4
47   21.5623   4.64353
47.02   25.2019   5.02015
47.04   29.8321   5.46188
47.06   35.8412   5.98675
47.08   43.8318   6.62056
47.1   54.8148   7.4037
47.12   70.6677   8.40641
47.14   95.1273   9.75332
47.16   135.379   11.6353
47.18   203.31   14.2587
47.2   313.855   17.7159
47.22   474.317   21.7788
47.24   645.313   25.403
47.26   695.941   26.3807
47.28   568.489   23.843
47.3   391.852   19.7953
47.32   254.758   15.9612
47.34   166.479   12.9027
47.36   113.613   10.6589
47.38   82.1378   9.06299
47.4   62.474   7.90405
47.42   49.3055   7.02178
47.44   39.9537   6.3209
47.46   33.0414   5.74816
47.48   27.789   5.27153
47.5   23.7125   4.86955
47.52   20.4929   4.52691
47.54   17.9123   4.4
47.56   15.8182   4.4
47.58   14.1013   4.4
47.6   12.6824   4.4
47.62   11.5027   4.4
47.64   10.5188   4.4
47.66   9.69786   4.4
47.68   9.01557   4.4
47.7   8.4541   4.4
47.72   8.00099   4.4
47.74   7.64853   4.4
47.76   7.39354   4.4
47.78   7.23768   4.4
47.8   7.18828   4.4
47.82   7.26005   4.4
47.84   7.47809   4.4
47.86   7.88339   4.4
47.88   8.54374   4.4
47.9   9.57855   4.4
47.92   11.2179   4.4
47.94   13.9241   4.4
47.96   18.5657   4.4
47.98   26.5088   5.14866
48   39.304   6.26929
48.02   57.104   7.55672
48.04   73.5438   8.57577
48.06   73.9328   8.59842
48.08   57.6863   7.59515
48.1   39.4894   6.28406
48.12   26.1959   5.11819
48.14   17.8103   4.4
48.16   12.794   4.4
48.18   9.75731   4.4
48.2   7.80587   4.4
48.22   6.45935   4.4
48.24   5.47689   4.4
48.26   4.73212   4.4
48.28   4.15165   4.4
48.3   3.68899   4.4
48.32   3.31313   4.4
48.34   3.00268   4.4
48.36   2.74247   4.4
48.38   2.52156   4.4
48.4   2.41358   4.4
48.42   2.25135   4.4
48.44   2.10974   4.4
48.46   1.98517   4.4
48.48   1.87484   4.4
48.5   1.77653   4.4
48.52   1.68845   4.4
48.54   1.60916   4.4
48.56   1.53748   4.4
48.58   1.47244   4.4
48.6   1.41324   4.4
48.62   1.3592   4.4
48.64   1.30975   4.4
48.66   1.26441   4.4
48.68   1.22279   4.4
48.7   1.18452   4.4
48.72   0.474812   4.4
48.74   0.460447   4.4
48.76   0.44796   4.4
48.78   0.4372   4.4
48.8   0.428042   4.4
48.82   0.420379   4.4
48.84   0.414126   4.4
48.86   0.409214   4.4
48.88   0.405589   4.4
48.9   0.403209   4.4
48.92   0.402047   4.4
48.94   0.402089   4.4
48.96   0.403331   4.4
48.98   0.405782   4.4
49   0.409462   4.4
49.02   0.414406   4.4
49.04   0.420659   4.4
49.06   0.428283   4.4
49.08   0.437352   4.4
49.1   0.447961   4.4
49.12   0.46022   4.4
49.14   0.474266   4.4
49.16   1.57236   4.4
49.18   1.62051   4.4
49.2   1.67228   4.4
49.22   1.728   4.4
49.24   1.78807   4.4
49.26   1.85293   4.4
49.28   1.9231   4.4
49.3   1.99922   4.4
49.32   2.08199   4.4
49.34   2.17229   4.4
49.36   2.27115   4.4
49.38   2.37982   4.4
49.4   2.4998   4.4
49.42   2.63295   4.4
49.44   2.78156   4.4
49.46   2.94849   4.4
49.48   3.13737   4.4
49.5   3.35286   4.4
49.52   3.601   4.4
49.54   3.82084   4.4
49.56   4.16279   4.4
49.58   4.57071   4.4
49.6   5.06512   4.4
49.62   5.67539   4.4
49.64   6.44483   4.4
49.66   7.44003   4.4
49.68   8.7711   4.4
49.7   10.6395   4.4
49.72   13.4438   4.4
49.74   17.9593   4.4
49.76   25.5014   5.04989
49.78   37.8032   6.14843
49.8   55.9894   7.48261
49.82   76.6241   8.75352
49.84   85.5078   9.24704
49.86   72.9274   8.53975
49.88   52.3997   7.23876
49.9   35.8381   5.98649
49.92   25.1024   5.01023
49.94   18.7576   4.4
49.96   15.1238   4.4
49.98   13.0113   4.4
50   11.7476   4.4
50.02   10.9942   4.4
50.04   10.8792   4.4
50.06   10.7229   4.4
50.08   10.762   4.4
50.1   10.9651   4.4
50.12   11.315   4.4
50.14   11.8043   4.4
50.16   12.4334   4.4
50.18   13.2094   4.4
50.2   14.1459   4.4
50.22   15.2632   4.4
50.24   16.5896   4.4
50.26   18.1629   4.4
50.28   20.0334   4.47587
50.3   22.2675   4.71884
50.32   24.9538   4.99538
50.34   28.2119   5.31149
50.36   32.2049   5.67494
50.38   37.1598   6.09588
50.4   43.3984   6.58775
50.42   51.3889   7.16861
50.44   61.834   7.86346
50.46   75.845   8.7089
50.48   95.3363   9.76403
50.5   123.957   11.1336
50.52   168.991   12.9997
50.54   244.023   15.6212
50.56   370.212   19.2409
50.58   571.113   23.898
50.6   847.181   29.1064
50.62   1095.28   33.095
50.64   1090.89   33.0287
50.66   839.132   28.9678
50.68   564.559   23.7605
50.7   366.004   19.1312
50.72   241.617   15.544
50.74   167.724   12.9508
50.76   123.35   11.1063
50.78   95.1175   9.75282
50.8   75.8793   8.71087
50.82   62.0546   7.87747
50.84   51.7607   7.19449
50.86   43.902   6.62586
50.88   37.7847   6.14693
50.9   32.9466   5.73991
50.92   29.0696   5.39163
50.94   25.9302   5.09217
50.96   23.3678   4.83402
50.98   21.2652   4.61142
51   19.5364   4.42
51.02   18.1171   4.4
51.04   16.9601   4.4
51.06   16.0303   4.4
51.08   15.3033   4.4
51.1   14.7627   4.4
51.12   14.4   4.4
51.14   14.214   4.4
51.16   14.2113   4.4
51.18   14.4077   4.4
51.2   14.8299   4.4
51.22   15.5201   4.4
51.24   16.5413   4.4
51.26   17.9877   4.4
51.28   20.0012   4.47226
51.3   22.723   4.76686
51.32   26.6758   5.16486
51.34   32.4345   5.69513
51.36   41.2918   6.42587
51.38   55.7953   7.46963
51.4   80.4084   8.96707
51.42   121.345   11.0157
51.44   183.681   13.5529
51.46   259.534   16.11
51.48   303.38   17.4178
51.5   268.06   16.3725
51.52   192.485   13.8739
51.54   127.157   11.2764
51.56   83.3705   9.13075
51.58   56.7249   7.53159
51.6   40.8946   6.39489
51.62   31.1499   5.58121
51.64   24.7274   4.97266
51.66   20.2111   4.49567
51.68   16.8851   4.4
51.7   14.3569   4.4
51.72   12.3884   4.4
51.74   10.8249   4.4
51.76   9.56149   4.4
51.78   8.52502   4.4
51.8   11.6844   4.4
51.82   11.0732   4.4
51.84   10.5755   4.4
51.86   10.1702   4.4
51.88   9.84152   4.4
51.9   9.57702   4.4
51.92   9.36718   4.4
51.94   9.20451   4.4
51.96   9.08311   4.4
51.98   8.99831   4.4
52   8.9464   4.4
52.02   8.92447   4.4
52.04   8.93021   4.4
52.06   8.96184   4.4
52.08   9.01802   4.4
52.1   9.09777   4.4
52.12   8.14791   4.4
52.14   8.30073   4.4
52.16   8.47486   4.4
52.18   8.67046   4.4
52.2   8.88791   4.4
52.22   9.12777   4.4
52.24   9.39086   4.4
52.26   9.67817   4.4
52.28   9.99093   4.4
52.3   10.3306   4.4
52.32   10.6988   4.4
52.34   11.0976   4.4
52.36   11.5292   4.4
52.38   11.9961   4.4
52.4   12.5013   4.4
52.42   13.0482   4.4
52.44   13.6406   4.4
52.46   14.2827   4.4
52.48   14.9795   4.4
52.5   15.7366   4.4
52.52   16.5606   4.4
52.54   17.4587   4.4
52.56   18.4396   4.4
52.58   19.5129   4.41734
52.6   20.6902   4.54865
52.62   21.9847   4.68878
52.64   23.4118   4.83857
52.66   24.9896   4.99896
52.68   26.7396   5.17103
52.7   28.6871   5.35604
52.72   30.8625   5.5554
52.74   33.3019   5.77078
52.76   37.19   6.09836
52.78   40.3306   6.35064
52.8   43.8992   6.62565
52.82   47.9767   6.92652
52.84   52.6642   7.25701
52.86   58.0888   7.6216
52.88   64.4126   8.02575
52.9   71.8446   8.47612
52.92   80.6576   8.98096
52.94   90.9222   9.53531
52.96   103.715   10.1841
52.98   119.404   10.9272
53   138.923   11.7866
53.02   163.605   12.7908
53.04   195.41   13.9789
53.06   237.331   15.4056
53.08   294.243   17.1535
53.1   374.895   19.3622
53.12   496.467   22.2815
53.14   692.818   26.3214
53.16   1023.5   31.9922
53.18   1572.04   39.6489
53.2   2408.47   49.0762
53.22   3434.79   58.6071
53.24   4050.85   63.6463
53.26   3601.33   60.0111
53.28   2586.3   50.8556
53.3   1699.51   41.2251
53.32   1103.41   33.2176
53.34   740.718   27.2161
53.36   525.87   22.9318
53.38   394.337   19.8579
53.4   308.25   17.557
53.42   248.165   15.7532
53.44   204.267   14.2922
53.46   171.192   13.0841
53.48   145.696   12.0705
53.5   125.674   11.2105
53.52   109.704   10.474
53.54   96.7961   9.8385
53.56   86.2458   9.28686
53.58   77.5427   8.80583
53.6   70.3102   8.38512
53.62   64.2664   8.01664
53.64   59.1982   7.69404
53.66   54.9427   7.41233
53.68   51.375   7.16763
53.7   48.3992   6.95695
53.72   45.9423   6.77808
53.74   43.95   6.62948
53.76   42.3832   6.51024
53.78   41.2167   6.42002
53.8   40.4379   6.35908
53.82   40.0466   6.32824
53.84   40.4315   6.35858
53.86   40.8807   6.3938
53.88   41.8059   6.46575
53.9   43.2769   6.57852
53.92   45.3938   6.73749
53.94   48.299   6.94975
53.96   52.1949   7.2246
53.98   57.3715   7.5744
54   64.2516   8.01571
54.02   73.4674   8.57131
54.04   86.0033   9.2738
54.06   103.509   10.174
54.08   129.044   11.3598
54.1   168.695   12.9883
54.12   234.211   15.304
54.14   345.169   18.5787
54.16   526.5   22.9456
54.18   791.56   28.1347
54.2   1079.25   32.852
54.22   1174.59   34.2724
54.24   969.015   31.129
54.26   672.828   25.9389
54.28   440.39   20.9855
54.3   290.012   17.0298
54.32   199.734   14.1327
54.34   145.936   12.0804
54.36   112.321   10.5982
54.38   89.7951   9.47603
54.4   73.7699   8.58894
54.42   61.8908   7.86707
54.44   52.8302   7.26844
54.46   45.7651   6.76499
54.48   40.1539   6.33671
54.5   35.6265   5.96879
54.52   31.9234   5.65008
54.54   28.8588   5.37204
54.56   26.2967   5.12803
54.58   24.1364   4.91288
54.6   22.3015   4.72245
54.62   20.734   4.55346
54.64   19.389   4.4033
54.66   18.2315   4.4
54.68   17.234   4.4
54.7   12.4441   4.4
54.72   11.8122   4.4
54.74   11.2846   4.4
54.76   10.8512   4.4
54.78   10.5048   4.4
54.8   10.2405   4.4
54.82   10.0554   4.4
54.84   9.94871   4.4
54.86   9.92185   4.4
54.88   9.9785   4.4
54.9   10.125   4.4
54.92   10.3709   4.4
54.94   10.7298   4.4
54.96   11.2204   4.4
54.98   11.8681   4.4
55   12.7081   4.4
55.02   13.7884   4.4
55.04   15.1763   4.4
55.06   16.9668   4.4
55.08   19.2972   4.4
55.1   22.3719   4.72989
55.12   26.5068   5.14848
55.14   32.2279   5.67696
55.16   40.5029   6.36419
55.18   53.2536   7.2975
55.2   74.2078   8.6144
55.22   109.655   10.4716
55.24   167.787   12.9533
55.26   253.613   15.9252
55.28   349.601   18.6976
55.3   387.335   19.6808
55.32   324.342   18.0095
55.34   226.486   15.0495
55.36   148.138   12.1712
55.38   97.0756   9.85269
55.4   66.3472   8.14538
55.42   48.066   6.93296
55.44   36.6934   6.05751
55.46   29.1078   5.39517
55.48   23.7296   4.8713
55.5   19.7516   4.44428
55.52   16.7216   4.4
55.54   14.3607   4.4
55.56   12.4858   4.4
55.58   10.9721   4.4
55.6   9.73221   4.4
55.62   8.70339   4.4
55.64   7.83992   4.4
55.66   7.10776   4.4
55.68   5.3531   4.4
55.7   4.84261   4.4
55.72   4.40149   4.4
55.74   4.01777   4.4
55.76   3.68196   4.4
55.78   3.38641   4.4
55.8   3.12496   4.4
55.82   2.89257   4.4
55.84   2.68511   4.4
55.86   2.49914   4.4
55.88   2.33179   4.4
55.9   2.18067   4.4
55.92   2.04375   4.4
55.94   2.74357   4.4
55.96   2.653   4.4
55.98   2.57315   4.4
56   2.50298   4.4
56.02   2.44162   4.4
56.04   2.38831   4.4
56.06   2.34242   4.4
56.08   2.30339   4.4
56.1   2.27076   4.4
56.12   2.24413   4.4
56.14   2.22316   4.4
56.16   2.20759   4.4
56.18   2.19719   4.4
56.2   2.19176   4.4
56.22   2.19118   4.4
56.24   2.19534   4.4
56.26   2.20417   4.4
56.28   2.21764   4.4
56.3   2.23576   4.4
56.32   2.25855   4.4
56.34   2.2861   4.4
56.36   2.3185   4.4
56.38   2.35588   4.4
56.4   2.39842   4.4
56.42   2.44633   4.4
56.44   2.49986   4.4
56.46   2.5593   4.4
56.48   2.62499   4.4
56.5   2.69732   4.4
56.52   2.77674   4.4
56.54   2.86377   4.4
56.56   2.95899   4.4
56.58   3.06307   4.4
56.6   3.17677   4.4
56.62   3.30096   4.4
56.64   3.43662   4.4
56.66   3.58488   4.4
56.68   3.74704   4.4
56.7   3.92457   4.4
56.72   4.11917   4.4
56.74   4.33282   4.4
56.76   4.19533   4.4
56.78   4.46421   4.4
56.8   4.75973   4.4
56.82   5.08553   4.4
56.84   5.44586   4.4
56.86   5.84577   4.4
56.88   6.29127   4.4
56.9   6.78954   4.4
56.92   7.3492   4.4
56.94   7.98075   4.4
56.96   8.69698   4.4
56.98   9.51366   4.4
57   10.4504   4.4
57.02   11.5318   4.4
57.04   12.789   4.4
57.06   14.262   4.4
57.08   16.0029   4.4
57.1   18.08   4.4
57.12   20.5848   4.53705
57.14   23.6419   4.86229
57.16   27.4237   5.23677
57.18   32.1748   5.67228
57.2   38.2498   6.18464
57.22   46.1808   6.79565
57.24   56.8081   7.53712
57.26   71.5763   8.46028
57.28   93.2351   9.65583
57.3   127.272   11.2815
57.32   183.945   13.5626
57.34   279.293   16.7121
57.36   431.324   20.7683
57.38   641.033   25.3186
57.4   831.81   28.8411
57.42   832.511   28.8533
57.44   642.323   25.3441
57.46   432.386   20.7939
57.48   279.991   16.7329
57.5   184.365   13.5781
57.52   127.521   11.2925
57.54   96.01   9.79847
57.56   74.3726   8.62396
57.58   59.651   7.72341
57.6   49.0847   7.00605
57.62   41.2244   6.42062
57.64   35.2275   5.93528
57.66   30.6099   5.53262
57.68   26.9198   5.18843
57.7   23.9602   4.89492
57.72   21.5585   4.64311
57.74   19.5902   4.42608
57.76   17.9639   4.4
57.78   16.6116   4.4
57.8   15.4816   4.4
57.82   14.5341   4.4
57.84   13.7385   4.4
57.86   13.0706   4.4
57.88   12.5113   4.4
57.9   12.0455   4.4
57.92   11.6609   4.4
57.94   11.3478   4.4
57.96   11.0983   4.4
57.98   10.9061   4.4
58   10.7661   4.4
58.02   10.6743   4.4
58.04   10.6275   4.4
58.06   10.6235   4.4
58.08   10.6605   4.4
58.1   10.7374   4.4
58.12   10.8536   4.4
58.14   11.0092   4.4
58.16   11.2045   4.4
58.18   11.4405   4.4
58.2   11.7187   4.4
58.22   12.0409   4.4
58.24   12.4098   4.4
58.26   12.8283   4.4
58.28   13.3004   4.4
58.3   13.8304   4.4
58.32   14.4238   4.4
58.34   15.087   4.4
58.36   15.8274   4.4
58.38   16.6539   4.4
58.4   17.577   4.4
58.42   18.6092   4.4
58.44   19.7652   4.4458
58.46   21.0626   4.5894
58.48   22.5225   4.74578
58.5   24.1704   4.91634
58.52   26.0371   5.10266
58.54   28.1604   5.30664
58.56   30.5866   5.53051
58.58   33.3732   5.77696
58.6   36.5923   6.04916
58.62   40.3349   6.35098
58.64   44.7175   6.68712
58.66   49.8907   7.06334
58.68   56.0522   7.4868
58.7   63.465   7.96649
58.72   72.4851   8.51382
58.74   83.6028   9.14346
58.76   97.5083   9.87463
58.78   115.195   10.7329
58.8   138.138   11.7532
58.82   168.621   12.9854
58.84   210.465   14.5074
58.86   270.738   16.4541
58.88   363.493   19.0655
58.9   515.023   22.6941
58.92   772.054   27.7859
58.94   1191.11   34.5125
58.96   1802.64   42.4575
58.98   2465.1   49.6498
59   2683.68   51.8043
59.02   2212.89   47.0414
59.04   1538.4   39.2225
59.06   1014.21   31.8467
59.08   681.87   26.1126
59.1   487.108   22.0705
59.12   365.924   19.1291
59.14   279.055   16.7049
59.16   215.432   14.6776
59.18   169.827   13.0318
59.2   137.079   11.7081
59.22   113.134   10.6364
59.24   95.1416   9.75405
59.26   81.227   9.0126
59.28   70.1969   8.37836
59.3   61.2834   7.82837
59.32   53.97   7.34642
59.34   47.8929   6.92047
59.36   42.7877   6.54123
59.38   38.4573   6.20139
59.4   34.7523   5.8951
59.42   31.5577   5.61762
59.44   28.7839   5.36507
59.46   26.3602   5.13422
59.48   24.2299   4.92239
59.5   22.3476   4.72733
59.52   20.6763   4.54711
59.54   19.1855   4.4
59.56   17.9258   4.4
59.58   16.7272   4.4
59.6   15.6457   4.4
59.62   14.6668   4.4
59.64   13.7778   4.4
59.66   12.9681   4.4
59.68   12.2287   4.4
59.7   11.5516   4.4
59.72   10.9302   4.4
59.74   10.3585   4.4
59.76   9.83152   4.4
59.78   9.34468   4.4
59.8   8.89409   4.4
59.82   9.68103   4.4
59.84   9.32676   4.4
59.86   9.00101   4.4
59.88   8.70147   4.4
59.9   8.4261   4.4
59.92   8.17309   4.4
59.94   7.94087   4.4
59.96   7.72802   4.4
59.98   7.5333   4.4
60   7.35562   4.4
60.02   7.19401   4.4
60.04   7.55899   4.4
60.06   7.44135   4.4
60.08   7.33819   4.4
60.1   7.24901   4.4
60.12   7.17339   4.4
60.14   7.11102   4.4
60.16   7.06166   4.4
60.18   7.02514   4.4
60.2   7.00138   4.4
60.22   6.99039   4.4
60.24   6.99223   4.4
60.26   7.00709   4.4
60.28   7.0352   4.4
60.3   7.0769   4.4
60.32   7.13264   4.4
60.34   7.20295   4.4
60.36   7.2885   4.4
60.38   7.39007   4.4
60.4   7.50858   4.4
60.42   7.64513   4.4
60.44   7.80097   4.4
60.46   5.38577   4.4
60.48   5.65418   4.4
60.5   5.94432   4.4
60.52   6.25866   4.4
60.54   6.60002   4.4
60.56   6.97169   4.4
60.58   7.37749   4.4
60.6   7.77531   4.4
60.62   8.26486   4.4
60.64   8.80455   4.4
60.66   9.40193   4.4
60.68   10.0661   4.4
60.7   10.8082   4.4
60.72   11.6421   4.4
60.74   12.5851   4.4
60.76   13.6592   4.4
60.78   14.8929   4.4
60.8   16.3243   4.4
60.82   18.0046   4.4
60.84   20.0062   4.47282
60.86   22.4353   4.73659
60.88   25.4626   5.04605
60.9   29.3913   5.42138
60.92   34.795   5.89873
60.94   42.7083   6.53516
60.96   54.7148   7.39694
60.98   72.5737   8.51902
61   96.3828   9.81747
61.02   118.866   10.9026
61.04   124.692   11.1666
61.06   115.389   10.7419
61.08   107.3   10.3586
61.1   108.087   10.3965
61.12   119.284   10.9217
61.14   142.466   11.9359
61.16   182.602   13.513
61.18   251.149   15.8477
61.2   368.27   19.1904
61.22   560.11   23.6666
61.24   841.029   29.0005
61.26   1147.79   33.879
61.28   1254.48   35.4187
61.3   1043.41   32.3018
61.32   735.569   27.1214
61.34   496.229   22.2762
61.36   346.507   18.6147
61.38   265.256   16.2867
61.4   231.313   15.209
61.42   234.387   15.3097
61.44   275.267   16.5912
61.46   359.607   18.9633
61.48   480.353   21.917
61.5   574.893   23.9769
61.52   539.89   23.2355
61.54   406.876   20.1712
61.56   277.869   16.6694
61.58   187.229   13.6832
61.6   130.428   11.4205
61.62   95.9856   9.79723
61.64   74.504   8.63157
61.66   60.1956   7.75858
61.68   50.0086   7.07168
61.7   42.3952   6.51116
61.72   36.5157   6.04282
61.74   31.8653   5.64494
61.76   28.1158   5.30244
61.78   25.0434   5.00434
61.8   22.4907   4.74243
61.82   20.3443   4.51046
61.84   18.5207   4.4
61.86   16.9575   4.4
61.88   15.6067   4.4
61.9   14.9972   4.4
61.92   13.9845   4.4
61.94   13.0961   4.4
61.96   12.3134   4.4
61.98   11.6217   4.4
62   11.0086   4.4
62.02   10.4643   4.4
62.04   9.98035   4.4
62.06   9.54998   4.4
62.08   9.16742   4.4
62.1   8.82789   4.4
62.12   8.52738   4.4
62.14   8.26255   4.4
62.16   8.03063   4.4
62.18   7.82934   4.4
62.2   7.65683   4.4
62.22   7.51166   4.4
62.24   7.39272   4.4
62.26   7.29924   4.4
62.28   7.2308   4.4
62.3   7.18727   4.4
62.32   7.16886   4.4
62.34   7.17612   4.4
62.36   7.20997   4.4
62.38   7.27173   4.4
62.4   7.3632   4.4
62.42   7.48671   4.4
62.44   7.64525   4.4
62.46   9.05151   4.4
62.48   9.32582   4.4
62.5   9.65087   4.4
62.52   9.96066   4.4
62.54   10.4133   4.4
62.56   10.9453   4.4
62.58   11.5715   4.4
62.6   12.3114   4.4
62.62   13.1903   4.4
62.64   14.2415   4.4
62.66   15.5097   4.4
62.68   17.0562   4.4
62.7   18.9659   4.4
62.72   21.36   4.62169
62.74   23.2239   4.81912
62.76   27.2424   5.21943
62.78   32.6263   5.71194
62.8   40.1516   6.33653
62.82   51.3348   7.16483
62.84   69.1695   8.31682
62.86   98.9638   9.94806
62.88   148.275   12.1768
62.9   223.763   14.9587
62.92   318.048   17.8339
62.94   378.942   19.4664
62.96   343.509   18.534
62.98   251.962   15.8733
63   170.822   13.0699
63.02   116.366   10.7873
63.04   83.8397   9.1564
63.06   65.4595   8.09071
63.08   55.2857   7.43544
63.1   49.8594   7.06112
63.12   47.495   6.89166
63.14   47.4871   6.89109
63.16   49.6609   7.04705
63.18   54.2255   7.3638
63.2   61.8471   7.86429
63.22   74.0019   8.60244
63.24   93.802   9.68514
63.26   127.31   11.2832
63.28   184.505   13.5832
63.3   277.695   16.6642
63.32   411.996   20.2977
63.34   551.309   23.48
63.36   585.088   24.1886
63.38   474.692   21.7874
63.4   329.7   18.1576
63.42   219.04   14.8
63.44   148.469   12.1848
63.46   106.644   10.3269
63.48   82.1351   9.06284
63.5   67.2508   8.20066
63.52   57.7713   7.60075
63.54   51.5948   7.18295
63.56   47.6624   6.9038
63.58   45.4037   6.73823
63.6   44.5021   6.67099
63.62   44.7979   6.69312
63.64   46.2473   6.80053
63.66   48.9073   6.99337
63.68   52.9409   7.27605
63.7   58.6402   7.65769
63.72   66.476   8.15328
63.74   77.1908   8.78583
63.76   91.9872   9.59099
63.78   112.959   10.6282
63.8   144.118   12.0049
63.82   193.486   13.9099
63.84   276.083   16.6158
63.86   415.411   20.3816
63.88   637.886   25.2564
63.9   945.078   30.7421
63.92   1224.98   34.9997
63.94   1226.54   35.022
63.96   947.713   30.785
63.98   639.519   25.2887
64   415.691   20.3885
64.02   275.216   16.5896
64.04   191.722   13.8464
64.06   141.627   11.9007
64.08   109.828   10.4799
64.1   88.2423   9.39374
64.12   72.8318   8.53416
64.14   61.4903   7.84157
64.16   53.6935   7.32759
64.18   47.375   6.88295
64.2   42.7627   6.53932
64.22   39.662   6.29778
64.24   38.1455   6.1762
64.26   38.6677   6.21834
64.28   42.1856   6.49504
64.3   50.0572   7.07511
64.32   63.2184   7.951
64.34   78.9907   8.88767
64.36   85.663   9.25543
64.38   74.2572   8.61726
64.4   55.6482   7.45977
64.42   39.9436   6.3201
64.44   29.6394   5.44421
64.46   23.1876   4.81535
64.48   19.1422   4.4
64.5   16.4638   4.4
64.52   14.5562   4.4
64.54   13.1137   4.4
64.56   11.9782   4.4
64.58   11.0602   4.4
64.6   10.3036   4.4
64.62   9.67082   4.4
64.64   9.13561   4.4
64.66   8.67923   4.4
64.68   8.2879   4.4
64.7   7.95129   4.4
64.72   7.66159   4.4
64.74   7.41275   4.4
64.76   7.20012   4.4
64.78   7.02005   4.4
64.8   6.86974   4.4
64.82   6.19033   4.4
64.84   6.10849   4.4
64.86   6.05091   4.4
64.88   6.0169   4.4
64.9   6.00613   4.4
64.92   6.01862   4.4
64.94   6.05476   4.4
64.96   6.11525   4.4
64.98   6.20121   4.4
65   6.31414   4.4
65.02   6.45598   4.4
65.04   6.62921   4.4
65.06   6.83687   4.4
65.08   7.08275   4.4
65.1   7.37145   4.4
65.12   7.70862   4.4
65.14   8.10116   4.4
65.16   8.55758   4.4
65.18   9.08833   4.4
65.2   9.70643   4.4
65.22   10.4281   4.4
65.24   11.2739   4.4
65.26   12.27   4.4
65.28   13.4498   4.4
65.3   14.8572   4.4
65.32   16.5501   4.4
65.34   18.6058   4.4
65.36   21.1301   4.59675
65.38   24.27   4.92646
65.4   28.2341   5.31357
65.42   32.1492   5.67003
65.44   38.8584   6.23365
65.46   47.8813   6.91963
65.48   60.4855   7.77724
65.5   79.1075   8.89424
65.52   108.603   10.4213
65.54   157.916   12.5665
65.56   240.66   15.5132
65.58   371.213   19.2669
65.6   546.539   23.3782
65.62   692.614   26.3176
65.64   670.837   25.9005
65.66   506.895   22.5143
65.68   338.662   18.4028
65.7   219.439   14.8135
65.72   145.346   12.056
65.74   101.393   10.0694
65.76   74.8851   8.65362
65.78   57.8965   7.60897
65.8   46.241   6.80008
65.82   37.7536   6.1444
65.84   31.4569   5.60865
65.86   26.6279   5.16022
65.88   22.8493   4.78009
65.9   19.8419   4.45442
65.92   17.4128   4.4
65.94   15.4255   4.4
65.96   13.7814   4.4
65.98   12.4116   4.4
66   11.2542   4.4
66.02   10.2715   4.4
66.04   9.43185   4.4
66.06   8.71038   4.4
66.08   8.08755   4.4
66.1   7.54783   4.4
66.12   7.07873   4.4
66.14   6.67019   4.4
66.16   6.31398   4.4
66.18   6.00341   4.4
66.2   5.73296   4.4
66.22   5.4981   4.4
66.24   5.29507   4.4
66.26   5.1208   4.4
66.28   4.97277   4.4
66.3   4.84892   4.4
66.32   4.74762   4.4
66.34   4.66758   4.4
66.36   4.60785   4.4
66.38   4.56775   4.4
66.4   4.66959   4.4
66.42   4.6713   4.4
66.44   4.69244   4.4
66.46   4.73347   4.4
66.48   4.7951   4.4
66.5   4.87837   4.4
66.52   4.98469   4.4
66.54   5.11584   4.4
66.56   5.27408   4.4
66.58   5.4622   4.4
66.6   5.68365   4.4
66.62   5.94265   4.4
66.64   6.2444   4.4
66.66   6.59529   4.4
66.68   7.00322   4.4
66.7   7.47798   4.4
66.72   8.03186   4.4
66.74   8.68032   4.4
66.76   9.44305   4.4
66.78   10.3454   4.4
66.8   11.4202   4.4
66.82   12.7112   4.4
66.84   14.2765   4.4
66.86   16.1955   4.4
66.88   18.5785   4.4
66.9   21.5817   4.64561
66.92   25.4324   5.04305
66.94   30.472   5.52014
66.96   37.2418   6.10261
66.98   46.6775   6.83209
67   60.568   7.78255
67.02   82.4821   9.08196
67.04   119.046   10.9108
67.06   180.988   13.4532
67.08   278.508   16.6886
67.1   411.397   20.2829
67.12   526.962   22.9556
67.14   519.424   22.7909
67.16   396.903   19.9224
67.18   266.579   16.3273
67.2   173.09   13.1564
67.22   114.732   10.7113
67.24   80.1187   8.9509
67.26   59.3409   7.70331
67.28   46.132   6.79205
67.3   37.1637   6.09621
67.32   30.7789   5.54788
67.34   26.1236   5.11113
67.36   22.7334   4.76795
67.38   20.3593   4.51213
67.4   18.8688   4.4
67.42   18.1089   4.4
67.44   17.5869   4.4
67.46   16.4216   4.4
67.48   14.6192   4.4
67.5   12.95   4.4
67.52   11.7276   4.4
67.54   10.9236   4.4
67.56   10.4439   4.4
67.58   10.8901   4.4
67.6   10.8873   4.4
67.62   11.0871   4.4
67.64   11.5081   4.4
67.66   12.1944   4.4
67.68   13.2228   4.4
67.7   14.7244   4.4
67.72   16.9354   4.4
67.74   20.3187   4.50762
67.76   25.799   5.07927
67.78   35.2984   5.94125
67.8   50.8643   7.13192
67.82   75.2427   8.67426
67.84   107.271   10.3572
67.86   132.009   11.4895
67.88   125.151   11.1871
67.9   94.6808   9.73041
67.92   65.0864   8.06761
67.94   44.5329   6.67329
67.96   31.9455   5.65204
67.98   24.6084   4.96069
68   20.3048   4.50608
68.02   17.6787   4.4
68.04   16.0243   4.4
68.06   14.992   4.4
68.08   14.4008   4.4
68.1   14.1497   4.4
68.12   14.1821   4.4
68.14   14.4694   4.4
68.16   15.0039   4.4
68.18   15.7957   4.4
68.2   16.8727   4.4
68.22   18.2828   4.4
68.24   20.1012   4.48344
68.26   22.4336   4.73642
68.28   25.442   5.044
68.3   29.3654   5.41898
68.32   34.8325   5.9019
68.34   41.9324   6.47552
68.36   52.0031   7.21132
68.38   67.1758   8.19608
68.4   91.65   9.5734
68.42   132.802   11.524
68.44   200.955   14.1759
68.46   304.698   17.4556
68.48   431.626   20.7756
68.5   507.15   22.52
68.52   451.114   21.2394
68.54   326.19   18.0607
68.56   217.538   14.7492
68.58   144.829   12.0345
68.6   100.927   10.0462
68.62   74.7924   8.64826
68.64   59.53   7.71557
68.66   49.9971   7.07086
68.68   43.8397   6.62115
68.7   39.8942   6.31619
68.72   37.556   6.1283
68.74   36.4987   6.04141
68.76   36.5616   6.04662
68.78   37.7049   6.14043
68.8   39.9974   6.32435
68.82   43.627   6.60508
68.84   48.9398   6.9957
68.86   56.5272   7.51846
68.88   67.4334   8.21178
68.9   83.6537   9.14624
68.92   109.192   10.4495
68.94   151.664   12.3152
68.96   223.374   14.9457
68.98   339.052   18.4134
69   503.342   22.4353
69.02   667.479   25.8356
69.04   696.701   26.3951
69.06   559.584   23.6555
69.08   390.87   19.7704
69.1   266.752   16.3325
69.12   192.62   13.8788
69.14   156.941   12.5276
69.16   150.287   12.2592
69.18   168.915   12.9967
69.2   210.917   14.523
69.22   261.964   16.1853
69.24   276.962   16.6422
69.26   230.777   15.1913
69.28   165.56   12.867
69.3   113.962   10.6753
69.32   80.0519   8.94717
69.34   59.1007   7.6877
69.36   46.3351   6.80699
69.38   38.139   6.17568
69.4   32.5455   5.70487
69.42   28.5525   5.34345
69.44   25.6433   5.06392
69.46   23.5299   4.85076
69.48   22.0416   4.69485
69.5   21.0787   4.59116
69.52   20.5919   4.53783
69.54   20.5739   4.53584
69.56   21.0607   4.5892
69.58   22.1415   4.70548
69.6   23.9795   4.89688
69.62   26.8515   5.18184
69.64   31.2286   5.58826
69.66   37.9461   6.16004
69.68   48.5335   6.9666
69.7   65.982   8.12293
69.72   95.5281   9.77385
69.74   143.108   11.9628
69.76   208.932   14.4545
69.78   268.272   16.379
69.8   267.073   16.3424
69.82   206.292   14.3629
69.84   139.936   11.8294
69.86   91.8742   9.5851
69.88   61.6901   7.85431
69.9   43.6863   6.60956
69.92   32.81   5.72801
69.94   25.8357   5.08288
69.96   20.5538   4.53363
69.98   17.0828   4.4
70   14.4693   4.4
