1.54056
5   0   4.4
5.02   0   4.4
5.04   0   4.4
5.06   0   4.4
5.08   0   4.4
5.1   0   4.4
5.12   0   4.4
5.14   0   4.4
5.16   0   4.4
5.18   0   4.4
5.2   0   4.4
5.22   0   4.4
5.24   0   4.4
5.26   0   4.4
5.28   0   4.4
5.3   0   4.4
5.32   0   4.4
5.34   0   4.4
5.36   0   4.4
5.38   0   4.4
5.4   0   4.4
5.42   0   4.4
5.44   0   4.4
5.46   0   4.4
5.48   0   4.4
5.5   0   4.4
5.52   0   4.4
5.54   0   4.4
5.56   0   4.4
5.58   0   4.4
5.6   0   4.4
5.62   0   4.4
5.64   0   4.4
5.66   0   4.4
5.68   0   4.4
5.7   0   4.4
5.72   0   4.4
5.74   0   4.4
5.76   0   4.4
5.78   0   4.4
5.8   0   4.4
5.82   0   4.4
5.84   0   4.4
5.86   0   4.4
5.88   0   4.4
5.9   0   4.4
5.92   0   4.4
5.94   0   4.4
5.96   0   4.4
5.98   0   4.4
6   0   4.4
6.02   0   4.4
6.04   0   4.4
6.06   0   4.4
6.08   0   4.4
6.1   0   4.4
6.12   0   4.4
6.14   0   4.4
6.16   0   4.4
6.18   0   4.4
6.2   0   4.4
6.22   0   4.4
6.24   0   4.4
6.26   0   4.4
6.28   0   4.4
6.3   0   4.4
6.32   0   4.4
6.34   0   4.4
6.36   0   4.4
6.38   0   4.4
6.4   0   4.4
6.42   0   4.4
6.44   0   4.4
6.46   0   4.4
6.48   0   4.4
6.5   0   4.4
6.52   0   4.4
6.54   0   4.4
6.56   0   4.4
6.58   0   4.4
6.6   0   4.4
6.62   0   4.4
6.64   0   4.4
6.66   0   4.4
6.68   0   4.4
6.7   0   4.4
6.72   0   4.4
6.74   0   4.4
6.76   0   4.4
6.78   0   4.4
6.8   0   4.4
6.82   0   4.4
6.84   0   4.4
6.86   0   4.4
6.88   0   4.4
6.9   0   4.4
6.92   0   4.4
6.94   0   4.4
6.96   0   4.4
6.98   0   4.4
7   0   4.4
7.02   0   4.4
7.04   0   4.4
7.06   0   4.4
7.08   0   4.4
7.1   0   4.4
7.12   0   4.4
7.14   0   4.4
7.16   0   4.4
7.18   0   4.4
7.2   0   4.4
7.22   0   4.4
7.24   0   4.4
7.26   0   4.4
7.28   0   4.4
7.3   0   4.4
7.32   0   4.4
7.34   0   4.4
7.36   0   4.4
7.38   0   4.4
7.4   0   4.4
7.42   0   4.4
7.44   0   4.4
7.46   0   4.4
7.48   0   4.4
7.5   0   4.4
7.52   0   4.4
7.54   0   4.4
7.56   0   4.4
7.58   0   4.4
7.6   0   4.4
7.62   0   4.4
7.64   0   4.4
7.66   0   4.4
7.68   0   4.4
7.7   0   4.4
7.72   0   4.4
7.74   0   4.4
7.76   0   4.4
7.78   0   4.4
7.8   0   4.4
7.82   0   4.4
7.84   0   4.4
7.86   0   4.4
7.88   0   4.4
7.9   0   4.4
7.92   0   4.4
7.94   0   4.4
7.96   0   4.4
7.98   0   4.4
8   0   4.4
8.02   0   4.4
8.04   0   4.4
8.06   0   4.4
8.08   0   4.4
8.1   0   4.4
8.12   0   4.4
8.14   0   4.4
8.16   0   4.4
8.18   0   4.4
8.2   0   4.4
8.22   0   4.4
8.24   0   4.4
8.26   0   4.4
8.28   0   4.4
8.3   0   4.4
8.32   0   4.4
8.34   0   4.4
8.36   0   4.4
8.38   0   4.4
8.4   0   4.4
8.42   0   4.4
8.44   0   4.4
8.46   0   4.4
8.48   0   4.4
8.5   0   4.4
8.52   0   4.4
8.54   0   4.4
8.56   0   4.4
8.58   0   4.4
8.6   0   4.4
8.62   0   4.4
8.64   0   4.4
8.66   0   4.4
8.68   0   4.4
8.7   0   4.4
8.72   0   4.4
8.74   0   4.4
8.76   0   4.4
8.78   0   4.4
8.8   0   4.4
8.82   0   4.4
8.84   0   4.4
8.86   0   4.4
8.88   0   4.4
8.9   0   4.4
8.92   0   4.4
8.94   0   4.4
8.96   0   4.4
8.98   0   4.4
9   0   4.4
9.02   0   4.4
9.04   0   4.4
9.06   0   4.4
9.08   0   4.4
9.1   0   4.4
9.12   0   4.4
9.14   0   4.4
9.16   0   4.4
9.18   0   4.4
9.2   0   4.4
9.22   0   4.4
9.24   0   4.4
9.26   0   4.4
9.28   0   4.4
9.3   0   4.4
9.32   0   4.4
9.34   0   4.4
9.36   0   4.4
9.38   0   4.4
9.4   0   4.4
9.42   0   4.4
9.44   0   4.4
9.46   0   4.4
9.48   0   4.4
9.5   0   4.4
9.52   0   4.4
9.54   0   4.4
9.56   0   4.4
9.58   0   4.4
9.6   0   4.4
9.62   0   4.4
9.64   0   4.4
9.66   0   4.4
9.68   0   4.4
9.7   0   4.4
9.72   0   4.4
9.74   0   4.4
9.76   0   4.4
9.78   0   4.4
9.8   0   4.4
9.82   0   4.4
9.84   0   4.4
9.86   0   4.4
9.88   0   4.4
9.9   0   4.4
9.92   0   4.4
9.94   0   4.4
9.96   0   4.4
9.98   0   4.4
10   0   4.4
10.02   0   4.4
10.04   0   4.4
10.06   0   4.4
10.08   0   4.4
10.1   0   4.4
10.12   0   4.4
10.14   0   4.4
10.16   0   4.4
10.18   0   4.4
10.2   0   4.4
10.22   0   4.4
10.24   0   4.4
10.26   0   4.4
10.28   0   4.4
10.3   0   4.4
10.32   0   4.4
10.34   0   4.4
10.36   0   4.4
10.38   0   4.4
10.4   0   4.4
10.42   0   4.4
10.44   0   4.4
10.46   0   4.4
10.48   0   4.4
10.5   0.146065   4.4
10.52   0.150162   4.4
10.54   0.154433   4.4
10.56   0.158889   4.4
10.58   0.16354   4.4
10.6   0.168399   4.4
10.62   0.173477   4.4
10.64   0.178788   4.4
10.66   0.184347   4.4
10.68   0.19017   4.4
10.7   0.196272   4.4
10.72   0.202672   4.4
10.74   0.209391   4.4
10.76   0.216449   4.4
10.78   0.22387   4.4
10.8   0.231679   4.4
10.82   0.239904   4.4
10.84   0.248574   4.4
10.86   0.257723   4.4
10.88   0.267385   4.4
10.9   0.277601   4.4
10.92   0.288414   4.4
10.94   0.29987   4.4
10.96   0.312021   4.4
10.98   0.324926   4.4
11   0.338648   4.4
11.02   0.353257   4.4
11.04   0.368831   4.4
11.06   0.385457   4.4
11.08   0.403231   4.4
11.1   0.422263   4.4
11.12   0.442673   4.4
11.14   0.464597   4.4
11.16   0.488189   4.4
11.18   0.513622   4.4
11.2   0.541092   4.4
11.22   0.570823   4.4
11.24   0.603069   4.4
11.26   0.638122   4.4
11.28   0.676317   4.4
11.3   0.718039   4.4
11.32   0.763735   4.4
11.34   0.813927   4.4
11.36   0.869222   4.4
11.38   0.930334   4.4
11.4   0.998106   4.4
11.42   1.07354   4.4
11.44   1.15783   4.4
11.46   1.25241   4.4
11.48   1.35904   4.4
11.5   1.47981   4.4
11.52   1.61736   4.4
11.54   1.77492   4.4
11.56   1.95653   4.4
11.58   2.16734   4.4
11.6   2.41389   4.4
11.62   2.70468   4.4
11.64   3.05088   4.4
11.66   3.46734   4.4
11.68   4.20042   4.4
11.7   4.83188   4.4
11.72   5.62099   4.4
11.74   6.62428   4.4
11.76   7.92587   4.4
11.78   9.65669   4.4
11.8   12.037   4.4
11.82   15.4775   4.4
11.84   20.7959   4.56026
11.86   29.5598   5.43689
11.88   44.3425   6.65902
11.9   68.3329   8.26637
11.92   102.933   10.1456
11.94   139.109   11.7944
11.96   148.482   12.1853
11.98   120.332   10.9696
12   82.7443   9.09639
12.02   53.8775   7.34013
12.04   35.3672   5.94703
12.06   24.3016   4.92966
12.08   17.7125   4.4
12.1   13.5914   4.4
12.12   10.8295   4.4
12.14   8.8691   4.4
12.16   7.4226   4.4
12.18   6.32663   4.4
12.2   5.47949   4.4
12.22   4.81402   4.4
12.24   4.28432   4.4
12.26   3.85821   4.4
12.28   3.51265   4.4
12.3   3.23083   4.4
12.32   3.00031   4.4
12.34   2.81175   4.4
12.36   2.65807   4.4
12.38   2.53387   4.4
12.4   2.43503   4.4
12.42   2.35837   4.4
12.44   2.30151   4.4
12.46   2.26265   4.4
12.48   2.24055   4.4
12.5   2.23435   4.4
12.52   2.24363   4.4
12.54   2.2683   4.4
12.56   2.30863   4.4
12.58   2.36526   4.4
12.6   2.4392   4.4
12.62   2.53188   4.4
12.64   2.64524   4.4
12.66   2.7818   4.4
12.68   2.94476   4.4
12.7   3.13826   4.4
12.72   3.36752   4.4
12.74   3.63925   4.4
12.76   3.96205   4.4
12.78   4.34708   4.4
12.8   4.80897   4.4
12.82   5.36713   4.4
12.84   6.04769   4.4
12.86   6.88643   4.4
12.88   7.93326   4.4
12.9   9.25936   4.4
12.92   10.9689   4.4
12.94   13.2198   4.4
12.96   16.2665   4.4
12.98   20.5581   4.53411
13   26.9684   5.19311
13.02   37.2312   6.10174
13.04   54.4716   7.38049
13.06   83.2641   9.12492
13.08   127.983   11.313
13.1   185.613   13.624
13.12   227.224   15.074
13.14   210.74   14.5169
13.16   154.949   12.4478
13.18   102.577   10.128
13.2   66.4923   8.15428
13.22   44.3156   6.65699
13.24   31.1736   5.58333
13.26   23.1868   4.81527
13.28   18.0096   4.4
13.3   14.4221   4.4
13.32   11.8114   4.4
13.34   9.84753   4.4
13.36   8.33375   4.4
13.38   7.1434   4.4
13.4   6.19125   4.4
13.42   5.27427   4.4
13.44   4.64208   4.4
13.46   4.11635   4.4
13.48   3.67459   4.4
13.5   3.29994   4.4
13.52   2.97951   4.4
13.54   2.70338   4.4
13.56   2.46378   4.4
13.58   2.25456   4.4
13.6   2.07081   4.4
13.62   1.90857   4.4
13.64   1.76462   4.4
13.66   1.63631   4.4
13.68   1.52148   4.4
13.7   1.41829   4.4
13.72   1.32523   4.4
13.74   1.24102   4.4
13.76   1.16458   4.4
13.78   1.09497   4.4
13.8   1.03141   4.4
13.82   0.973219   4.4
13.84   0.919811   4.4
13.86   0.870674   4.4
13.88   0.825367   4.4
13.9   0.783502   4.4
13.92   0.744739   4.4
13.94   0.708779   4.4
13.96   0.67536   4.4
13.98   0.644247   4.4
14   0.615234   4.4
14.02   0.588135   4.4
14.04   0.562786   4.4
14.06   0.53904   4.4
14.08   0.516764   4.4
14.1   0.49584   4.4
14.12   0.476161   4.4
14.14   0.457629   4.4
14.16   0.440158   4.4
14.18   0.423668   4.4
14.2   0.408086   4.4
14.22   0.393349   4.4
14.24   0.379395   4.4
14.26   0.36617   4.4
14.28   0.353624   4.4
14.3   0.341711   4.4
14.32   0.330391   4.4
14.34   0.319623   4.4
14.36   0.309373   4.4
14.38   0.299608   4.4
14.4   0.290298   4.4
14.42   0.281415   4.4
14.44   0.272934   4.4
14.46   0.26483   4.4
14.48   0.257081   4.4
14.5   0.249668   4.4
14.52   0.24257   4.4
14.54   0.235771   4.4
14.56   0.229254   4.4
14.58   0.223003   4.4
14.6   0   4.4
14.62   0   4.4
14.64   0   4.4
14.66   0   4.4
14.68   0   4.4
14.7   0   4.4
14.72   0   4.4
14.74   0   4.4
14.76   0   4.4
14.78   0   4.4
14.8   0   4.4
14.82   0   4.4
14.84   0   4.4
14.86   0   4.4
14.88   0   4.4
14.9   0   4.4
14.92   0   4.4
14.94   0   4.4
14.96   0   4.4
14.98   0   4.4
15   0   4.4
15.02   0   4.4
15.04   0   4.4
15.06   0   4.4
15.08   0   4.4
15.1   0   4.4
15.12   0   4.4
15.14   0   4.4
15.16   0   4.4
15.18   0   4.4
15.2   0   4.4
15.22   0   4.4
15.24   0   4.4
15.26   0   4.4
15.28   0   4.4
15.3   0   4.4
15.32   0   4.4
15.34   0   4.4
15.36   0   4.4
15.38   0   4.4
15.4   0   4.4
15.42   0   4.4
15.44   0   4.4
15.46   0   4.4
15.48   0.000695035   4.4
15.5   0.000714491   4.4
15.52   0.000734775   4.4
15.54   0.000755935   4.4
15.56   0.000778022   4.4
15.58   0.00080109   4.4
15.6   0.0008252   4.4
15.62   0.000850414   4.4
15.64   0.000876801   4.4
15.66   0.000904435   4.4
15.68   0.000933395   4.4
15.7   0.000963768   4.4
15.72   0.000995647   4.4
15.74   0.00102913   4.4
15.76   0.00106434   4.4
15.78   0.00110138   4.4
15.8   0.00114038   4.4
15.82   0.0011815   4.4
15.84   0.00122488   4.4
15.86   0.00127069   4.4
15.88   0.00131911   4.4
15.9   0.00137036   4.4
15.92   0.00142465   4.4
15.94   0.00148222   4.4
15.96   0.00154336   4.4
15.98   0.00160835   4.4
16   0.00167754   4.4
16.02   0.00175128   4.4
16.04   0.00182998   4.4
16.06   0.00191411   4.4
16.08   0.00200417   4.4
16.1   0.00210073   4.4
16.12   0.00220444   4.4
16.14   0.002316   4.4
16.16   0.00243624   4.4
16.18   0.00256608   4.4
16.2   0.00270656   4.4
16.22   0.00285889   4.4
16.24   0.00302442   4.4
16.26   0.00320473   4.4
16.28   0.00340163   4.4
16.3   0.0036172   4.4
16.32   0.00385389   4.4
16.34   0.00411454   4.4
16.36   0.00440247   4.4
16.38   0.00472164   4.4
16.4   0.00507672   4.4
16.42   0.00547327   4.4
16.44   0.00591799   4.4
16.46   0.006419   4.4
16.48   0.00698614   4.4
16.5   0.00763156   4.4
16.52   0.00837026   4.4
16.54   0.00922102   4.4
16.56   0.0102076   4.4
16.58   0.0113602   4.4
16.6   0.0127181   4.4
16.62   0.0143325   4.4
16.64   0.0162719   4.4
16.66   0.0186283   4.4
16.68   0.0215289   4.4
16.7   0.0251522   4.4
16.72   0.0297548   4.4
16.74   0.0357168   4.4
16.76   0.0436255   4.4
16.78   0.0544567   4.4
16.8   0.0700053   4.4
16.82   0.0938332   4.4
16.84   0.132849   4.4
16.86   0.198706   4.4
16.88   0.306575   4.4
16.9   0.465715   4.4
16.92   0.643581   4.4
16.94   0.713406   4.4
16.96   0.596744   4.4
16.98   0.415675   4.4
17   0.270771   4.4
17.02   0.17638   4.4
17.04   0.119621   4.4
17.06   0.0858918   4.4
17.08   0.0649423   4.4
17.1   0.0509963   4.4
17.12   0.0411312   4.4
17.14   0.0338536   4.4
17.16   0.0283268   4.4
17.18   0.0240349   4.4
17.2   0.0206393   4.4
17.22   0.017909   4.4
17.24   0.0156823   4.4
17.26   0.0138436   4.4
17.28   0.0123082   4.4
17.3   0.0110134   4.4
17.32   0.00991151   4.4
17.34   0.00896635   4.4
17.36   0.00814964   4.4
17.38   0.0074392   4.4
17.4   0.00681743   4.4
17.42   0.00627023   4.4
17.44   0.00578615   4.4
17.46   0.00535588   4.4
17.48   0.00497176   4.4
17.5   0.00462742   4.4
17.52   0.00431758   4.4
17.54   0.00403777   4.4
17.56   0.00378426   4.4
17.58   0.00355385   4.4
17.6   0.00334382   4.4
17.62   0.00315184   4.4
17.64   0.00297591   4.4
17.66   0.00281428   4.4
17.68   0.00266545   4.4
17.7   0.00252811   4.4
17.72   0.0024011   4.4
17.74   0.00228342   4.4
17.76   0.00217417   4.4
17.78   0.00207257   4.4
17.8   0.00197792   4.4
17.82   0.0018896   4.4
17.84   0.00180707   4.4
17.86   0.00172982   4.4
17.88   0.00165741   4.4
17.9   0.00158945   4.4
17.92   0.00152559   4.4
17.94   0.0014655   4.4
17.96   0.00140888   4.4
17.98   0.00135548   4.4
18   0.00130506   4.4
18.02   0.0012574   4.4
18.04   0.0012123   4.4
18.06   0.00116958   4.4
18.08   0.00112908   4.4
18.1   0.00109065   4.4
18.12   0.00105414   4.4
18.14   0.00101944   4.4
18.16   0.00098642   4.4
18.18   0.000954979   4.4
18.2   0.000925017   4.4
18.22   0.000896443   4.4
18.24   0.000869172   4.4
18.26   0.000843126   4.4
18.28   0.000818233   4.4
18.3   0.000794425   4.4
18.32   0.000771642   4.4
18.34   0.000749824   4.4
18.36   0.000728919   4.4
18.38   0.000708875   4.4
18.4   0   4.4
18.42   0   4.4
18.44   0   4.4
18.46   0   4.4
18.48   0   4.4
18.5   0   4.4
18.52   0   4.4
18.54   0   4.4
18.56   0   4.4
18.58   0   4.4
18.6   0   4.4
18.62   0   4.4
18.64   0   4.4
18.66   0   4.4
18.68   0.15252   4.4
18.7   0.156797   4.4
18.72   0.161256   4.4
18.74   0.165908   4.4
18.76   0.170764   4.4
18.78   0.175837   4.4
18.8   0.181139   4.4
18.82   0.186684   4.4
18.84   0.192487   4.4
18.86   0.198566   4.4
18.88   0.204937   4.4
18.9   0.211619   4.4
18.92   0.218633   4.4
18.94   0.226002   4.4
18.96   0.233749   4.4
18.98   0.241902   4.4
19   0.250488   4.4
19.02   0.259539   4.4
19.04   0.269089   4.4
19.06   0.279176   4.4
19.08   0.289841   4.4
19.1   0.301128   4.4
19.12   0.313087   4.4
19.14   0.325772   4.4
19.16   0.339244   4.4
19.18   0.353567   4.4
19.2   0.368817   4.4
19.22   0.385074   4.4
19.24   0.402428   4.4
19.26   0.420982   4.4
19.28   0.440847   4.4
19.3   0.46215   4.4
19.32   0.485034   4.4
19.34   0.509658   4.4
19.36   0.536204   4.4
19.38   0.564875   4.4
19.4   0.595905   4.4
19.42   0.62956   4.4
19.44   0.666144   4.4
19.46   0.706005   4.4
19.48   0.749546   4.4
19.5   0.797235   4.4
19.52   0.849613   4.4
19.54   0.907315   4.4
19.56   0.971085   4.4
19.58   1.0418   4.4
19.6   1.12051   4.4
19.62   1.20846   4.4
19.64   1.30715   4.4
19.66   1.41839   4.4
19.68   1.54439   4.4
19.7   1.68788   4.4
19.72   1.85224   4.4
19.74   2.04168   4.4
19.76   2.26156   4.4
19.78   2.5187   4.4
19.8   2.82196   4.4
19.82   3.18297   4.4
19.84   3.61721   4.4
19.86   4.14565   4.4
19.88   4.79725   4.4
19.9   5.61279   4.4
19.92   6.65111   4.4
19.94   7.9997   4.4
19.96   9.79473   4.4
19.98   12.2651   4.4
20   15.8371   4.4
20.02   21.8079   4.66989
20.04   30.9221   5.56077
20.06   46.2947   6.80402
20.08   71.2565   8.44136
20.1   107.313   10.3592
20.12   145.192   12.0496
20.14   155.359   12.4643
20.16   126.202   11.234
20.18   86.9142   9.32278
20.2   56.6662   7.52769
20.22   37.2526   6.10349
20.24   25.6449   5.06407
20.26   18.736   4.4
20.28   14.4188   4.4
20.3   11.5284   4.4
20.32   9.47869   4.4
20.34   7.96768   4.4
20.36   6.82394   4.4
20.38   5.94077   4.4
20.4   5.24779   4.4
20.42   4.69687   4.4
20.44   4.25426   4.4
20.46   3.89578   4.4
20.48   3.60377   4.4
20.5   3.36515   4.4
20.52   3.17006   4.4
20.54   3.01102   4.4
20.56   2.88225   4.4
20.58   2.77931   4.4
20.6   2.69874   4.4
20.62   2.63784   4.4
20.64   2.59453   4.4
20.66   2.56723   4.4
20.68   2.55473   4.4
20.7   2.55619   4.4
20.72   2.57102   4.4
20.74   2.59894   4.4
20.76   2.63986   4.4
20.78   2.69393   4.4
20.8   2.76155   4.4
20.82   2.8433   4.4
20.84   2.94003   4.4
20.86   3.05284   4.4
20.88   3.18315   4.4
20.9   3.33267   4.4
20.92   3.50354   4.4
20.94   3.69836   4.4
20.96   3.92027   4.4
20.98   4.1731   4.4
21   4.46155   4.4
21.02   4.79132   4.4
21.04   5.16949   4.4
21.06   5.60477   4.4
21.08   6.1081   4.4
21.1   6.69322   4.4
21.12   7.37764   4.4
21.14   8.18389   4.4
21.16   9.14132   4.4
21.18   10.2887   4.4
21.2   11.6781   4.4
21.22   13.3805   4.4
21.24   15.4948   4.4
21.26   18.1613   4.4
21.28   21.5851   4.64598
21.3   26.0756   5.10643
21.32   32.1274   5.6681
21.34   40.6055   6.37225
21.36   53.18   7.29246
21.38   73.1752   8.55425
21.4   106.667   10.328
21.42   162.775   12.7583
21.44   250.807   15.8369
21.46   367.33   19.1659
21.48   459.754   21.4419
21.5   438.161   20.9323
21.52   327.411   18.0945
21.54   217.87   14.7604
21.56   141.082   11.8778
21.58   93.5641   9.67286
21.6   65.2389   8.07706
21.62   48.2019   6.94276
21.64   37.236   6.10213
21.66   29.6831   5.44822
21.68   24.2103   4.9204
21.7   20.1065   4.48403
21.72   16.9517   4.4
21.74   14.4768   4.4
21.76   12.5016   4.4
21.78   10.9013   4.4
21.8   9.58741   4.4
21.82   8.49589   4.4
21.84   7.57958   4.4
21.86   6.80309   4.4
21.88   6.13951   4.4
21.9   5.56806   4.4
21.92   5.07251   4.4
21.94   4.64003   4.4
21.96   4.26041   4.4
21.98   3.9254   4.4
22   3.62828   4.4
22.02   3.36357   4.4
22.04   3.15883   4.4
22.06   2.947   4.4
22.08   2.75617   4.4
22.1   2.58366   4.4
22.12   2.42723   4.4
22.14   2.28498   4.4
22.16   2.15527   4.4
22.18   2.03669   4.4
22.2   1.92804   4.4
22.22   1.82825   4.4
22.24   1.73643   4.4
22.26   1.65177   4.4
22.28   1.57357   4.4
22.3   1.50123   4.4
22.32   1.4342   4.4
22.34   1.37201   4.4
22.36   1.31424   4.4
22.38   1.26052   4.4
22.4   1.2105   4.4
22.42   1.1639   4.4
22.44   1.12045   4.4
22.46   1.07991   4.4
22.48   1.04209   4.4
22.5   1.00678   4.4
22.52   0.973824   4.4
22.54   0.943073   4.4
22.56   0.914394   4.4
22.58   0.887669   4.4
22.6   0.893392   4.4
22.62   0.871148   4.4
22.64   0.850626   4.4
22.66   0.831762   4.4
22.68   0.814506   4.4
22.7   0.798815   4.4
22.72   0.784661   4.4
22.74   0.772025   4.4
22.76   0.760903   4.4
22.78   0.751299   4.4
22.8   0.743236   4.4
22.82   0.736746   4.4
22.84   0.731883   4.4
22.86   0.728715   4.4
22.88   0.727333   4.4
22.9   0.727855   4.4
22.92   0.730425   4.4
22.94   0.735223   4.4
22.96   0.298392   4.4
22.98   0.32017   4.4
23   0.344547   4.4
23.02   0.371965   4.4
23.04   0.402964   4.4
23.06   0.438213   4.4
23.08   0.478542   4.4
23.1   0.524998   4.4
23.12   0.578915   4.4
23.14   0.642008   4.4
23.16   0.716522   4.4
23.18   0.805426   4.4
23.2   0.912722   4.4
23.22   1.0439   4.4
23.24   1.20663   4.4
23.26   1.41191   4.4
23.28   1.67592   4.4
23.3   2.02347   4.4
23.32   2.4952   4.4
23.34   3.16474   4.4
23.36   4.17721   4.4
23.38   5.81714   4.4
23.4   8.57766   4.4
23.42   13.1328   4.4
23.44   19.997   4.4718
23.46   28.1599   5.30659
23.48   32.4734   5.69854
23.5   28.2559   5.31563
23.52   20.1263   4.48623
23.54   13.2712   4.4
23.56   8.7276   4.4
23.58   5.98685   4.4
23.6   4.37463   4.4
23.62   3.39651   4.4
23.64   2.76717   4.4
23.66   2.34159   4.4
23.68   2.04701   4.4
23.7   1.84423   4.4
23.72   1.71047   4.4
23.74   1.63227   4.4
23.76   1.60235   4.4
23.78   1.61813   4.4
23.8   1.68125   4.4
23.82   1.79789   4.4
23.84   1.98005   4.4
23.86   2.24835   4.4
23.88   2.63831   4.4
23.9   3.21551   4.4
23.92   4.11031   4.4
23.94   5.58074   4.4
23.96   8.08081   4.4
23.98   12.2462   4.4
24   18.6059   4.4
24.02   26.3946   5.13757
24.04   31.0133   5.56896
24.06   27.5198   5.24593
24.08   19.7773   4.44717
24.1   13.0352   4.4
24.12   8.50528   4.4
24.14   5.74672   4.4
24.16   4.10896   4.4
24.18   3.1027   4.4
24.2   2.44111   4.4
24.22   1.97702   4.4
24.24   1.63608   4.4
24.26   1.37759   4.4
24.28   1.17688   4.4
24.3   1.01796   4.4
24.32   0.889971   4.4
24.34   0.78536   4.4
24.36   0.698732   4.4
24.38   0.626159   4.4
24.4   0.564731   4.4
24.42   0.512251   4.4
24.44   0.467041   4.4
24.46   0.427799   4.4
24.48   0.393502   4.4
24.5   0.36334   4.4
24.52   0.336662   4.4
24.54   0.312941   4.4
24.56   0.291748   4.4
24.58   0.272728   4.4
24.6   0.255588   4.4
24.62   0.240082   4.4
24.64   0.226005   4.4
24.66   0.213183   4.4
24.68   0.201466   4.4
24.7   0.19073   4.4
24.72   0.180864   4.4
24.74   0.171775   4.4
24.76   0.163381   4.4
24.78   0.155613   4.4
24.8   0.148406   4.4
24.82   0.141708   4.4
24.84   0.13547   4.4
24.86   0.129651   4.4
24.88   0.124212   4.4
24.9   0.119121   4.4
24.92   0.114347   4.4
24.94   0.0786362   4.4
24.96   0.0752585   4.4
24.98   0.128205   4.4
25   0.126818   4.4
25.02   0.12568   4.4
25.04   0.124778   4.4
25.06   0.124105   4.4
25.08   0.123654   4.4
25.1   0.123419   4.4
25.12   0.123396   4.4
25.14   0.123581   4.4
25.16   0.123974   4.4
25.18   0.124572   4.4
25.2   0.125378   4.4
25.22   0.126392   4.4
25.24   0.127617   4.4
25.26   0.129058   4.4
25.28   0.13072   4.4
25.3   0.132609   4.4
25.32   0.134733   4.4
25.34   0.137101   4.4
25.36   0.139724   4.4
25.38   0.142614   4.4
25.4   0.145785   4.4
25.42   0.149254   4.4
25.44   0.153039   4.4
25.46   0.431841   4.4
25.48   0.443942   4.4
25.5   0.426852   4.4
25.52   0.441215   4.4
25.54   0.456353   4.4
25.56   0.472324   4.4
25.58   0.489195   4.4
25.6   0.507039   4.4
25.62   0.525936   4.4
25.64   0.545975   4.4
25.66   0.567257   4.4
25.68   0.589894   4.4
25.7   0.614011   4.4
25.72   0.639748   4.4
25.74   0.667266   4.4
25.76   0.696745   4.4
25.78   0.72839   4.4
25.8   0.762436   4.4
25.82   0.799154   4.4
25.84   0.838855   4.4
25.86   0.8819   4.4
25.88   0.92871   4.4
25.9   0.979781   4.4
25.92   1.0357   4.4
25.94   1.09715   4.4
25.96   1.16497   4.4
25.98   1.24017   4.4
26   1.32397   4.4
26.02   1.41788   4.4
26.04   3.97115   4.4
26.06   4.16044   4.4
26.08   4.37001   4.4
26.1   4.60391   4.4
26.12   4.86737   4.4
26.14   5.16731   4.4
26.16   5.51305   4.4
26.18   5.91741   4.4
26.2   6.39846   4.4
26.22   6.98231   4.4
26.24   7.70822   4.4
26.26   8.63864   4.4
26.28   9.88272   4.4
26.3   11.651   4.4
26.32   14.3609   4.4
26.34   18.7698   4.4
26.36   26.0017   5.09918
26.38   37.1725   6.09692
26.4   51.7251   7.19202
26.42   62.9135   7.9318
26.44   59.9888   7.74525
26.46   46.7236   6.83547
26.48   33.9675   5.82816
26.5   25.2733   5.02726
26.52   20.1471   4.48855
26.54   17.3879   4.4
26.56   16.0241   4.4
26.58   15.4692   4.4
26.6   15.428   4.4
26.62   15.7673   4.4
26.64   16.4351   4.4
26.66   17.4251   4.4
26.68   18.7653   4.4
26.7   20.5186   4.52975
26.72   22.7918   4.77407
26.74   25.756   5.07503
26.76   29.6892   5.44878
26.78   35.0752   5.92243
26.8   42.8394   6.54518
26.82   54.8291   7.40467
26.84   74.4911   8.63082
26.86   107.197   10.3536
26.88   158.938   12.6071
26.9   229.884   15.1619
26.92   293.998   17.1464
26.94   294.291   17.1549
26.96   231.762   15.2237
26.98   163.443   12.7845
27   114.581   10.7043
27.02   84.7807   9.20764
27.04   68.0726   8.25061
27.06   59.174   7.69246
27.08   54.741   7.39871
27.1   53.029   7.2821
27.12   53.2214   7.2953
27.14   54.9606   7.41354
27.16   58.1263   7.62406
27.18   62.7511   7.92156
27.2   68.9984   8.30653
27.22   77.1713   8.78472
27.24   87.7473   9.36735
27.26   101.447   10.0721
27.28   119.352   10.9248
27.3   143.126   11.9635
27.32   175.454   13.2459
27.34   221.084   14.8689
27.36   289.232   17.0068
27.38   398.232   19.9558
27.4   581.31   24.1104
27.42   887.576   29.7922
27.44   1365.23   36.949
27.46   1987.3   44.5792
27.48   2453.48   49.5326
27.5   2298.84   47.9463
27.52   1700.31   41.2349
27.54   1127.67   33.5807
27.56   730.587   27.0294
27.58   485.923   22.0437
27.6   340.903   18.4636
27.62   252.924   15.9036
27.64   196.037   14.0013
27.66   156.701   12.518
27.68   128.116   11.3188
27.7   106.636   10.3265
27.72   90.0923   9.4917
27.74   77.0931   8.78027
27.76   66.7022   8.16714
27.78   58.271   7.63354
27.8   51.339   7.16512
27.82   45.5725   6.75074
27.84   40.7253   6.38164
27.86   36.6126   6.05084
27.88   33.0936   5.7527
27.9   30.0055   5.47772
27.92   27.3727   5.23189
27.94   25.0725   5.00724
27.96   23.0512   4.80116
27.98   21.2655   4.61145
28   19.6801   4.43623
28.02   18.2663   4.4
28.04   17   4.4
28.06   15.8615   4.4
28.08   14.8341   4.4
28.1   13.9038   4.4
28.12   13.0587   4.4
28.14   12.2887   4.4
28.16   11.5851   4.4
28.18   10.9406   4.4
28.2   10.3486   4.4
28.22   9.80359   4.4
28.24   9.30074   4.4
28.26   8.8358   4.4
28.28   8.40503   4.4
28.3   8.00515   4.4
28.32   7.63328   4.4
28.34   7.28686   4.4
28.36   6.9636   4.4
28.38   6.66149   4.4
28.4   6.37871   4.4
28.42   5.84643   4.4
28.44   5.60465   4.4
28.46   5.37755   4.4
28.48   5.16397   4.4
28.5   4.96286   4.4
28.52   4.77326   4.4
28.54   4.59431   4.4
28.56   4.42523   4.4
28.58   4.26531   4.4
28.6   4.11391   4.4
28.62   3.97041   4.4
28.64   3.83429   4.4
28.66   3.70505   4.4
28.68   3.58223   4.4
28.7   3.46542   4.4
28.72   3.35422   4.4
28.74   3.24829   4.4
28.76   3.1473   4.4
28.78   3.05094   4.4
28.8   2.95894   4.4
28.82   2.87104   4.4
28.84   2.78699   4.4
28.86   2.70658   4.4
28.88   2.6296   4.4
28.9   2.55585   4.4
28.92   2.48517   4.4
28.94   2.41737   4.4
28.96   0   4.4
28.98   0   4.4
29   0   4.4
29.02   0   4.4
29.04   0   4.4
29.06   0   4.4
29.08   0   4.4
29.1   0   4.4
29.12   0   4.4
29.14   0   4.4
29.16   0   4.4
29.18   0   4.4
29.2   0   4.4
29.22   0   4.4
29.24   0   4.4
29.26   0   4.4
29.28   0   4.4
29.3   0   4.4
29.32   0   4.4
29.34   0   4.4
29.36   0   4.4
29.38   0   4.4
29.4   0   4.4
29.42   0   4.4
29.44   0   4.4
29.46   0   4.4
29.48   0   4.4
29.5   0   4.4
29.52   0   4.4
29.54   0   4.4
29.56   0   4.4
29.58   0   4.4
29.6   0   4.4
29.62   0   4.4
29.64   0   4.4
29.66   0   4.4
29.68   0   4.4
29.7   0   4.4
29.72   0   4.4
29.74   0   4.4
29.76   0   4.4
29.78   0   4.4
29.8   0   4.4
29.82   0   4.4
29.84   0   4.4
29.86   0   4.4
29.88   0   4.4
29.9   0   4.4
29.92   0   4.4
29.94   0   4.4
29.96   0   4.4
29.98   0   4.4
30   0   4.4
30.02   0   4.4
30.04   0   4.4
30.06   0   4.4
30.08   0   4.4
30.1   9.70535   4.4
30.12   9.97739   4.4
30.14   10.474   4.4
30.16   10.7758   4.4
30.18   11.0908   4.4
30.2   11.4199   4.4
30.22   11.7638   4.4
30.24   12.1235   4.4
30.26   12.4999   4.4
30.28   12.8941   4.4
30.3   13.3073   4.4
30.32   13.7406   4.4
30.34   14.1954   4.4
30.36   14.6732   4.4
30.38   15.1755   4.4
30.4   15.7041   4.4
30.42   16.2607   4.4
30.44   16.8474   4.4
30.46   17.4664   4.4
30.48   18.1202   4.4
30.5   18.8114   4.4
30.52   19.5428   4.42072
30.54   20.3177   4.50752
30.56   21.1396   4.59778
30.58   22.0123   4.69173
30.6   22.9402   4.78959
30.62   23.9279   4.89162
30.64   24.9808   4.99808
30.66   26.1047   5.10927
30.68   27.306   5.22552
30.7   28.5922   5.34717
30.72   29.9713   5.4746
30.74   31.4525   5.60825
30.76   33.0461   5.74858
30.78   34.7639   5.89609
30.8   36.619   6.05136
30.82   38.6263   6.21501
30.84   40.8031   6.38773
30.86   43.1689   6.57031
30.88   45.7463   6.7636
30.9   48.5611   6.96858
30.92   51.6433   7.18633
30.94   55.028   7.41808
30.96   58.7558   7.66523
30.98   62.8748   7.92936
31   67.4413   8.21227
31.02   73.5847   8.57815
31.04   79.2908   8.90454
31.06   85.6893   9.25685
31.08   92.8968   9.6383
31.1   101.055   10.0526
31.12   110.339   10.5043
31.14   120.966   10.9984
31.16   133.204   11.5414
31.18   147.398   12.1408
31.2   163.984   12.8056
31.22   183.529   13.5473
31.24   206.774   14.3797
31.26   234.709   15.3202
31.28   268.67   16.3912
31.3   310.503   17.6211
31.32   362.8   19.0473
31.34   429.303   20.7196
31.36   515.56   22.7059
31.38   630.189   25.1036
31.4   787.62   28.0646
31.42   1014.62   31.8531
31.44   1364.39   36.9377
31.46   1939.25   44.0369
31.48   2908.58   53.9313
31.5   4486   66.9776
31.52   6778.66   82.3326
31.54   9234.18   96.0946
31.56   10000   100
31.58   8248.93   90.8236
31.6   5786.6   76.0697
31.62   3832.77   61.9093
31.64   2526.44   50.2637
31.66   1721.38   41.4895
31.68   1235.79   35.1539
31.7   932.489   30.5367
31.72   731.15   27.0398
31.74   589.644   24.2826
31.76   485.845   22.0419
31.78   407.324   20.1823
31.8   346.522   18.6151
31.82   298.544   17.2784
31.84   260.081   16.127
31.86   228.823   15.1269
31.88   203.123   14.2521
31.9   181.782   13.4827
31.92   163.911   12.8028
31.94   148.843   12.2001
31.96   136.071   11.6649
31.98   125.204   11.1894
32   115.941   10.7676
32.02   108.05   10.3947
32.04   101.352   10.0674
32.06   95.7117   9.78324
32.08   91.0296   9.54094
32.1   87.2401   9.34024
32.12   84.3084   9.18196
32.14   82.2315   9.06816
32.16   81.0422   9.00234
32.18   80.8162   8.98978
32.2   81.6853   9.03799
32.22   83.8584   9.15743
32.24   87.6565   9.3625
32.26   93.5713   9.67323
32.28   102.374   10.118
32.3   115.339   10.7396
32.32   134.78   11.6095
32.34   165.261   12.8554
32.36   215.79   14.6898
32.38   302.183   17.3834
32.4   447.081   21.1443
32.42   667.672   25.8394
32.44   937.361   30.6164
32.46   1095.56   33.0992
32.48   972.014   31.1771
32.5   702.519   26.5051
32.52   468.438   21.6434
32.54   311.159   17.6397
32.56   215.235   14.6709
32.58   158.102   12.5738
32.6   122.821   11.0825
32.62   99.4784   9.97389
32.64   82.9882   9.10979
32.66   70.7796   8.41306
32.68   61.4441   7.83863
32.7   54.1284   7.3572
32.72   48.2774   6.9482
32.74   43.5151   6.5966
32.76   39.5791   6.29119
32.78   36.282   6.02345
32.8   33.4873   5.78682
32.82   33.496   5.78757
32.84   31.4951   5.61205
32.86   29.7632   5.45556
32.88   28.2549   5.31554
32.9   26.9349   5.18989
32.92   25.775   5.07691
32.94   24.7525   4.97519
32.96   23.8495   4.8836
32.98   23.0511   4.80116
33   22.3454   4.7271
33.02   12.1425   4.4
33.04   11.8505   4.4
33.06   11.6166   4.4
33.08   11.4361   4.4
33.1   11.0986   4.4
33.12   11.0194   4.4
33.14   10.9844   4.4
33.16   10.9919   4.4
33.18   11.0411   4.4
33.2   11.1318   4.4
33.22   11.2643   4.4
33.24   11.4393   4.4
33.26   11.6586   4.4
33.28   11.9242   4.4
33.3   12.2391   4.4
33.32   12.607   4.4
33.34   13.0326   4.4
33.36   13.5218   4.4
33.38   14.0817   4.4
33.4   14.7212   4.4
33.42   15.4513   4.4
33.44   16.2854   4.4
33.46   17.2406   4.4
33.48   18.338   4.4
33.5   19.6045   4.4277
33.52   21.0745   4.5907
33.54   22.7929   4.77419
33.56   24.8187   4.98183
33.58   27.2309   5.21832
33.6   30.1378   5.48979
33.62   33.6901   5.80431
33.64   38.1034   6.17279
33.66   43.6956   6.61026
33.68   50.9572   7.13843
33.7   60.7053   7.79136
33.72   74.4493   8.6284
33.74   95.1812   9.75609
33.76   128.641   11.342
33.78   184.31   13.5761
33.8   274.097   16.5559
33.82   403.827   20.0954
33.84   542.154   23.2842
33.86   585   24.1868
33.88   486.768   22.0628
33.9   350.122   18.7115
33.92   244.595   15.6395
33.94   179.782   13.4083
33.96   144.178   12.0074
33.98   126.938   11.2667
34   120.865   10.9939
34.02   122.316   11.0597
34.04   129.997   11.4016
34.06   144.041   12.0017
34.08   165.719   12.8732
34.1   197.757   14.0626
34.12   245.562   15.6704
34.14   320.152   17.8928
34.16   443.28   21.0542
34.18   652.468   25.5435
34.2   998.327   31.5963
34.22   1517.27   38.9522
34.24   2123.81   46.0848
34.26   2419.1   49.1844
34.28   2077.34   45.5778
34.3   1466.44   38.2942
34.32   959.744   30.9797
34.34   625.233   25.0047
34.36   422.996   20.5669
34.38   302.904   17.4041
34.4   228.693   15.1226
34.42   179.569   13.4003
34.44   144.951   12.0396
34.46   119.463   10.9299
34.48   100.124   10.0062
34.5   85.1116   9.2256
34.52   73.2331   8.55764
34.54   63.6788   7.9799
34.56   55.8824   7.47545
34.58   49.4391   7.0313
34.6   44.0538   6.6373
34.62   40.0272   6.32671
34.64   36.1684   6.01402
34.66   32.8567   5.73208
34.68   29.994   5.47667
34.7   27.503   5.24433
34.72   25.3225   5.03215
34.74   23.4035   4.83772
34.76   21.7063   4.659
34.78   20.1983   4.49425
34.8   18.8531   4.4
34.82   17.6484   4.4
34.84   16.5659   4.4
34.86   15.5902   4.4
34.88   14.7082   4.4
34.9   13.909   4.4
34.92   13.183   4.4
34.94   12.5271   4.4
34.96   11.9248   4.4
34.98   11.3749   4.4
35   10.8721   4.4
35.02   10.4121   4.4
35.04   9.99099   4.4
35.06   9.60531   4.4
35.08   9.25217   4.4
35.1   8.929   4.4
35.12   8.63357   4.4
35.14   8.36395   4.4
35.16   8.11848   4.4
35.18   7.89573   4.4
35.2   7.69449   4.4
35.22   7.51373   4.4
35.24   7.35264   4.4
35.26   7.21056   4.4
35.28   7.08701   4.4
35.3   6.98169   4.4
35.32   6.35816   4.4
35.34   6.30337   4.4
35.36   6.26633   4.4
35.38   6.58412   4.4
35.4   6.59357   4.4
35.42   6.62316   4.4
35.44   6.67405   4.4
35.46   6.74771   4.4
35.48   6.84598   4.4
35.5   6.9711   4.4
35.52   7.12582   4.4
35.54   7.31349   4.4
35.56   7.5382   4.4
35.58   7.80493   4.4
35.6   8.1198   4.4
35.62   8.49035   4.4
35.64   8.92589   4.4
35.66   9.43808   4.4
35.68   10.0416   4.4
35.7   10.7549   4.4
35.72   9.27028   4.4
35.74   10.3447   4.4
35.76   11.6221   4.4
35.78   13.1573   4.4
35.8   15.0244   4.4
35.82   17.3258   4.4
35.84   20.2065   4.49516
35.86   23.8758   4.88629
35.88   28.6467   5.35226
35.9   35.0094   5.91688
35.92   43.7977   6.61798
35.94   56.5823   7.52212
35.96   76.4968   8.74625
35.98   109.476   10.4631
36   165.037   12.8467
36.02   254.436   15.9511
36.04   380.675   19.5109
36.06   504.415   22.4592
36.08   521.482   22.836
36.1   412.239   20.3037
36.12   280.626   16.7519
36.14   182.546   13.511
36.16   120.404   10.9729
36.18   83.4221   9.13357
36.2   61.372   7.83403
36.22   47.528   6.89406
36.24   38.2409   6.18392
36.26   31.6869   5.62912
36.28   26.9315   5.18956
36.3   23.4635   4.84391
36.32   21.0055   4.58317
36.34   19.4305   4.408
36.36   18.6895   4.4
36.38   18.6563   4.4
36.4   18.7261   4.4
36.42   17.8461   4.4
36.44   16.1562   4.4
36.46   14.6393   4.4
36.48   13.6696   4.4
36.5   13.2199   4.4
36.52   13.1924   4.4
36.54   13.5174   4.4
36.56   14.1744   4.4
36.58   15.1897   4.4
36.6   16.6327   4.4
36.62   18.6216   4.4
36.64   21.3433   4.61988
36.66   25.0971   5.0097
36.68   30.3941   5.51309
36.7   38.196   6.18029
36.72   50.4241   7.10099
36.74   70.7522   8.41143
36.76   105.175   10.2555
36.78   161.028   12.6897
36.8   241.199   15.5306
36.82   323.585   17.9885
36.84   342.075   18.4953
36.86   275.306   16.5923
36.88   188.914   13.7446
36.9   123.13   11.0964
36.92   81.0525   9.00291
36.94   55.8848   7.47561
36.96   40.8454   6.39104
36.98   31.3826   5.60202
37   25.8573   5.08501
37.02   21.3137   4.61668
37.04   17.94   4.4
37.06   15.3656   4.4
37.08   13.359   4.4
37.1   11.7671   4.4
37.12   10.4851   4.4
37.14   9.43897   4.4
37.16   8.57588   4.4
37.18   7.85693   4.4
37.2   7.25319   4.4
37.22   6.74277   4.4
37.24   6.30886   4.4
37.26   5.9384   4.4
37.28   5.62117   4.4
37.3   5.34904   4.4
37.32   5.11552   4.4
37.34   4.9154   4.4
37.36   4.74444   4.4
37.38   4.59922   4.4
37.4   4.47693   4.4
37.42   4.3753   4.4
37.44   4.29246   4.4
37.46   4.22693   4.4
37.48   4.1775   4.4
37.5   4.14323   4.4
37.52   4.1234   4.4
37.54   4.1175   4.4
37.56   3.62957   4.4
37.58   3.66374   4.4
37.6   3.71082   4.4
37.62   3.771   4.4
37.64   3.8446   4.4
37.66   3.93212   4.4
37.68   4.03422   4.4
37.7   4.15173   4.4
37.72   4.28569   4.4
37.74   4.43737   4.4
37.76   4.60825   4.4
37.78   4.80013   4.4
37.8   5.01513   4.4
37.82   5.25575   4.4
37.84   5.52493   4.4
37.86   5.82618   4.4
37.88   6.16364   4.4
37.9   6.53749   4.4
37.92   6.96324   4.4
37.94   7.44308   4.4
37.96   7.98554   4.4
37.98   8.60099   4.4
38   9.30209   4.4
38.02   10.1045   4.4
38.04   11.0275   4.4
38.06   12.0956   4.4
38.08   13.3396   4.4
38.1   14.7989   4.4
38.12   16.525   4.4
38.14   18.5851   4.4
38.16   21.0695   4.59015
38.18   24.1002   4.9092
38.2   27.8464   5.27697
38.22   32.5467   5.70497
38.24   38.5468   6.2086
38.26   46.3622   6.80898
38.28   56.8013   7.53666
38.3   71.2369   8.4402
38.32   91.9315   9.58809
38.34   124.694   11.1667
38.36   178.971   13.378
38.38   270.472   16.446
38.4   417.859   20.4416
38.42   626.414   25.0283
38.44   832.057   28.8454
38.46   862.574   29.3696
38.48   682.72   26.1289
38.5   464.246   21.5464
38.52   300.982   17.3488
38.54   197.361   14.0485
38.56   135.579   11.6438
38.58   98.6404   9.93179
38.6   75.3396   8.67984
38.62   59.8641   7.73719
38.64   48.5968   6.97114
38.66   40.753   6.38381
38.68   34.375   5.86302
38.7   29.4053   5.42267
38.72   25.4639   5.04618
38.74   22.2898   4.72121
38.76   19.6995   4.43841
38.78   17.5607   4.4
38.8   15.7767   4.4
38.82   14.2751   4.4
38.84   13.0012   4.4
38.86   11.9129   4.4
38.88   10.9776   4.4
38.9   10.1696   4.4
38.92   9.46832   4.4
38.94   8.85748   4.4
38.96   8.32382   4.4
38.98   7.85654   4.4
39   7.4468   4.4
39.02   7.08731   4.4
39.04   6.77204   4.4
39.06   6.49598   4.4
39.08   6.25494   4.4
39.1   6.04544   4.4
39.12   5.86459   4.4
39.14   5.70998   4.4
39.16   5.57962   4.4
39.18   5.47188   4.4
39.2   5.38548   4.4
39.22   5.31939   4.4
39.24   5.27287   4.4
39.26   5.24541   4.4
39.28   5.23672   4.4
39.3   5.24675   4.4
39.32   5.27567   4.4
39.34   5.32387   4.4
39.36   5.392   4.4
39.38   5.48093   4.4
39.4   5.59183   4.4
39.42   5.72618   4.4
39.44   5.88582   4.4
39.46   6.92821   4.4
39.48   7.16938   4.4
39.5   7.44505   4.4
39.52   7.75922   4.4
39.54   8.1167   4.4
39.56   8.52329   4.4
39.58   8.98598   4.4
39.6   9.51331   4.4
39.62   10.1157   4.4
39.64   10.8059   4.4
39.66   11.5998   4.4
39.68   12.5173   4.4
39.7   13.5834   4.4
39.72   14.8302   4.4
39.74   16.2988   4.4
39.76   18.0432   4.4
39.78   20.1353   4.48724
39.8   22.6717   4.76148
39.82   25.7856   5.07795
39.84   29.6637   5.44644
39.86   34.575   5.88005
39.88   40.92   6.39687
39.9   49.3275   7.02335
39.92   60.8682   7.80181
39.94   76.7013   8.75793
39.96   102.254   10.1121
39.98   143.412   11.9755
40   210.597   14.5119
40.02   315.784   17.7703
40.04   459.238   21.4298
40.06   602.438   24.5446
40.08   696.107   26.3838
40.1   706.363   26.5775
40.12   589.115   24.2717
40.14   416.719   20.4137
40.16   276.263   16.6212
40.18   183.665   13.5523
40.2   127.241   11.2801
40.22   93.2989   9.65914
40.24   72.0855   8.49032
40.26   57.9663   7.61356
40.28   48.0222   6.92981
40.3   40.7442   6.38312
40.32   35.2867   5.94026
40.34   31.1302   5.57944
40.36   27.9347   5.28533
40.38   25.4703   5.04681
40.4   23.5777   4.85569
40.42   22.1459   4.70594
40.44   21.0966   4.59311
40.46   20.3762   4.514
40.48   19.949   4.46643
40.5   19.8714   4.45773
40.52   19.9822   4.47015
40.54   20.3599   4.5122
40.56   21.0195   4.5847
40.58   21.989   4.68925
40.6   23.3124   4.82829
40.62   25.0536   5.00536
40.64   27.3035   5.22527
40.66   30.1903   5.49457
40.68   33.8961   5.82204
40.7   38.683   6.21957
40.72   44.9358   6.70342
40.74   53.2381   7.29644
40.76   64.5235   8.03265
40.78   80.4252   8.96801
40.8   104.095   10.2027
40.82   141.809   11.9084
40.84   205.072   14.3204
40.86   311.218   17.6414
40.88   478.127   21.8661
40.9   700.057   26.4586
40.92   878.686   29.6426
40.94   841.355   29.0061
40.96   630.982   25.1193
40.98   420.912   20.5161
41   273.174   16.528
41.02   181.614   13.4764
41.04   127.293   11.2824
41.06   94.4429   9.71818
41.08   73.3043   8.5618
41.1   58.7449   7.66452
41.12   48.191   6.94197
41.14   40.2722   6.34604
41.16   34.1798   5.84635
41.18   29.3966   5.42186
41.2   25.5761   5.05728
41.22   22.4784   4.74114
41.24   19.9337   4.46472
41.26   17.8192   4.4
41.28   16.0443   4.4
41.3   14.5412   4.4
41.32   13.4475   4.4
41.34   12.3506   4.4
41.36   11.4037   4.4
41.38   10.5824   4.4
41.4   9.86767   4.4
41.42   9.24403   4.4
41.44   8.69925   4.4
41.46   8.22353   4.4
41.48   7.80906   4.4
41.5   7.44973   4.4
41.52   6.86662   4.4
41.54   6.61218   4.4
41.56   5.88415   4.4
41.58   5.73203   4.4
41.6   5.62352   4.4
41.62   5.56056   4.4
41.64   5.5469   4.4
41.66   5.58866   4.4
41.68   5.69507   4.4
41.7   5.8798   4.4
41.72   6.16295   4.4
41.74   6.57436   4.4
41.76   7.15924   4.4
41.78   7.98909   4.4
41.8   9.18603   4.4
41.82   10.9805   4.4
41.84   13.8329   4.4
41.86   18.6177   4.4
41.88   26.7422   5.17129
41.9   39.8838   6.31536
41.92   58.5367   7.65093
41.94   77.0147   8.7758
41.96   79.8706   8.93704
41.98   63.76   7.98498
42   44.0833   6.63952
42.02   29.3507   5.41763
42.04   19.9909   4.47112
42.06   14.4079   4.4
42.08   11.0721   4.4
42.1   8.97305   4.4
42.12   7.56093   4.4
42.14   6.55991   4.4
42.16   5.82702   4.4
42.18   5.28054   4.4
42.2   4.86954   4.4
42.22   4.56065   4.4
42.24   4.33143   4.4
42.26   4.16662   4.4
42.28   4.0559   4.4
42.3   3.99244   4.4
42.32   3.97207   4.4
42.34   4.31682   4.4
42.36   4.38752   4.4
42.38   4.81082   4.4
42.4   4.13079   4.4
42.42   4.37343   4.4
42.44   4.67475   4.4
42.46   5.04561   4.4
42.48   5.50095   4.4
42.5   6.06123   4.4
42.52   6.75473   4.4
42.54   7.621   4.4
42.56   8.71646   4.4
42.58   10.1233   4.4
42.6   11.9653   4.4
42.62   14.4384   4.4
42.64   17.8815   4.4
42.66   22.981   4.79386
42.68   30.95   5.56327
42.7   44.2284   6.65044
42.72   66.5367   8.157
42.74   101.969   10.098
42.76   150.4   12.2638
42.78   193.207   13.8999
42.8   191.233   13.8287
42.82   146.814   12.1167
42.84   99.124   9.95611
42.86   64.8224   8.05124
42.88   43.3975   6.58768
42.9   30.7001   5.54076
42.92   23.0949   4.80571
42.94   18.275   4.4
42.96   15.0117   4.4
42.98   12.6895   4.4
43   11.2914   4.4
43.02   10.0233   4.4
43.04   9.06477   4.4
43.06   8.33633   4.4
43.08   7.78376   4.4
43.1   7.36921   4.4
43.12   7.1262   4.4
43.14   6.91661   4.4
43.16   6.78552   4.4
43.18   6.72335   4.4
43.2   6.7236   4.4
43.22   6.7822   4.4
43.24   6.89714   4.4
43.26   7.06819   4.4
43.28   7.29683   4.4
43.3   7.58621   4.4
43.32   7.94129   4.4
43.34   8.36906   4.4
43.36   8.87886   4.4
43.38   9.48296   4.4
43.4   10.1973   4.4
43.42   11.0423   4.4
43.44   11.9711   4.4
43.46   13.1681   4.4
43.48   14.6038   4.4
43.5   16.3402   4.4
43.52   18.4617   4.4
43.54   21.0852   4.59186
43.56   24.3762   4.93723
43.58   28.5751   5.34557
43.6   34.0433   5.83466
43.62   41.3576   6.43099
43.64   51.5225   7.17791
43.66   66.4416   8.15117
43.68   89.7826   9.47537
43.7   128.039   11.3154
43.72   190.842   13.8145
43.74   287.96   16.9694
43.76   414.53   20.36
43.78   521.731   22.8414
43.8   554.687   23.5518
43.82   511.9   22.6252
43.84   400.803   20.0201
43.86   277.216   16.6498
43.88   184.61   13.5871
43.9   125.428   11.1994
43.92   89.7239   9.47227
43.94   68.2507   8.2614
43.96   54.9445   7.41246
43.98   46.5235   6.82082
44   41.5087   6.44272
44.02   39.4996   6.28487
44.04   40.7519   6.38372
44.06   45.7047   6.76052
44.08   53.6751   7.32633
44.1   59.5937   7.7197
44.12   55.8716   7.47473
44.14   45.4332   6.74041
44.16   35.8241   5.98532
44.18   29.413   5.42337
44.2   25.827   5.08202
44.22   24.252   4.92463
44.24   24.075   4.90663
44.26   24.9998   4.99998
44.28   26.8181   5.17862
44.3   30.108   5.48708
44.32   35.1738   5.93075
44.34   43.0391   6.56042
44.36   55.7938   7.46952
44.38   77.3493   8.79484
44.4   113.776   10.6666
44.42   171.767   13.106
44.44   251.175   15.8485
44.46   321.838   17.9399
44.48   320.639   17.9064
44.5   252.479   15.8896
44.52   182.128   13.4955
44.54   137.774   11.7377
44.56   118.352   10.879
44.58   110.749   10.5237
44.6   96.6663   9.8319
44.62   74.1132   8.6089
44.64   53.5163   7.31548
44.66   38.7764   6.22707
44.68   29.0792   5.39252
44.7   22.7858   4.77345
44.72   18.5608   4.4
44.74   15.558   4.4
44.76   13.3083   4.4
44.78   11.558   4.4
44.8   10.1602   4.4
44.82   9.02215   4.4
44.84   8.08068   4.4
44.86   7.29128   4.4
44.88   6.62163   4.4
44.9   6.04771   4.4
44.92   5.5514   4.4
44.94   5.11875   4.4
44.96   4.73886   4.4
44.98   4.40315   4.4
45   4.10474   4.4
45.02   3.83806   4.4
45.04   3.59858   4.4
45.06   3.38257   4.4
45.08   3.18693   4.4
45.1   3.00906   4.4
45.12   2.84678   4.4
45.14   2.69825   4.4
45.16   2.56188   4.4
45.18   2.43632   4.4
45.2   2.32042   4.4
45.22   2.21316   4.4
45.24   1.79903   4.4
45.26   1.71498   4.4
45.28   1.33591   4.4
45.3   1.27135   4.4
45.32   1.2114   4.4
45.34   1.15561   4.4
45.36   1.10362   4.4
45.38   1.05508   4.4
45.4   1.00969   4.4
45.42   0.967187   4.4
45.44   0.927328   4.4
45.46   0.889897   4.4
45.48   0.8547   4.4
45.5   0.821562   4.4
45.52   0.790324   4.4
45.54   0.760844   4.4
45.56   0.732991   4.4
45.58   0.668555   4.4
45.6   0.644624   4.4
45.62   0.621958   4.4
45.64   0.600467   4.4
45.66   0.580073   4.4
45.68   0.560702   4.4
45.7   0.542286   4.4
45.72   0.524764   4.4
45.74   0.508078   4.4
45.76   0.492177   4.4
45.78   0.477011   4.4
45.8   0.462536   4.4
45.82   0.448711   4.4
45.84   0.435497   4.4
45.86   1.30117   4.4
45.88   1.31395   4.4
45.9   1.32831   4.4
45.92   1.34428   4.4
45.94   1.36192   4.4
45.96   1.08316   4.4
45.98   1.11209   4.4
46   1.14253   4.4
46.02   1.17458   4.4
46.04   1.20832   4.4
46.06   1.24385   4.4
46.08   1.22283   4.4
46.1   1.26383   4.4
46.12   1.30693   4.4
46.14   1.35227   4.4
46.16   1.4   4.4
46.18   1.45032   4.4
46.2   1.50339   4.4
46.22   1.55942   4.4
46.24   1.61865   4.4
46.26   1.68131   4.4
46.28   1.74768   4.4
46.3   1.81805   4.4
46.32   1.89276   4.4
46.34   1.97216   4.4
46.36   2.05667   4.4
46.38   2.14671   4.4
46.4   2.2428   4.4
46.42   2.34548   4.4
46.44   2.45537   4.4
46.46   2.66655   4.4
46.48   2.79563   4.4
46.5   2.93436   4.4
46.52   3.08374   4.4
46.54   3.24489   4.4
46.56   3.41907   4.4
46.58   3.89066   4.4
46.6   4.10345   4.4
46.62   4.33463   4.4
46.64   4.5864   4.4
46.66   4.86132   4.4
46.68   5.16233   4.4
46.7   5.4929   4.4
46.72   5.85707   4.4
46.74   6.2596   4.4
46.76   6.70612   4.4
46.78   7.20336   4.4
46.8   7.75937   4.4
46.82   8.38387   4.4
46.84   9.0887   4.4
46.86   9.88832   4.4
46.88   10.8007   4.4
46.9   11.8481   4.4
46.92   13.0587   4.4
46.94   14.4684   4.4
46.96   16.1235   4.4
46.98   18.0844   4.4
47   20.4312   4.52008
47.02   23.2718   4.82409
47.04   26.7544   5.17246
47.06   31.0859   5.57548
47.08   36.5631   6.04674
47.1   43.622   6.6047
47.12   52.9306   7.27534
47.14   65.5807   8.09819
47.16   83.5425   9.14016
47.18   110.695   10.5212
47.2   154.659   12.4362
47.22   228.728   15.1238
47.24   351.271   18.7422
47.26   536.899   23.1711
47.28   760.627   27.5795
47.3   885.551   29.7582
47.32   776.996   27.8746
47.34   554.523   23.5483
47.36   364.173   19.0833
47.38   237.191   15.401
47.4   160.201   12.6571
47.42   114.641   10.707
47.44   86.7344   9.31313
47.46   68.474   8.2749
47.48   55.7969   7.46973
47.5   46.5705   6.82426
47.52   39.6918   6.30014
47.54   34.4749   5.87153
47.56   30.4774   5.52063
47.58   27.4041   5.23489
47.6   25.0549   5.00549
47.62   23.2946   4.82645
47.64   22.0343   4.69407
47.66   21.2211   4.60664
47.68   20.8329   4.5643
47.7   20.8775   4.56919
47.72   21.3974   4.62573
47.74   22.482   4.74151
47.76   26.3354   5.1318
47.78   29.2526   5.40856
47.8   33.8306   5.81641
47.82   41.216   6.41997
47.84   53.2665   7.29839
47.86   72.3171   8.50395
47.88   99.6492   9.98244
47.9   129.969   11.4004
47.92   146.921   12.1211
47.94   148.923   12.2034
47.96   159.963   12.6476
47.98   196.566   14.0202
48   256.722   16.0226
48.02   304.637   17.4539
48.04   284.136   16.8563
48.06   212.678   14.5835
48.08   144.327   12.0136
48.1   96.7341   9.83535
48.12   67.2223   8.19892
48.14   49.5876   7.04184
48.16   38.8009   6.22904
48.18   31.7833   5.63766
48.2   26.9175   5.1882
48.22   23.4704   4.84463
48.24   20.8357   4.56461
48.26   18.8315   4.4
48.28   17.2881   4.4
48.3   16.0912   4.4
48.32   15.1614   4.4
48.34   14.4427   4.4
48.36   13.8947   4.4
48.38   13.488   4.4
48.4   13.2009   4.4
48.42   13.0178   4.4
48.44   12.9272   4.4
48.46   12.9209   4.4
48.48   12.9934   4.4
48.5   13.1416   4.4
48.52   13.3641   4.4
48.54   13.6614   4.4
48.56   14.0357   4.4
48.58   14.4907   4.4
48.6   15.0323   4.4
48.62   15.6683   4.4
48.64   16.4089   4.4
48.66   17.2676   4.4
48.68   18.2614   4.4
48.7   19.4128   4.40599
48.72   20.7508   4.55531
48.74   22.315   4.72387
48.76   23.3036   4.82738
48.78   25.5336   5.05308
48.8   28.2583   5.31586
48.82   31.7161   5.6317
48.84   36.3284   6.02731
48.86   42.7531   6.53858
48.88   51.7789   7.19576
48.9   63.7288   7.98303
48.92   76.3969   8.74053
48.94   83.6181   9.14429
48.96   84.3709   9.18536
48.98   85.4378   9.24325
49   90.8912   9.53369
49.02   101.747   10.087
49.04   118.613   10.8909
49.06   142.849   11.9519
49.08   177.43   13.3203
49.1   228.532   15.1173
49.12   308.811   17.573
49.14   442.348   21.0321
49.16   667.659   25.8391
49.18   1029.95   32.0929
49.2   1539.83   39.2407
49.22   2033.87   45.0984
49.24   2091.28   45.7305
49.26   1645.61   40.5662
49.28   1116.95   33.4208
49.3   724.696   26.9202
49.32   476.471   21.8282
49.34   328.651   18.1287
49.36   240.272   15.5007
49.38   184.514   13.5836
49.4   146.824   12.1171
49.42   119.987   10.9539
49.44   100.193   10.0096
49.46   85.2858   9.23503
49.48   73.9363   8.59862
49.5   65.0308   8.06417
49.52   58.6138   7.65597
49.54   54.1869   7.36118
49.56   51.8758   7.20249
49.58   52.3052   7.23223
49.6   56.7343   7.53222
49.62   66.8656   8.17714
49.64   83.6101   9.14385
49.66   102.515   10.125
49.68   107.8   10.3827
49.7   91.1029   9.54478
49.72   67.7177   8.22908
49.74   49.1392   7.00994
49.76   36.7675   6.06362
49.78   28.9767   5.383
49.8   24.0049   4.89948
49.82   20.6297   4.54199
49.84   18.1631   4.4
49.86   16.2536   4.4
49.88   14.7174   4.4
49.9   13.4482   4.4
49.92   12.3784   4.4
49.94   11.4623   4.4
49.96   10.6675   4.4
49.98   9.97048   4.4
50   9.35374   4.4
50.02   8.80395   4.4
50.04   8.31076   4.4
50.06   7.86599   4.4
50.08   7.46311   4.4
50.1   7.0968   4.4
50.12   6.7627   4.4
50.14   6.45722   4.4
50.16   6.17735   4.4
50.18   5.92057   4.4
50.2   5.68477   4.4
50.22   5.46818   4.4
50.24   5.26931   4.4
50.26   5.08693   4.4
50.28   4.92004   4.4
50.3   4.76782   4.4
50.32   4.62969   4.4
50.34   4.50522   4.4
50.36   4.39421   4.4
50.38   4.29665   4.4
50.4   4.21277   4.4
50.42   4.11262   4.4
50.44   4.05872   4.4
50.46   4.021   4.4
50.48   4.00114   4.4
50.5   4.00148   4.4
50.52   4.02521   4.4
50.54   4.07664   4.4
50.56   4.16169   4.4
50.58   4.28849   4.4
50.6   4.46844   4.4
50.62   4.71773   4.4
50.64   5.05991   4.4
50.66   5.5302   4.4
50.68   6.18382   4.4
50.7   7.11446   4.4
50.72   6.50413   4.4
50.74   8.74459   4.4
50.76   12.4555   4.4
50.78   18.718   4.4
50.8   28.8326   5.3696
50.82   43.2311   6.57503
50.84   57.6865   7.59516
50.86   60.3101   7.76596
50.88   48.0728   6.93345
50.9   32.8133   5.72829
50.92   21.3205   4.61742
50.94   14.0031   4.4
50.96   9.63513   4.4
50.98   7.02481   4.4
51   5.81544   4.4
51.02   4.717   4.4
51.04   3.93549   4.4
51.06   3.35832   4.4
51.08   2.92106   4.4
51.1   2.58338   4.4
51.12   2.31856   4.4
51.14   2.02522   4.4
51.16   2.00826   4.4
51.18   1.87845   4.4
51.2   1.77442   4.4
51.22   1.69117   4.4
51.24   1.62493   4.4
51.26   1.57281   4.4
51.28   1.53261   4.4
51.3   1.5026   4.4
51.32   1.48146   4.4
51.34   1.46813   4.4
51.36   1.4618   4.4
51.38   1.46182   4.4
51.4   1.46772   4.4
51.42   1.47913   4.4
51.44   1.49577   4.4
51.46   1.51748   4.4
51.48   1.54416   4.4
51.5   1.57576   4.4
51.52   1.61233   4.4
51.54   1.65395   4.4
51.56   1.70078   4.4
51.58   1.75302   4.4
51.6   1.81094   4.4
51.62   1.87489   4.4
51.64   1.94524   4.4
51.66   2.02249   4.4
51.68   2.10719   4.4
51.7   2.19999   4.4
51.72   2.30165   4.4
51.74   2.41305   4.4
51.76   2.53519   4.4
51.78   2.66927   4.4
51.8   2.81666   4.4
51.82   2.97895   4.4
51.84   3.15803   4.4
51.86   3.35609   4.4
51.88   3.57573   4.4
51.9   3.82001   4.4
51.92   4.0926   4.4
51.94   4.39789   4.4
51.96   4.74116   4.4
51.98   5.12885   4.4
52   5.56882   4.4
52.02   6.07078   4.4
52.04   6.64682   4.4
52.06   7.31217   4.4
52.08   8.08618   4.4
52.1   8.99378   4.4
52.12   10.0675   4.4
52.14   11.3504   4.4
52.16   12.9003   4.4
52.18   14.7968   4.4
52.2   17.1509   4.4
52.22   20.1216   4.48571
52.24   24.0079   4.89979
52.26   29.0424   5.3891
52.28   35.8825   5.9902
52.3   46.477   6.8174
52.32   61.27   7.82752
52.34   85.2053   9.23067
52.36   125.447   11.2003
52.38   191.201   13.8276
52.4   288.439   16.9835
52.42   398.629   19.9657
52.44   445.967   21.1179
52.46   379.815   19.4888
52.48   273.088   16.5254
52.5   189.603   13.7697
52.52   140.666   11.8603
52.54   121.279   11.0127
52.56   125.749   11.2138
52.58   148.828   12.1995
52.6   176.394   13.2813
52.62   176.963   13.3027
52.64   142.026   11.9175
52.66   100.615   10.0307
52.68   69.364   8.3285
52.7   49.0899   7.00642
52.72   36.591   6.04905
52.74   28.7934   5.36595
52.76   23.6497   4.8631
52.78   20.0287   4.47535
52.8   17.3501   4.4
52.82   15.3041   4.4
52.84   13.708   4.4
52.86   12.4925   4.4
52.88   11.4828   4.4
52.9   10.67   4.4
52.92   10.014   4.4
52.94   9.48568   4.4
52.96   10.0788   4.4
52.98   9.77483   4.4
53   9.5497   4.4
53.02   9.39441   4.4
53.04   9.30235   4.4
53.06   9.26879   4.4
53.08   9.2906   4.4
53.1   9.36601   4.4
53.12   9.49446   4.4
53.14   9.67658   4.4
53.16   9.9141   4.4
53.18   10.2099   4.4
53.2   10.5683   4.4
53.22   10.9949   4.4
53.24   11.4969   4.4
53.26   12.0837   4.4
53.28   12.7669   4.4
53.3   13.5612   4.4
53.32   14.485   4.4
53.34   15.5618   4.4
53.36   16.821   4.4
53.38   18.3007   4.4
53.4   20.0501   4.47773
53.42   22.1336   4.70463
53.44   24.6368   4.96355
53.46   27.6755   5.26075
53.48   31.4086   5.60434
53.5   36.0592   6.00493
53.52   41.9473   6.47668
53.54   49.5473   7.03899
53.56   59.5939   7.71971
53.58   73.3087   8.56205
53.6   92.9119   9.63908
53.62   122.694   11.0767
53.64   170.792   13.0687
53.66   250.855   15.8384
53.68   380.461   19.5054
53.7   569.271   23.8594
53.72   788.935   28.088
53.74   922.87   30.3788
53.76   830.667   28.8213
53.78   604.155   24.5796
53.8   401.066   20.0266
53.82   263.328   16.2274
53.84   179.274   13.3893
53.86   129.6   11.3842
53.88   99.4662   9.97327
53.9   79.6316   8.92365
53.92   66.3894   8.14797
53.94   57.0133   7.55072
53.96   50.2655   7.08981
53.98   45.4125   6.73888
54   41.9938   6.48026
54.02   39.7152   6.302
54.04   38.5498   6.20885
54.06   38.0873   6.17149
54.08   38.442   6.20016
54.1   39.493   6.28434
54.12   41.6148   6.45095
54.14   44.8265   6.69526
54.16   49.4124   7.02939
54.18   55.8564   7.47371
54.2   64.9887   8.06156
54.22   78.1855   8.84226
54.24   97.9212   9.89552
54.26   126.286   11.2377
54.28   166.477   12.9026
54.3   219.241   14.8068
54.32   290.074   17.0316
54.34   404.699   20.1171
54.36   591.732   24.3256
54.38   842.305   29.0225
54.4   1031.46   32.1163
54.42   965.027   31.0649
54.44   715.017   26.7398
54.46   476.063   21.8189
54.48   310.42   17.6188
54.5   208.145   14.4272
54.52   147.408   12.1411
54.54   110.474   10.5106
54.56   86.5364   9.30249
54.58   69.9501   8.36362
54.6   57.8772   7.60771
54.62   48.7937   6.98525
54.64   41.7925   6.46471
54.66   36.2907   6.02418
54.68   31.8962   5.64767
54.7   28.337   5.32325
54.72   25.4202   5.04184
54.74   23.006   4.79645
54.76   20.9914   4.58164
54.78   19.2994   4.4
54.8   17.8717   4.4
54.82   16.6636   4.4
54.84   15.6407   4.4
54.86   14.7765   4.4
54.88   14.0508   4.4
54.9   13.4481   4.4
54.92   12.9573   4.4
54.94   12.5711   4.4
54.96   12.2857   4.4
54.98   12.1011   4.4
55   12.0219   4.4
55.02   12.0583   4.4
55.04   12.2282   4.4
55.06   12.5624   4.4
55.08   13.1136   4.4
55.1   13.9805   4.4
55.12   15.3586   4.4
55.14   17.6234   4.4
55.16   21.3996   4.62597
55.18   27.4846   5.24258
55.2   36.256   6.0213
55.22   45.1275   6.7177
55.24   48.9718   6.99799
55.26   43.5174   6.59677
55.28   35.5807   5.96496
55.3   30.4828   5.52112
55.32   27.7815   5.27082
55.34   27.5993   5.2535
55.36   29.4842   5.42994
55.38   33.4629   5.78471
55.4   40.3054   6.34865
55.42   51.8299   7.1993
55.44   71.0522   8.42925
55.46   101.503   10.0749
55.48   143.852   11.9938
55.5   184.842   13.5957
55.52   192.544   13.876
55.54   165.279   12.8561
55.56   137.159   11.7115
55.58   127.26   11.2809
55.6   141.628   11.9007
55.62   184.83   13.5952
55.64   259.682   16.1146
55.66   351.579   18.7504
55.68   397.932   19.9482
55.7   345.114   18.5772
55.72   248.944   15.7779
55.74   169.161   13.0062
55.76   117.27   10.8291
55.78   87.3576   9.34653
55.8   72.2184   8.49814
55.82   67.2828   8.20261
55.84   71.4109   8.45049
55.86   85.8326   9.26459
55.88   110.896   10.5307
55.9   143.328   11.972
55.92   158.802   12.6017
55.94   137.685   11.7339
55.96   100.471   10.0235
55.98   69.4536   8.33388
56   48.7651   6.9832
56.02   36.0629   6.00524
56.04   28.3701   5.32636
56.06   23.521   4.84985
56.08   20.2654   4.50171
56.1   17.9619   4.4
56.12   16.2818   4.4
56.14   15.0413   4.4
56.16   14.128   4.4
56.18   13.4687   4.4
56.2   13.0146   4.4
56.22   12.7332   4.4
56.24   12.6032   4.4
56.26   12.6117   4.4
56.28   12.7524   4.4
56.3   13.0244   4.4
56.32   13.432   4.4
56.34   13.9848   4.4
56.36   14.6979   4.4
56.38   15.5933   4.4
56.4   16.7009   4.4
56.42   18.0613   4.4
56.44   19.7292   4.44176
56.46   21.7786   4.66676
56.48   24.3104   4.93056
56.5   27.4642   5.24063
56.52   31.4371   5.60688
56.54   36.5132   6.04261
56.56   43.1148   6.56619
56.58   51.9014   7.20426
56.6   63.9807   7.99879
56.62   81.3806   9.02112
56.64   107.993   10.392
56.66   151.039   12.2898
56.68   222.309   14.91
56.7   336.393   18.341
56.72   498.62   22.3298
56.74   678.161   26.0415
56.76   793.97   28.1775
56.78   739.922   27.2015
56.8   552.98   23.5155
56.82   369.98   19.2349
56.84   241.71   15.547
56.86   162.14   12.7334
56.88   114.735   10.7114
56.9   85.9332   9.27002
56.92   67.3578   8.20718
56.94   54.5789   7.38776
56.96   45.3594   6.73494
56.98   38.5025   6.20504
57   33.1499   5.75759
57.02   29.1617   5.40015
57.04   26.0843   5.10728
57.06   23.7179   4.8701
57.08   21.9285   4.68278
57.1   20.6296   4.54198
57.12   19.7723   4.4466
57.14   18.9747   4.4
57.16   19.0012   4.4
57.18   19.5472   4.42123
57.2   21.0409   4.58704
57.22   23.2223   4.81895
57.24   26.8128   5.17811
57.26   32.4504   5.69652
57.28   40.8172   6.38883
57.3   52.0403   7.2139
57.32   66.3177   8.14357
57.34   88.2368   9.39344
57.36   124.569   11.161
57.38   174.715   13.218
57.4   215.382   14.6759
57.42   205.22   14.3255
57.44   154.505   12.43
57.46   104.195   10.2076
57.48   68.8147   8.29547
57.5   46.828   6.8431
57.52   33.7146   5.80643
57.54   25.7237   5.07185
57.56   20.5359   4.53166
57.58   16.9304   4.4
57.6   14.2937   4.4
57.62   12.2981   4.4
57.64   10.7495   4.4
57.66   9.52369   4.4
57.68   8.53691   4.4
57.7   7.73122   4.4
57.72   7.06544   4.4
57.74   6.50972   4.4
57.76   6.04202   4.4
57.78   5.64579   4.4
57.8   5.30847   4.4
57.82   5.02037   4.4
57.84   4.77399   4.4
57.86   4.56343   4.4
57.88   4.38409   4.4
57.9   4.23231   4.4
57.92   4.10528   4.4
57.94   4.00077   4.4
57.96   3.91712   4.4
57.98   3.85313   4.4
58   3.80799   4.4
58.02   3.78128   4.4
58.04   3.77292   4.4
58.06   3.7832   4.4
58.08   3.81274   4.4
58.1   3.86261   4.4
58.12   3.93427   4.4
58.14   4.02971   4.4
58.16   4.15154   4.4
58.18   4.30306   4.4
58.2   4.33952   4.4
58.22   6.04188   4.4
58.24   6.35842   4.4
58.26   6.09738   4.4
58.28   6.55514   4.4
58.3   7.09505   4.4
58.32   7.7366   4.4
58.34   8.50574   4.4
58.36   9.43754   4.4
58.38   10.5803   4.4
58.4   12.0017   4.4
58.42   13.7992   4.4
58.44   16.1167   4.4
58.46   19.1761   4.4
58.48   23.3449   4.83166
58.5   29.296   5.41258
58.52   38.3629   6.19378
58.54   53.1398   7.28971
58.56   78.0353   8.83376
58.58   118.867   10.9026
58.6   179.441   13.3956
58.62   248.341   15.7588
58.64   278.009   16.6736
58.66   235.469   15.345
58.68   165.904   12.8804
58.7   109.52   10.4652
58.72   72.6638   8.52431
58.74   50.5249   7.10809
58.76   37.4741   6.12161
58.78   29.442   5.42605
58.8   24.1659   4.91588
58.82   20.5161   4.52947
58.84   17.8928   4.4
58.86   15.969   4.4
58.88   14.343   4.4
58.9   13.2926   4.4
58.92   12.5227   4.4
58.94   11.9727   4.4
58.96   11.6005   4.4
58.98   11.3762   4.4
59   11.2792   4.4
59.02   11.2951   4.4
59.04   11.4149   4.4
59.06   11.6332   4.4
59.08   11.9484   4.4
59.1   12.3616   4.4
59.12   12.8766   4.4
59.14   13.5005   4.4
59.16   14.2431   4.4
59.18   15.1178   4.4
59.2   16.1421   4.4
59.22   17.3384   4.4
59.24   18.7351   4.4
59.26   20.3687   4.51317
59.28   22.2855   4.72075
59.3   24.5451   4.95431
59.32   27.2253   5.21779
59.34   30.4277   5.51613
59.36   34.2879   5.85559
59.38   38.9889   6.24411
59.4   44.7825   6.69197
59.42   52.0215   7.21259
59.44   61.2122   7.82383
59.46   73.1012   8.54992
59.48   88.8345   9.4252
59.5   110.295   10.5022
59.52   140.902   11.8702
59.54   187.404   13.6896
59.56   263.017   16.2178
59.58   390.567   19.7628
59.6   601.066   24.5166
59.62   917.598   30.2919
59.64   1291.18   35.9329
59.66   1481.77   38.4937
59.68   1280.85   35.7889
59.7   906.576   30.1094
59.72   593.164   24.355
59.74   385.611   19.637
59.76   260.042   16.1258
59.78   185.576   13.6226
59.8   139.695   11.8193
59.82   109.431   10.4609
59.84   88.1774   9.39028
59.86   72.5817   8.51949
59.88   60.7929   7.79698
59.9   51.6823   7.18904
59.92   44.5147   6.67193
59.94   38.7929   6.2284
59.96   34.1724   5.84572
59.98   30.4108   5.5146
60   27.3364   5.22842
60.02   24.8298   4.98295
60.04   22.8135   4.77634
60.06   21.6599   4.65402
60.08   20.5767   4.53615
60.1   19.8002   4.44974
60.12   20.1203   4.48556
60.14   21.7097   4.65936
60.16   25.136   5.01358
60.18   30.6485   5.53611
60.2   36.5888   6.04887
60.22   37.6988   6.13993
60.24   31.8894   5.64707
60.26   24.3439   4.93395
60.28   18.4493   4.4
60.3   14.53   4.4
60.32   12.0424   4.4
60.34   10.4295   4.4
60.36   9.31226   4.4
60.38   8.47986   4.4
60.4   7.82492   4.4
60.42   7.29103   4.4
60.44   6.84537   4.4
60.46   6.46693   4.4
60.48   6.14144   4.4
60.5   5.85881   4.4
60.52   5.61169   4.4
60.54   5.39463   4.4
60.56   5.2035   4.4
60.58   5.03509   4.4
60.6   4.88694   4.4
60.62   4.75709   4.4
60.64   4.64402   4.4
60.66   4.54652   4.4
60.68   4.46369   4.4
60.7   4.39484   4.4
60.72   4.33947   4.4
60.74   4.2973   4.4
60.76   4.2682   4.4
60.78   4.25221   4.4
60.8   4.24953   4.4
60.82   4.26055   4.4
60.84   4.28581   4.4
60.86   4.32609   4.4
60.88   4.38237   4.4
60.9   4.45587   4.4
60.92   4.54814   4.4
60.94   4.66105   4.4
60.96   4.79689   4.4
60.98   4.95846   4.4
61   5.14916   4.4
61.02   5.37316   4.4
61.04   5.63556   4.4
61.06   6.19596   4.4
61.08   6.56262   4.4
61.1   6.99188   4.4
61.12   6.06373   4.4
61.14   6.69703   4.4
61.16   7.43978   4.4
61.18   8.31847   4.4
61.2   9.36813   4.4
61.22   10.6357   4.4
61.24   12.1854   4.4
61.26   14.1064   4.4
61.28   16.5258   4.4
61.3   19.6522   4.43308
61.32   23.7203   4.87035
61.34   29.2023   5.40391
61.36   36.8878   6.07353
61.38   48.3063   6.95027
61.4   66.4978   8.15462
61.42   96.9843   9.84806
61.44   147.96   12.1639
61.46   227.558   15.085
61.48   331.667   18.2117
61.5   410.955   20.272
61.52   386.952   19.6711
61.54   287.298   16.9499
61.56   191.157   13.826
61.58   124.394   11.1532
61.6   83.4613   9.13572
61.62   59.3917   7.7066
61.64   45.2137   6.72412
61.66   36.7193   6.05964
61.68   31.7951   5.63871
61.7   29.3829   5.4206
61.72   28.057   5.29689
61.74   25.5194   5.05168
61.76   21.3186   4.6172
61.78   17.2277   4.4
61.8   14.1034   4.4
61.82   12.1535   4.4
61.84   10.6018   4.4
61.86   9.47807   4.4
61.88   8.63114   4.4
61.9   7.97294   4.4
61.92   7.45348   4.4
61.94   7.04259   4.4
61.96   6.7205   4.4
61.98   6.4736   4.4
62   6.29244   4.4
62.02   6.17055   4.4
62.04   6.10383   4.4
62.06   6.09018   4.4
62.08   6.12925   4.4
62.1   6.22245   4.4
62.12   6.37297   4.4
62.14   6.58608   4.4
62.16   6.86946   4.4
62.18   7.23383   4.4
62.2   7.69386   4.4
62.22   8.26948   4.4
62.24   8.98788   4.4
62.26   9.88647   4.4
62.28   11.0175   4.4
62.3   12.4552   4.4
62.32   14.3074   4.4
62.34   16.7361   4.4
62.36   19.9963   4.47172
62.38   24.5252   4.9523
62.4   31.1524   5.58144
62.42   41.5328   6.44459
62.44   58.7705   7.66619
62.46   87.7528   9.36765
62.48   134.051   11.578
62.5   198.323   14.0827
62.52   258.111   16.0658
62.54   260.836   16.1504
62.56   203.634   14.2701
62.58   139.097   11.7939
62.6   92.1481   9.59938
62.62   62.9872   7.93645
62.64   46.2511   6.80082
62.66   37.2068   6.09973
62.68   33.0532   5.7492
62.7   32.5864   5.70845
62.72   35.1302   5.92707
62.74   38.7586   6.22564
62.76   38.6795   6.21929
62.78   33.1978   5.76176
62.8   26.7364   5.17073
62.82   22.0671   4.69757
62.84   19.4195   4.40675
62.86   18.5062   4.4
62.88   18.6943   4.4
62.9   20.0157   4.47389
62.92   22.74   4.76865
62.94   27.6574   5.25903
62.96   36.2398   6.01995
62.98   50.1269   7.08003
63   71.6359   8.4638
63.02   97.1143   9.85466
63.04   110.799   10.5261
63.06   99.3801   9.96896
63.08   77.5537   8.80646
63.1   60.8788   7.80249
63.12   52.8611   7.27057
63.14   53.1992   7.29378
63.16   62.3642   7.8971
63.18   83.1216   9.1171
63.2   120.214   10.9642
63.22   176.84   13.2981
63.24   241.792   15.5497
63.26   269.222   16.408
63.28   227.52   15.0838
63.3   160.097   12.653
63.32   105.456   10.2692
63.34   69.6259   8.34421
63.36   47.9653   6.9257
63.38   35.032   5.91878
63.4   26.964   5.19269
63.42   21.5697   4.64432
63.44   17.7363   4.4
63.46   14.8952   4.4
63.48   12.728   4.4
63.5   11.0387   4.4
63.52   9.69828   4.4
63.54   8.61889   4.4
63.56   7.73884   4.4
63.58   7.01398   4.4
63.6   6.41207   4.4
63.62   5.90923   4.4
63.64   5.48748   4.4
63.66   5.13322   4.4
63.68   4.83602   4.4
63.7   4.58792   4.4
63.72   4.38288   4.4
63.74   4.21635   4.4
63.76   4.08508   4.4
63.78   3.98689   4.4
63.8   3.92062   4.4
63.82   3.88609   4.4
63.84   3.88411   4.4
63.86   4.06455   4.4
63.88   4.13921   4.4
63.9   4.25702   4.4
63.92   4.42544   4.4
63.94   4.65519   4.4
63.96   4.96192   4.4
63.98   5.36929   4.4
64   5.9157   4.4
64.02   6.42213   4.4
64.04   7.51359   4.4
64.06   9.14941   4.4
64.08   11.6351   4.4
64.1   15.2727   4.4
64.12   19.9356   4.46493
64.14   24.0596   4.90506
64.16   25.784   5.0778
64.18   27.0992   5.20569
64.2   31.5652   5.61829
64.22   41.9517   6.47702
64.24   61.0322   7.81231
64.26   90.3756   9.50661
64.28   124.005   11.1357
64.3   138.097   11.7515
64.32   116.529   10.7948
64.34   82.106   9.06124
64.36   54.0822   7.35406
64.38   35.752   5.9793
64.4   24.7094   4.97086
64.42   18.4185   4.4
64.44   14.3668   4.4
64.46   11.6911   4.4
64.48   9.82399   4.4
64.5   8.38602   4.4
64.52   7.41582   4.4
64.54   6.74669   4.4
64.56   6.33721   4.4
64.58   6.20431   4.4
64.6   6.36065   4.4
64.62   6.71299   4.4
64.64   6.84464   4.4
64.66   6.33834   4.4
64.68   5.53128   4.4
64.7   4.85365   4.4
64.72   4.14152   4.4
64.74   3.86919   4.4
64.76   3.71724   4.4
64.78   3.64315   4.4
64.8   3.6223   4.4
64.82   3.64245   4.4
64.84   3.69813   4.4
64.86   3.78737   4.4
64.88   3.91038   4.4
64.9   4.06905   4.4
64.92   4.26688   4.4
64.94   4.50913   4.4
64.96   4.80319   4.4
64.98   5.15917   4.4
65   5.59083   4.4
65.02   6.11701   4.4
65.04   6.76379   4.4
65.06   7.56784   4.4
65.08   8.58192   4.4
65.1   9.88395   4.4
65.12   11.5939   4.4
65.14   13.9102   4.4
65.16   17.3222   4.4
65.18   22.2978   4.72206
65.2   30.3566   5.50968
65.22   43.8718   6.62358
65.24   65.9787   8.12273
65.26   98.7409   9.93684
65.28   136.061   11.6645
65.3   152.378   12.3441
65.32   129.804   11.3932
65.34   92.599   9.62284
65.36   62.5005   7.90573
65.38   42.9746   6.5555
65.4   31.4462   5.60769
65.42   24.8781   4.9878
65.44   21.1184   4.59547
65.46   18.957   4.4
65.48   17.796   4.4
65.5   17.3515   4.4
65.52   17.4913   4.4
65.54   18.168   4.4
65.56   19.3951   4.40399
65.58   21.2446   4.60918
65.6   23.8578   4.88445
65.62   27.4655   5.24075
65.64   32.5094   5.7017
65.66   39.7472   6.30454
65.68   50.6829   7.11919
65.7   68.168   8.25639
65.72   96.9103   9.8443
65.74   142.963   11.9567
65.76   209.861   14.4866
65.78   285.095   16.8847
65.8   323.612   17.9892
65.82   309.658   17.5971
65.84   296.849   17.2293
65.86   315.791   17.7705
65.88   338.316   18.3934
65.9   305.886   17.4896
65.92   228.564   15.1183
65.94   156.842   12.5237
65.96   107.621   10.3741
65.98   77.7808   8.81934
66   60.1019   7.75254
66.02   47.8495   6.91734
66.04   38.014   6.16555
66.06   30.4495   5.5181
66.08   24.9075   4.99074
66.1   20.8742   4.56883
66.12   17.8984   4.4
66.14   15.6456   4.4
66.16   13.8975   4.4
66.18   12.5171   4.4
66.2   11.4172   4.4
66.22   10.5399   4.4
66.24   9.84572   4.4
66.26   9.30734   4.4
66.28   8.9068   4.4
66.3   8.63364   4.4
66.32   8.48408   4.4
66.34   8.46108   4.4
66.36   8.57514   4.4
66.38   8.84619   4.4
66.4   9.30701   4.4
66.42   10.0091   4.4
66.44   11.0335   4.4
66.46   12.5118   4.4
66.48   14.6758   4.4
66.5   17.9734   4.4
66.52   23.3481   4.83199
66.54   32.3601   5.6886
66.56   47.5896   6.89852
66.58   71.7309   8.46941
66.6   104.334   10.2144
66.62   131.88   11.4839
66.64   128.371   11.3301
66.66   97.7968   9.88923
66.68   66.1968   8.13614
66.7   43.7259   6.61256
66.72   29.7428   5.45369
66.74   21.4509   4.63151
66.76   16.3214   4.4
66.78   13.1502   4.4
66.8   10.9996   4.4
66.82   9.47519   4.4
66.84   8.36935   4.4
66.86   7.56199   4.4
66.88   6.97874   4.4
66.9   6.57251   4.4
66.92   6.31422   4.4
66.94   6.1878   4.4
66.96   6.18774   4.4
66.98   6.31829   4.4
67   6.59439   4.4
67.02   7.0443   4.4
67.04   7.71513   4.4
67.06   8.68348   4.4
67.08   10.0785   4.4
67.1   12.137   4.4
67.12   15.3278   4.4
67.14   20.6647   4.54585
67.16   29.592   5.43985
67.18   44.4394   6.66629
67.2   67.0122   8.1861
67.22   94.3421   9.71298
67.24   109.813   10.4792
67.26   96.5634   9.82667
67.28   69.3046   8.32494
67.3   45.8833   6.77372
67.32   30.226   5.49782
67.34   20.7159   4.55148
67.36   14.8121   4.4
67.38   11.3574   4.4
67.4   9.0925   4.4
67.42   7.51228   4.4
67.44   6.3614   4.4
67.46   5.49988   4.4
67.48   4.84296   4.4
67.5   4.32851   4.4
67.52   3.93446   4.4
67.54   3.62802   4.4
67.56   3.3916   4.4
67.58   3.21298   4.4
67.6   3.08385   4.4
67.62   2.99885   4.4
67.64   2.9551   4.4
67.66   2.95191   4.4
67.68   2.99085   4.4
67.7   3.07599   4.4
67.72   3.21454   4.4
67.74   3.41799   4.4
67.76   3.70397   4.4
67.78   4.09962   4.4
67.8   4.64785   4.4
67.82   5.42126   4.4
67.84   6.55502   4.4
67.86   8.31824   4.4
67.88   11.2287   4.4
67.9   16.1456   4.4
67.92   24.1575   4.91502
67.94   35.8241   5.98533
67.96   48.3906   6.95634
67.98   52.5751   7.25087
68   44.0587   6.63767
68.02   31.4718   5.60997
68.04   21.2364   4.60829
68.06   14.4829   4.4
68.08   10.4179   4.4
68.1   8.0302   4.4
68.12   6.47118   4.4
68.14   5.57678   4.4
68.16   5.01285   4.4
68.18   4.67478   4.4
68.2   4.49562   4.4
68.22   4.40286   4.4
68.24   4.34641   4.4
68.26   4.50131   4.4
68.28   4.60939   4.4
68.3   4.82562   4.4
68.32   5.15739   4.4
68.34   5.61934   4.4
68.36   6.23838   4.4
68.38   7.05887   4.4
68.4   8.15129   4.4
68.42   9.63082   4.4
68.44   11.7016   4.4
68.46   14.7571   4.4
68.48   19.5637   4.42309
68.5   27.4642   5.24063
68.52   40.3552   6.35258
68.54   59.903   7.73971
68.56   84.2589   9.17927
68.58   100.805   10.0402
68.6   95.7226   9.78379
68.62   81.0425   9.00236
68.64   74.0434   8.60485
68.66   79.999   8.94422
68.68   95.3801   9.76628
68.7   104.404   10.2178
68.72   91.0497   9.542
68.74   65.9705   8.12222
68.76   44.4687   6.66849
68.78   29.956   5.47321
68.8   20.9909   4.58158
68.82   15.5513   4.4
68.84   12.1244   4.4
68.86   9.8193   4.4
68.88   8.17331   4.4
68.9   6.94826   4.4
68.92   6.0111   4.4
68.94   5.27984   4.4
68.96   4.7005   4.4
68.98   4.23606   4.4
69   3.86049   4.4
69.02   3.55509   4.4
69.04   3.3062   4.4
69.06   3.10372   4.4
69.08   2.94013   4.4
69.1   2.80979   4.4
69.12   2.70852   4.4
69.14   2.63328   4.4
69.16   2.58192   4.4
69.18   2.55308   4.4
69.2   2.5461   4.4
69.22   2.56094   4.4
69.24   2.59822   4.4
69.26   2.65924   4.4
69.28   2.74609   4.4
69.3   2.86173   4.4
69.32   3.01029   4.4
69.34   3.19728   4.4
69.36   3.4301   4.4
69.38   3.71866   4.4
69.4   4.07631   4.4
69.42   4.52123   4.4
69.44   5.03105   4.4
69.46   5.73751   4.4
69.48   6.64017   4.4
69.5   7.81925   4.4
69.52   9.38779   4.4
69.54   11.536   4.4
69.56   14.6095   4.4
69.58   19.2911   4.4
69.6   26.9172   5.18818
69.62   39.7919   6.30808
69.64   61.0353   7.81251
69.66   92.9405   9.64057
69.68   130.451   11.4215
69.7   149.258   12.2171
69.72   128.735   11.3461
69.74   91.1102   9.54516
69.76   59.7259   7.72825
69.78   38.9772   6.24317
69.8   26.4416   5.14214
69.82   19.0224   4.4
69.84   14.4698   4.4
69.86   11.4941   4.4
69.88   9.44438   4.4
69.9   8.00283   4.4
69.92   7.01799   4.4
69.94   6.43964   4.4
69.96   6.29156   4.4
69.98   6.63146   4.4
70   7.42286   4.4
