1.54056
5   0   4.4
5.02   0   4.4
5.04   0   4.4
5.06   0   4.4
5.08   0   4.4
5.1   0   4.4
5.12   0   4.4
5.14   0   4.4
5.16   0   4.4
5.18   0   4.4
5.2   0   4.4
5.22   0   4.4
5.24   0   4.4
5.26   0   4.4
5.28   0   4.4
5.3   0   4.4
5.32   0   4.4
5.34   0   4.4
5.36   0   4.4
5.38   0   4.4
5.4   0   4.4
5.42   0   4.4
5.44   0   4.4
5.46   0   4.4
5.48   0   4.4
5.5   0   4.4
5.52   0   4.4
5.54   0   4.4
5.56   0   4.4
5.58   0   4.4
5.6   0   4.4
5.62   0   4.4
5.64   0   4.4
5.66   0   4.4
5.68   0   4.4
5.7   0   4.4
5.72   0   4.4
5.74   0   4.4
5.76   0   4.4
5.78   0   4.4
5.8   0   4.4
5.82   0   4.4
5.84   0   4.4
5.86   0   4.4
5.88   0   4.4
5.9   0   4.4
5.92   0   4.4
5.94   0   4.4
5.96   0   4.4
5.98   0   4.4
6   0   4.4
6.02   0   4.4
6.04   0   4.4
6.06   0   4.4
6.08   0   4.4
6.1   0   4.4
6.12   0   4.4
6.14   0   4.4
6.16   0   4.4
6.18   0   4.4
6.2   0   4.4
6.22   0   4.4
6.24   0   4.4
6.26   0   4.4
6.28   0   4.4
6.3   0   4.4
6.32   0   4.4
6.34   0   4.4
6.36   0   4.4
6.38   0   4.4
6.4   0   4.4
6.42   0   4.4
6.44   0   4.4
6.46   0   4.4
6.48   0   4.4
6.5   0   4.4
6.52   0   4.4
6.54   0   4.4
6.56   0   4.4
6.58   0   4.4
6.6   0   4.4
6.62   0   4.4
6.64   0   4.4
6.66   0   4.4
6.68   0   4.4
6.7   0   4.4
6.72   0   4.4
6.74   0   4.4
6.76   0   4.4
6.78   0   4.4
6.8   0   4.4
6.82   0   4.4
6.84   0   4.4
6.86   0   4.4
6.88   0   4.4
6.9   0   4.4
6.92   0   4.4
6.94   0   4.4
6.96   0   4.4
6.98   0   4.4
7   0   4.4
7.02   0   4.4
7.04   0   4.4
7.06   0   4.4
7.08   0   4.4
7.1   0   4.4
7.12   0   4.4
7.14   0   4.4
7.16   0   4.4
7.18   0   4.4
7.2   0   4.4
7.22   0   4.4
7.24   0   4.4
7.26   0   4.4
7.28   0   4.4
7.3   0   4.4
7.32   0   4.4
7.34   0   4.4
7.36   0   4.4
7.38   0   4.4
7.4   0   4.4
7.42   0   4.4
7.44   0   4.4
7.46   0   4.4
7.48   0   4.4
7.5   0   4.4
7.52   0   4.4
7.54   0   4.4
7.56   0   4.4
7.58   0   4.4
7.6   0   4.4
7.62   0   4.4
7.64   0   4.4
7.66   0   4.4
7.68   0   4.4
7.7   0   4.4
7.72   0   4.4
7.74   0   4.4
7.76   0   4.4
7.78   0   4.4
7.8   0   4.4
7.82   0   4.4
7.84   0   4.4
7.86   0   4.4
7.88   0   4.4
7.9   0   4.4
7.92   0   4.4
7.94   0   4.4
7.96   0   4.4
7.98   0   4.4
8   0   4.4
8.02   0   4.4
8.04   0   4.4
8.06   0   4.4
8.08   0   4.4
8.1   0   4.4
8.12   0   4.4
8.14   0   4.4
8.16   0   4.4
8.18   0   4.4
8.2   0   4.4
8.22   0   4.4
8.24   0   4.4
8.26   0   4.4
8.28   0   4.4
8.3   0   4.4
8.32   0   4.4
8.34   0   4.4
8.36   0   4.4
8.38   0   4.4
8.4   0   4.4
8.42   0   4.4
8.44   0   4.4
8.46   0   4.4
8.48   0   4.4
8.5   0   4.4
8.52   0   4.4
8.54   0   4.4
8.56   0   4.4
8.58   0   4.4
8.6   0   4.4
8.62   0   4.4
8.64   0   4.4
8.66   0   4.4
8.68   0   4.4
8.7   0   4.4
8.72   0   4.4
8.74   0   4.4
8.76   0   4.4
8.78   0   4.4
8.8   0   4.4
8.82   0   4.4
8.84   0   4.4
8.86   0   4.4
8.88   0   4.4
8.9   0   4.4
8.92   0   4.4
8.94   0   4.4
8.96   0   4.4
8.98   0   4.4
9   0   4.4
9.02   0   4.4
9.04   0   4.4
9.06   0   4.4
9.08   0   4.4
9.1   0   4.4
9.12   0   4.4
9.14   0   4.4
9.16   0   4.4
9.18   0   4.4
9.2   0   4.4
9.22   0   4.4
9.24   0   4.4
9.26   0   4.4
9.28   0   4.4
9.3   0   4.4
9.32   0   4.4
9.34   0   4.4
9.36   0   4.4
9.38   0   4.4
9.4   0   4.4
9.42   0   4.4
9.44   0   4.4
9.46   0   4.4
9.48   0   4.4
9.5   0   4.4
9.52   0   4.4
9.54   0   4.4
9.56   0   4.4
9.58   0   4.4
9.6   0   4.4
9.62   0   4.4
9.64   0   4.4
9.66   0   4.4
9.68   0   4.4
9.7   0   4.4
9.72   0   4.4
9.74   0   4.4
9.76   0   4.4
9.78   0   4.4
9.8   0   4.4
9.82   0   4.4
9.84   0   4.4
9.86   0   4.4
9.88   0   4.4
9.9   0   4.4
9.92   0   4.4
9.94   0   4.4
9.96   0   4.4
9.98   0   4.4
10   0   4.4
10.02   0   4.4
10.04   0   4.4
10.06   0   4.4
10.08   0   4.4
10.1   0   4.4
10.12   0   4.4
10.14   0   4.4
10.16   0   4.4
10.18   0   4.4
10.2   0   4.4
10.22   0   4.4
10.24   0   4.4
10.26   0   4.4
10.28   0   4.4
10.3   0   4.4
10.32   0   4.4
10.34   0   4.4
10.36   0   4.4
10.38   0   4.4
10.4   0   4.4
10.42   0   4.4
10.44   0   4.4
10.46   0   4.4
10.48   0   4.4
10.5   0   4.4
10.52   0   4.4
10.54   0   4.4
10.56   0   4.4
10.58   0   4.4
10.6   0   4.4
10.62   0   4.4
10.64   0   4.4
10.66   0   4.4
10.68   0   4.4
10.7   0   4.4
10.72   0   4.4
10.74   0   4.4
10.76   0   4.4
10.78   0   4.4
10.8   0   4.4
10.82   0   4.4
10.84   0   4.4
10.86   0   4.4
10.88   0   4.4
10.9   0   4.4
10.92   0   4.4
10.94   0   4.4
10.96   0   4.4
10.98   0   4.4
11   0   4.4
11.02   0   4.4
11.04   0   4.4
11.06   0   4.4
11.08   0   4.4
11.1   0   4.4
11.12   0   4.4
11.14   0   4.4
11.16   0   4.4
11.18   0   4.4
11.2   0   4.4
11.22   0   4.4
11.24   0   4.4
11.26   0   4.4
11.28   0   4.4
11.3   0   4.4
11.32   0   4.4
11.34   0   4.4
11.36   0   4.4
11.38   0   4.4
11.4   0   4.4
11.42   0   4.4
11.44   0   4.4
11.46   0   4.4
11.48   0   4.4
11.5   0   4.4
11.52   0   4.4
11.54   0   4.4
11.56   0   4.4
11.58   0   4.4
11.6   0   4.4
11.62   0   4.4
11.64   0   4.4
11.66   0   4.4
11.68   0   4.4
11.7   0   4.4
11.72   0   4.4
11.74   0   4.4
11.76   0   4.4
11.78   0   4.4
11.8   0   4.4
11.82   0   4.4
11.84   0   4.4
11.86   0   4.4
11.88   0   4.4
11.9   0   4.4
11.92   0   4.4
11.94   0   4.4
11.96   0   4.4
11.98   0   4.4
12   0   4.4
12.02   0   4.4
12.04   0   4.4
12.06   0   4.4
12.08   0   4.4
12.1   0   4.4
12.12   0   4.4
12.14   0   4.4
12.16   0   4.4
12.18   0   4.4
12.2   0   4.4
12.22   0   4.4
12.24   0   4.4
12.26   0   4.4
12.28   0   4.4
12.3   0   4.4
12.32   0   4.4
12.34   0   4.4
12.36   0   4.4
12.38   0   4.4
12.4   0   4.4
12.42   0   4.4
12.44   0   4.4
12.46   0   4.4
12.48   0   4.4
12.5   0   4.4
12.52   0   4.4
12.54   0   4.4
12.56   0   4.4
12.58   0   4.4
12.6   0   4.4
12.62   0   4.4
12.64   0   4.4
12.66   0   4.4
12.68   0   4.4
12.7   0   4.4
12.72   0   4.4
12.74   0   4.4
12.76   0   4.4
12.78   0   4.4
12.8   0   4.4
12.82   0   4.4
12.84   0   4.4
12.86   0   4.4
12.88   0   4.4
12.9   0   4.4
12.92   0   4.4
12.94   0   4.4
12.96   0   4.4
12.98   0   4.4
13   0   4.4
13.02   0   4.4
13.04   0   4.4
13.06   0   4.4
13.08   0   4.4
13.1   0   4.4
13.12   0   4.4
13.14   0   4.4
13.16   0   4.4
13.18   0   4.4
13.2   0   4.4
13.22   0   4.4
13.24   0   4.4
13.26   0   4.4
13.28   0   4.4
13.3   0   4.4
13.32   0   4.4
13.34   0   4.4
13.36   0   4.4
13.38   0   4.4
13.4   0   4.4
13.42   0   4.4
13.44   0   4.4
13.46   0   4.4
13.48   0   4.4
13.5   0   4.4
13.52   0   4.4
13.54   0   4.4
13.56   0   4.4
13.58   0   4.4
13.6   0   4.4
13.62   0   4.4
13.64   0   4.4
13.66   0   4.4
13.68   0   4.4
13.7   0   4.4
13.72   0   4.4
13.74   0   4.4
13.76   0   4.4
13.78   0   4.4
13.8   0   4.4
13.82   0   4.4
13.84   0   4.4
13.86   0   4.4
13.88   0   4.4
13.9   0   4.4
13.92   0   4.4
13.94   0   4.4
13.96   0   4.4
13.98   0   4.4
14   0   4.4
14.02   0   4.4
14.04   0   4.4
14.06   0   4.4
14.08   0   4.4
14.1   0   4.4
14.12   0   4.4
14.14   0   4.4
14.16   0   4.4
14.18   0   4.4
14.2   0   4.4
14.22   0   4.4
14.24   0   4.4
14.26   0   4.4
14.28   0   4.4
14.3   0   4.4
14.32   0   4.4
14.34   0   4.4
14.36   0   4.4
14.38   0   4.4
14.4   0   4.4
14.42   0   4.4
14.44   0   4.4
14.46   0   4.4
14.48   0   4.4
14.5   0   4.4
14.52   0   4.4
14.54   0   4.4
14.56   0   4.4
14.58   0   4.4
14.6   0   4.4
14.62   0   4.4
14.64   0   4.4
14.66   0   4.4
14.68   0   4.4
14.7   0   4.4
14.72   0   4.4
14.74   0   4.4
14.76   0   4.4
14.78   0   4.4
14.8   0   4.4
14.82   0   4.4
14.84   0   4.4
14.86   0   4.4
14.88   0   4.4
14.9   0   4.4
14.92   0   4.4
14.94   0   4.4
14.96   0   4.4
14.98   0   4.4
15   0   4.4
15.02   0   4.4
15.04   0   4.4
15.06   0   4.4
15.08   0   4.4
15.1   0   4.4
15.12   0   4.4
15.14   0   4.4
15.16   0   4.4
15.18   0   4.4
15.2   0   4.4
15.22   0   4.4
15.24   0   4.4
15.26   0   4.4
15.28   0   4.4
15.3   0   4.4
15.32   0   4.4
15.34   0   4.4
15.36   0   4.4
15.38   0   4.4
15.4   0   4.4
15.42   0   4.4
15.44   0   4.4
15.46   0   4.4
15.48   0   4.4
15.5   0   4.4
15.52   0   4.4
15.54   0   4.4
15.56   0   4.4
15.58   0   4.4
15.6   0   4.4
15.62   0   4.4
15.64   0   4.4
15.66   0   4.4
15.68   0   4.4
15.7   0   4.4
15.72   0   4.4
15.74   0   4.4
15.76   0   4.4
15.78   0   4.4
15.8   0   4.4
15.82   0   4.4
15.84   0   4.4
15.86   0   4.4
15.88   0   4.4
15.9   0   4.4
15.92   0   4.4
15.94   0   4.4
15.96   0   4.4
15.98   0   4.4
16   0   4.4
16.02   0   4.4
16.04   0   4.4
16.06   0   4.4
16.08   0   4.4
16.1   0   4.4
16.12   0   4.4
16.14   0   4.4
16.16   0   4.4
16.18   0   4.4
16.2   0   4.4
16.22   0   4.4
16.24   0   4.4
16.26   0   4.4
16.28   0   4.4
16.3   0   4.4
16.32   0   4.4
16.34   0   4.4
16.36   0   4.4
16.38   0   4.4
16.4   0   4.4
16.42   0   4.4
16.44   0   4.4
16.46   0   4.4
16.48   0   4.4
16.5   0   4.4
16.52   0   4.4
16.54   0   4.4
16.56   0   4.4
16.58   0   4.4
16.6   0   4.4
16.62   0   4.4
16.64   0   4.4
16.66   0   4.4
16.68   0   4.4
16.7   0   4.4
16.72   0   4.4
16.74   0   4.4
16.76   0   4.4
16.78   0   4.4
16.8   0   4.4
16.82   0   4.4
16.84   0   4.4
16.86   0.813862   4.4
16.88   0.836492   4.4
16.9   0.86008   4.4
16.92   0.884679   4.4
16.94   0.910348   4.4
16.96   0.93715   4.4
16.98   0.965153   4.4
17   0.99443   4.4
17.02   1.02506   4.4
17.04   1.05712   4.4
17.06   1.09072   4.4
17.08   1.12593   4.4
17.1   1.16289   4.4
17.12   1.20169   4.4
17.14   1.24246   4.4
17.16   1.28534   4.4
17.18   1.33048   4.4
17.2   1.37804   4.4
17.22   1.42819   4.4
17.24   1.48114   4.4
17.26   1.53707   4.4
17.28   1.59624   4.4
17.3   1.65888   4.4
17.32   1.72528   4.4
17.34   1.79575   4.4
17.36   1.87062   4.4
17.38   1.95027   4.4
17.4   2.03511   4.4
17.42   2.12561   4.4
17.44   2.22227   4.4
17.46   2.32566   4.4
17.48   2.43644   4.4
17.5   2.55532   4.4
17.52   2.6831   4.4
17.54   2.82069   4.4
17.56   2.96914   4.4
17.58   3.1296   4.4
17.6   3.3034   4.4
17.62   3.49207   4.4
17.64   3.69735   4.4
17.66   3.92124   4.4
17.68   4.16606   4.4
17.7   4.43448   4.4
17.72   4.72965   4.4
17.74   5.05523   4.4
17.76   5.41552   4.4
17.78   5.81564   4.4
17.8   6.26165   4.4
17.82   6.76083   4.4
17.84   7.32194   4.4
17.86   7.95563   4.4
17.88   8.67492   4.4
17.9   9.49587   4.4
17.92   10.4385   4.4
17.94   11.5279   4.4
17.96   12.796   4.4
17.98   14.2838   4.4
18   16.0448   4.4
18.02   18.1495   4.4
18.04   20.6924   4.5489
18.06   23.8027   4.8788
18.08   27.6597   5.25925
18.1   32.5186   5.70251
18.12   38.7515   6.22507
18.14   46.9203   6.84984
18.16   57.9227   7.6107
18.18   73.329   8.56324
18.2   96.17   9.80663
18.22   132.479   11.5099
18.24   193.285   13.9027
18.26   295.147   17.1798
18.28   454.98   21.3303
18.3   666.608   25.8188
18.32   834.662   28.8905
18.34   795.742   28.2089
18.36   594.671   24.3859
18.38   395.651   19.891
18.4   256.107   16.0033
18.42   169.749   13.0288
18.44   118.547   10.8879
18.46   87.5833   9.35859
18.48   67.6551   8.22527
18.5   53.9303   7.34373
18.52   43.9858   6.63218
18.54   36.5292   6.04394
18.56   30.797   5.5495
18.58   26.3004   5.1284
18.6   22.7118   4.76569
18.62   19.8042   4.4502
18.64   17.4171   4.4
18.66   15.434   4.4
18.68   13.7693   4.4
18.7   12.3586   4.4
18.72   11.1531   4.4
18.74   10.1149   4.4
18.76   9.21466   4.4
18.78   8.42899   4.4
18.8   7.73935   4.4
18.82   7.13073   4.4
18.84   6.59098   4.4
18.86   6.1101   4.4
18.88   5.67986   4.4
18.9   5.2934   4.4
18.92   4.945   4.4
18.94   4.62982   4.4
18.96   4.34379   4.4
18.98   4.08341   4.4
19   3.84573   4.4
19.02   3.62817   4.4
19.04   3.42854   4.4
19.06   3.24492   4.4
19.08   3.07564   4.4
19.1   2.91926   4.4
19.12   2.77449   4.4
19.14   2.64021   4.4
19.16   2.51544   4.4
19.18   2.3993   4.4
19.2   2.29102   4.4
19.22   2.18989   4.4
19.24   2.09531   4.4
19.26   2.00673   4.4
19.28   1.92363   4.4
19.3   1.84559   4.4
19.32   1.77221   4.4
19.34   1.7031   4.4
19.36   1.63796   4.4
19.38   1.57649   4.4
19.4   1.51841   4.4
19.42   1.46348   4.4
19.44   1.41147   4.4
19.46   1.36219   4.4
19.48   1.31544   4.4
19.5   1.27106   4.4
19.52   1.22888   4.4
19.54   1.18877   4.4
19.56   1.15059   4.4
19.58   1.11421   4.4
19.6   1.07954   4.4
19.62   1.04646   4.4
19.64   1.01487   4.4
19.66   0.984696   4.4
19.68   0.955845   4.4
19.7   0.928243   4.4
19.72   0.901819   4.4
19.74   0.876507   4.4
19.76   0.852246   4.4
19.78   0.828978   4.4
19.8   0   4.4
19.82   0   4.4
19.84   0   4.4
19.86   0   4.4
19.88   0   4.4
19.9   0   4.4
19.92   0   4.4
19.94   0   4.4
19.96   0   4.4
19.98   0   4.4
20   0   4.4
20.02   0   4.4
20.04   0   4.4
20.06   0   4.4
20.08   0   4.4
20.1   0   4.4
20.12   0   4.4
20.14   0   4.4
20.16   0   4.4
20.18   0   4.4
20.2   0   4.4
20.22   0   4.4
20.24   0   4.4
20.26   0   4.4
20.28   0   4.4
20.3   0   4.4
20.32   0   4.4
20.34   0   4.4
20.36   0   4.4
20.38   0   4.4
20.4   0   4.4
20.42   0   4.4
20.44   0   4.4
20.46   0   4.4
20.48   0   4.4
20.5   0   4.4
20.52   0   4.4
20.54   0   4.4
20.56   0   4.4
20.58   0   4.4
20.6   0   4.4
20.62   0   4.4
20.64   0   4.4
20.66   0   4.4
20.68   0   4.4
20.7   0   4.4
20.72   0   4.4
20.74   0   4.4
20.76   0   4.4
20.78   0   4.4
20.8   0   4.4
20.82   0   4.4
20.84   0   4.4
20.86   0   4.4
20.88   0   4.4
20.9   0   4.4
20.92   0   4.4
20.94   0   4.4
20.96   0   4.4
20.98   0   4.4
21   0   4.4
21.02   0   4.4
21.04   0   4.4
21.06   0   4.4
21.08   0   4.4
21.1   0   4.4
21.12   0   4.4
21.14   0   4.4
21.16   0   4.4
21.18   0   4.4
21.2   0   4.4
21.22   0   4.4
21.24   0   4.4
21.26   0   4.4
21.28   0   4.4
21.3   0   4.4
21.32   0   4.4
21.34   0   4.4
21.36   0   4.4
21.38   0   4.4
21.4   0   4.4
21.42   0   4.4
21.44   0   4.4
21.46   0   4.4
21.48   0   4.4
21.5   0   4.4
21.52   0   4.4
21.54   0   4.4
21.56   0   4.4
21.58   0   4.4
21.6   0   4.4
21.62   0   4.4
21.64   0   4.4
21.66   0   4.4
21.68   0   4.4
21.7   0   4.4
21.72   0   4.4
21.74   0   4.4
21.76   0   4.4
21.78   0   4.4
21.8   0   4.4
21.82   0   4.4
21.84   0   4.4
21.86   0   4.4
21.88   0   4.4
21.9   0   4.4
21.92   0   4.4
21.94   0   4.4
21.96   0   4.4
21.98   0   4.4
22   0   4.4
22.02   0   4.4
22.04   0   4.4
22.06   0   4.4
22.08   0   4.4
22.1   0   4.4
22.12   0   4.4
22.14   0   4.4
22.16   0   4.4
22.18   0   4.4
22.2   0   4.4
22.22   0   4.4
22.24   0   4.4
22.26   0   4.4
22.28   0   4.4
22.3   0   4.4
22.32   0   4.4
22.34   0   4.4
22.36   0   4.4
22.38   0   4.4
22.4   0   4.4
22.42   0   4.4
22.44   0   4.4
22.46   0   4.4
22.48   0   4.4
22.5   0   4.4
22.52   0   4.4
22.54   0   4.4
22.56   0   4.4
22.58   0   4.4
22.6   0   4.4
22.62   0   4.4
22.64   0   4.4
22.66   0   4.4
22.68   0   4.4
22.7   0   4.4
22.72   0   4.4
22.74   0   4.4
22.76   0   4.4
22.78   0   4.4
22.8   0   4.4
22.82   0   4.4
22.84   0   4.4
22.86   0   4.4
22.88   0   4.4
22.9   0   4.4
22.92   0   4.4
22.94   0   4.4
22.96   0   4.4
22.98   0   4.4
23   0   4.4
23.02   0   4.4
23.04   0   4.4
23.06   0   4.4
23.08   0   4.4
23.1   0   4.4
23.12   0   4.4
23.14   0   4.4
23.16   0   4.4
23.18   0   4.4
23.2   0   4.4
23.22   0   4.4
23.24   0   4.4
23.26   0   4.4
23.28   0   4.4
23.3   0   4.4
23.32   0   4.4
23.34   0   4.4
23.36   0   4.4
23.38   0   4.4
23.4   0   4.4
23.42   0   4.4
23.44   0   4.4
23.46   0   4.4
23.48   0   4.4
23.5   0   4.4
23.52   0   4.4
23.54   0   4.4
23.56   0   4.4
23.58   0   4.4
23.6   0   4.4
23.62   0   4.4
23.64   0   4.4
23.66   0   4.4
23.68   0   4.4
23.7   0   4.4
23.72   0   4.4
23.74   0   4.4
23.76   0   4.4
23.78   0   4.4
23.8   0   4.4
23.82   0   4.4
23.84   0   4.4
23.86   0   4.4
23.88   0   4.4
23.9   0   4.4
23.92   0   4.4
23.94   0   4.4
23.96   0   4.4
23.98   0   4.4
24   0   4.4
24.02   0   4.4
24.04   0   4.4
24.06   0   4.4
24.08   0   4.4
24.1   0   4.4
24.12   0   4.4
24.14   0   4.4
24.16   0   4.4
24.18   0   4.4
24.2   0   4.4
24.22   0   4.4
24.24   0   4.4
24.26   0   4.4
24.28   0   4.4
24.3   0   4.4
24.32   0   4.4
24.34   0   4.4
24.36   0   4.4
24.38   0   4.4
24.4   0   4.4
24.42   0   4.4
24.44   0   4.4
24.46   0   4.4
24.48   0   4.4
24.5   0   4.4
24.52   0   4.4
24.54   0   4.4
24.56   0   4.4
24.58   0   4.4
24.6   0   4.4
24.62   0   4.4
24.64   0   4.4
24.66   0   4.4
24.68   0   4.4
24.7   0   4.4
24.72   0   4.4
24.74   0   4.4
24.76   0   4.4
24.78   0   4.4
24.8   0   4.4
24.82   0   4.4
24.84   0   4.4
24.86   0   4.4
24.88   0   4.4
24.9   0   4.4
24.92   0   4.4
24.94   0   4.4
24.96   0   4.4
24.98   0   4.4
25   0   4.4
25.02   0   4.4
25.04   0   4.4
25.06   0   4.4
25.08   0   4.4
25.1   0   4.4
25.12   0   4.4
25.14   0   4.4
25.16   0   4.4
25.18   0   4.4
25.2   0   4.4
25.22   0   4.4
25.24   0   4.4
25.26   0   4.4
25.28   0   4.4
25.3   0   4.4
25.32   0   4.4
25.34   0   4.4
25.36   0   4.4
25.38   0   4.4
25.4   0   4.4
25.42   0   4.4
25.44   0   4.4
25.46   0   4.4
25.48   0   4.4
25.5   0   4.4
25.52   0   4.4
25.54   0   4.4
25.56   0   4.4
25.58   0   4.4
25.6   0   4.4
25.62   0   4.4
25.64   0   4.4
25.66   0   4.4
25.68   0   4.4
25.7   0   4.4
25.72   0   4.4
25.74   0   4.4
25.76   0   4.4
25.78   0   4.4
25.8   0   4.4
25.82   0   4.4
25.84   0   4.4
25.86   0   4.4
25.88   0   4.4
25.9   0   4.4
25.92   0   4.4
25.94   0   4.4
25.96   0   4.4
25.98   0   4.4
26   0   4.4
26.02   0   4.4
26.04   0   4.4
26.06   0   4.4
26.08   0   4.4
26.1   0   4.4
26.12   0   4.4
26.14   0   4.4
26.16   0   4.4
26.18   0   4.4
26.2   0   4.4
26.22   0   4.4
26.24   0   4.4
26.26   0   4.4
26.28   0   4.4
26.3   0   4.4
26.32   0   4.4
26.34   0   4.4
26.36   0   4.4
26.38   0   4.4
26.4   0   4.4
26.42   0   4.4
26.44   0   4.4
26.46   0   4.4
26.48   0   4.4
26.5   0   4.4
26.52   0   4.4
26.54   0   4.4
26.56   0   4.4
26.58   0   4.4
26.6   0   4.4
26.62   0   4.4
26.64   0   4.4
26.66   0   4.4
26.68   0   4.4
26.7   0   4.4
26.72   0   4.4
26.74   0   4.4
26.76   0   4.4
26.78   0   4.4
26.8   0   4.4
26.82   0   4.4
26.84   0   4.4
26.86   0   4.4
26.88   0   4.4
26.9   0   4.4
26.92   0   4.4
26.94   0   4.4
26.96   0   4.4
26.98   0   4.4
27   0   4.4
27.02   0   4.4
27.04   0   4.4
27.06   0   4.4
27.08   0   4.4
27.1   0   4.4
27.12   0   4.4
27.14   0   4.4
27.16   0   4.4
27.18   0   4.4
27.2   0   4.4
27.22   0   4.4
27.24   0   4.4
27.26   0   4.4
27.28   0   4.4
27.3   0   4.4
27.32   0   4.4
27.34   0   4.4
27.36   0   4.4
27.38   0   4.4
27.4   0   4.4
27.42   0   4.4
27.44   0   4.4
27.46   0   4.4
27.48   0   4.4
27.5   0   4.4
27.52   0   4.4
27.54   0   4.4
27.56   0   4.4
27.58   0   4.4
27.6   0   4.4
27.62   0   4.4
27.64   0   4.4
27.66   0   4.4
27.68   0   4.4
27.7   0   4.4
27.72   0   4.4
27.74   0   4.4
27.76   0   4.4
27.78   0   4.4
27.8   0   4.4
27.82   0   4.4
27.84   0   4.4
27.86   0   4.4
27.88   0   4.4
27.9   0   4.4
27.92   0   4.4
27.94   0   4.4
27.96   0   4.4
27.98   0   4.4
28   0   4.4
28.02   0   4.4
28.04   0   4.4
28.06   0   4.4
28.08   0   4.4
28.1   0   4.4
28.12   0   4.4
28.14   0   4.4
28.16   0   4.4
28.18   0   4.4
28.2   0   4.4
28.22   0   4.4
28.24   0   4.4
28.26   0   4.4
28.28   0   4.4
28.3   0   4.4
28.32   0   4.4
28.34   0   4.4
28.36   0   4.4
28.38   0   4.4
28.4   0   4.4
28.42   0   4.4
28.44   0   4.4
28.46   0   4.4
28.48   0   4.4
28.5   0   4.4
28.52   0   4.4
28.54   0   4.4
28.56   0   4.4
28.58   0   4.4
28.6   0   4.4
28.62   0   4.4
28.64   0   4.4
28.66   0   4.4
28.68   2.80098   4.4
28.7   2.87887   4.4
28.72   2.96006   4.4
28.74   3.04473   4.4
28.76   3.13309   4.4
28.78   3.22535   4.4
28.8   3.32174   4.4
28.82   3.42251   4.4
28.84   3.52794   4.4
28.86   3.63831   4.4
28.88   3.75394   4.4
28.9   3.87518   4.4
28.92   4.00237   4.4
28.94   4.13593   4.4
28.96   4.27629   4.4
28.98   4.4239   4.4
29   4.57929   4.4
29.02   4.74301   4.4
29.04   4.91566   4.4
29.06   5.09791   4.4
29.08   5.29047   4.4
29.1   5.49415   4.4
29.12   5.70981   4.4
29.14   5.9384   4.4
29.16   6.181   4.4
29.18   6.43876   4.4
29.2   6.71296   4.4
29.22   7.00505   4.4
29.24   7.3166   4.4
29.26   7.64938   4.4
29.28   8.00537   4.4
29.3   8.38677   4.4
29.32   8.79606   4.4
29.34   9.23602   4.4
29.36   9.70978   4.4
29.38   10.2209   4.4
29.4   10.7734   4.4
29.42   11.3719   4.4
29.44   12.0215   4.4
29.46   12.7284   4.4
29.48   13.4994   4.4
29.5   14.3424   4.4
29.52   15.2668   4.4
29.54   16.2833   4.4
29.56   17.4046   4.4
29.58   18.6454   4.4
29.6   20.0235   4.47476
29.62   21.5596   4.64324
29.64   23.279   4.82483
29.66   25.2118   5.02113
29.68   27.3946   5.23399
29.7   29.8725   5.46557
29.72   32.7007   5.71845
29.74   35.9482   5.99568
29.76   39.7016   6.30092
29.78   44.0711   6.63861
29.8   49.1982   7.01414
29.82   55.2671   7.43418
29.84   62.5211   7.90703
29.86   71.2865   8.44313
29.88   82.0087   9.05586
29.9   95.307   9.76253
29.92   112.062   10.586
29.94   133.56   11.5568
29.96   161.74   12.7177
29.98   199.707   14.1318
30   252.895   15.9027
30.02   331.798   18.2153
30.04   457.304   21.3847
30.06   667.547   25.8369
30.08   1019.64   31.9318
30.1   1571.58   39.6431
30.12   2300.55   47.9641
30.14   2874.48   53.6141
30.16   2733.08   52.2789
30.18   2039.08   45.1562
30.2   1355.87   36.8222
30.22   877.68   29.6257
30.24   581.961   24.1239
30.26   406.641   20.1654
30.28   300.573   17.337
30.3   232.262   15.2402
30.32   185.19   13.6085
30.34   151.07   12.2911
30.36   125.479   11.2018
30.38   105.803   10.286
30.4   90.3647   9.50604
30.42   78.0421   8.83414
30.44   68.057   8.24966
30.46   59.858   7.7368
30.48   53.0463   7.28329
30.5   47.3275   6.8795
30.52   42.481   6.51775
30.54   38.339   6.19185
30.56   34.7718   5.89676
30.58   31.6782   5.62834
30.6   28.9783   5.38315
30.62   26.6082   5.15832
30.64   24.5166   4.95142
30.66   22.6614   4.7604
30.68   21.0086   4.58352
30.7   19.5298   4.41925
30.72   18.2014   4.4
30.74   17.0038   4.4
30.76   15.9203   4.4
30.78   14.937   4.4
30.8   14.0419   4.4
30.82   13.2248   4.4
30.84   12.4769   4.4
30.86   11.7905   4.4
30.88   11.1592   4.4
30.9   10.5772   4.4
30.92   10.0395   4.4
30.94   9.54177   4.4
30.96   9.08009   4.4
30.98   8.65108   4.4
31   8.25175   4.4
31.02   7.87941   4.4
31.04   7.53168   4.4
31.06   7.20646   4.4
31.08   6.90184   4.4
31.1   6.61611   4.4
31.12   6.34775   4.4
31.14   6.09538   4.4
31.16   5.85776   4.4
31.18   5.63375   4.4
31.2   5.42234   4.4
31.22   5.22261   4.4
31.24   5.0337   4.4
31.26   4.85486   4.4
31.28   4.68537   4.4
31.3   4.5246   4.4
31.32   4.37196   4.4
31.34   4.22691   4.4
31.36   4.08896   4.4
31.38   3.95765   4.4
31.4   3.83256   4.4
31.42   3.71331   4.4
31.44   3.59953   4.4
31.46   3.4909   4.4
31.48   3.38712   4.4
31.5   3.28789   4.4
31.52   3.19296   4.4
31.54   3.10208   4.4
31.56   3.01502   4.4
31.58   2.93158   4.4
31.6   2.85155   4.4
31.62   0   4.4
31.64   0   4.4
31.66   0   4.4
31.68   0   4.4
31.7   0   4.4
31.72   0   4.4
31.74   0   4.4
31.76   0   4.4
31.78   0   4.4
31.8   0   4.4
31.82   0   4.4
31.84   0   4.4
31.86   0   4.4
31.88   0   4.4
31.9   0   4.4
31.92   0   4.4
31.94   0   4.4
31.96   0   4.4
31.98   0   4.4
32   0   4.4
32.02   0   4.4
32.04   0   4.4
32.06   0   4.4
32.08   0   4.4
32.1   0   4.4
32.12   0   4.4
32.14   0   4.4
32.16   0   4.4
32.18   0   4.4
32.2   0   4.4
32.22   0   4.4
32.24   0   4.4
32.26   0   4.4
32.28   0   4.4
32.3   0   4.4
32.32   0   4.4
32.34   0   4.4
32.36   0   4.4
32.38   0   4.4
32.4   0   4.4
32.42   0   4.4
32.44   0   4.4
32.46   0   4.4
32.48   0   4.4
32.5   0   4.4
32.52   0   4.4
32.54   0   4.4
32.56   0   4.4
32.58   0   4.4
32.6   0   4.4
32.62   0   4.4
32.64   0   4.4
32.66   0   4.4
32.68   0   4.4
32.7   0   4.4
32.72   0   4.4
32.74   0   4.4
32.76   0   4.4
32.78   0   4.4
32.8   0   4.4
32.82   0   4.4
32.84   0   4.4
32.86   0   4.4
32.88   0   4.4
32.9   0   4.4
32.92   0   4.4
32.94   0   4.4
32.96   0   4.4
32.98   0   4.4
33   0   4.4
33.02   0   4.4
33.04   0   4.4
33.06   0   4.4
33.08   0   4.4
33.1   0   4.4
33.12   0   4.4
33.14   0   4.4
33.16   0   4.4
33.18   0   4.4
33.2   0   4.4
33.22   0   4.4
33.24   0   4.4
33.26   0   4.4
33.28   0   4.4
33.3   0   4.4
33.32   0   4.4
33.34   0   4.4
33.36   0   4.4
33.38   0   4.4
33.4   0   4.4
33.42   0   4.4
33.44   0   4.4
33.46   0   4.4
33.48   0   4.4
33.5   0   4.4
33.52   0   4.4
33.54   0   4.4
33.56   0   4.4
33.58   0   4.4
33.6   0   4.4
33.62   0   4.4
33.64   0   4.4
33.66   0   4.4
33.68   0   4.4
33.7   0   4.4
33.72   0   4.4
33.74   0   4.4
33.76   0   4.4
33.78   0   4.4
33.8   0   4.4
33.82   0   4.4
33.84   0   4.4
33.86   0   4.4
33.88   0   4.4
33.9   0   4.4
33.92   0   4.4
33.94   0   4.4
33.96   0   4.4
33.98   0   4.4
34   0   4.4
34.02   0   4.4
34.04   9.85857   4.4
34.06   10.1322   4.4
34.08   10.4175   4.4
34.1   10.7149   4.4
34.12   11.0252   4.4
34.14   11.3493   4.4
34.16   11.6878   4.4
34.18   12.0417   4.4
34.2   12.4118   4.4
34.22   12.7994   4.4
34.24   13.2053   4.4
34.26   13.6309   4.4
34.28   14.0773   4.4
34.3   14.5461   4.4
34.32   15.0386   4.4
34.34   15.5566   4.4
34.36   16.1017   4.4
34.38   16.6761   4.4
34.4   17.2817   4.4
34.42   17.9208   4.4
34.44   18.5961   4.4
34.46   19.3102   4.4
34.48   20.0662   4.47953
34.5   20.8675   4.5681
34.52   21.7177   4.66023
34.54   22.6209   4.75615
34.56   23.5816   4.85609
34.58   24.6047   4.96032
34.6   25.6959   5.06911
34.62   26.8612   5.18278
34.64   28.1075   5.30165
34.66   29.4424   5.42609
34.68   30.8747   5.5565
34.7   32.414   5.69333
34.72   34.0711   5.83705
34.74   35.8584   5.98819
34.76   37.79   6.14736
34.78   39.8817   6.31519
34.8   42.1516   6.49243
34.82   44.6207   6.67987
34.84   47.3128   6.87843
34.86   50.2556   7.08912
34.88   53.4811   7.31308
34.9   57.0267   7.5516
34.92   60.936   7.80615
34.94   65.2604   8.07839
34.96   70.0607   8.37022
34.98   75.409   8.68384
35   81.3919   9.02174
35.02   88.1134   9.38687
35.04   95.6998   9.78263
35.06   104.306   10.213
35.08   114.121   10.6827
35.1   125.382   11.1974
35.12   138.386   11.7638
35.14   153.509   12.3899
35.16   171.236   13.0857
35.18   192.194   13.8634
35.2   217.21   14.7381
35.22   247.394   15.7288
35.24   284.254   16.8598
35.26   329.883   18.1627
35.28   387.247   19.6786
35.3   460.66   21.463
35.32   556.601   23.5924
35.34   685.335   26.1789
35.36   864.587   29.4039
35.38   1128.23   33.5892
35.4   1543.86   39.292
35.42   2237.07   47.2977
35.44   3402.2   58.3284
35.46   5252.38   72.4733
35.48   7778.16   88.1939
35.5   10000   100
35.52   9877.51   99.3857
35.54   7552.63   86.9059
35.56   5066.81   71.1815
35.58   3280.21   57.2731
35.6   2163.56   46.5141
35.62   1500.36   38.7344
35.64   1101.42   33.1876
35.66   846.861   29.1009
35.68   672.859   25.9395
35.7   548.264   23.415
35.72   454.572   21.3207
35.74   382.748   19.5639
35.76   326.541   18.0704
35.78   281.778   16.7862
35.8   245.58   15.671
35.82   215.912   14.6939
35.84   191.306   13.8313
35.86   170.681   13.0645
35.88   153.23   12.3786
35.9   138.337   11.7617
35.92   125.53   11.204
35.94   114.44   10.6977
35.96   104.776   10.236
35.98   96.3055   9.81353
36   88.8425   9.42563
36.02   82.2353   9.06837
36.04   76.3597   8.73841
36.06   71.1136   8.43289
36.08   66.412   8.14935
36.1   62.1839   7.88568
36.12   58.3697   7.64001
36.14   54.9191   7.41074
36.16   51.7893   7.19648
36.18   48.9437   6.99598
36.2   46.3511   6.80816
36.22   43.9845   6.63208
36.24   41.8209   6.46691
36.26   39.8402   6.31191
36.28   38.0249   6.16643
36.3   36.3599   6.02992
36.32   34.8322   5.90188
36.34   33.4304   5.7819
36.36   32.1445   5.66961
36.38   30.9661   5.56472
36.4   29.8877   5.46697
36.42   28.9032   5.37617
36.44   28.0072   5.29218
36.46   27.1955   5.21493
36.48   26.4644   5.14436
36.5   25.8116   5.08051
36.52   25.2352   5.02346
36.54   24.7343   4.97336
36.56   24.309   4.93042
36.58   23.9604   4.89494
36.6   23.6906   4.8673
36.62   23.503   4.84799
36.64   23.4025   4.83762
36.66   23.3958   4.83692
36.68   23.4914   4.84679
36.7   23.7008   4.86834
36.72   24.0384   4.9029
36.74   24.5232   4.95209
36.76   25.1791   5.01788
36.78   26.0375   5.10269
36.8   27.139   5.20951
36.82   28.5372   5.34202
36.84   30.3033   5.50484
36.86   32.5336   5.70382
36.88   35.3601   5.94643
36.9   38.9671   6.24237
36.92   43.6182   6.60441
36.94   49.6991   7.04976
36.96   57.7957   7.60235
36.98   68.8528   8.29776
37   74.9687   8.65845
37.02   98.7997   9.9398
37.04   136.97   11.7034
37.06   201.09   14.1806
37.08   308.077   17.5521
37.1   473.892   21.7691
37.12   686.451   26.2002
37.14   837.048   28.9318
37.16   772.434   27.7927
37.18   566.119   23.7932
37.2   374.182   19.3438
37.22   242.341   15.5673
37.24   161.421   12.7052
37.26   113.479   10.6527
37.28   84.3251   9.18287
37.3   65.4095   8.08762
37.32   52.2939   7.23145
37.34   42.747   6.53812
37.36   35.5658   5.96371
37.38   30.0316   5.48011
37.4   25.6813   5.06767
37.42   22.203   4.71201
37.44   19.3805   4.40232
37.46   17.0598   4.4
37.48   15.1296   4.4
37.5   13.5074   4.4
37.52   12.1314   4.4
37.54   10.9544   4.4
37.56   9.94004   4.4
37.58   9.05972   4.4
37.6   8.29094   4.4
37.62   7.61568   4.4
37.64   7.01943   4.4
37.66   6.49034   4.4
37.68   6.01874   4.4
37.7   5.5966   4.4
37.72   5.21726   4.4
37.74   4.87514   4.4
37.76   4.56553   4.4
37.78   4.28444   4.4
37.8   4.02849   4.4
37.82   3.79477   4.4
37.84   3.58078   4.4
37.86   3.38437   4.4
37.88   3.20366   4.4
37.9   3.03702   4.4
37.92   2.88305   4.4
37.94   2.74047   4.4
37.96   2.6082   4.4
37.98   2.48528   4.4
38   2.37083   4.4
38.02   2.2641   4.4
38.04   2.16441   4.4
38.06   2.07116   4.4
38.08   1.9838   4.4
38.1   1.90185   4.4
38.12   1.82487   4.4
38.14   1.75247   4.4
38.16   1.68429   4.4
38.18   1.62001   4.4
38.2   1.55934   4.4
38.22   1.50201   4.4
38.24   1.44778   4.4
38.26   1.39644   4.4
38.28   1.34777   4.4
38.3   1.30161   4.4
38.32   1.25778   4.4
38.34   1.21612   4.4
38.36   1.1765   4.4
38.38   1.13878   4.4
38.4   1.10284   4.4
38.42   1.06858   4.4
38.44   1.03589   4.4
38.46   1.00468   4.4
38.48   0.974858   4.4
38.5   0.946343   4.4
38.52   0.91906   4.4
38.54   0.89294   4.4
38.56   0.867917   4.4
38.58   0.843931   4.4
38.6   0.820925   4.4
38.62   0   4.4
38.64   0   4.4
38.66   0   4.4
38.68   0   4.4
38.7   0   4.4
38.72   0   4.4
38.74   0   4.4
38.76   0   4.4
38.78   0   4.4
38.8   0   4.4
38.82   0   4.4
38.84   0   4.4
38.86   0   4.4
38.88   0   4.4
38.9   0   4.4
38.92   0   4.4
38.94   0   4.4
38.96   0   4.4
38.98   0   4.4
39   0   4.4
39.02   0   4.4
39.04   0   4.4
39.06   0   4.4
39.08   0   4.4
39.1   0   4.4
39.12   0   4.4
39.14   0   4.4
39.16   0   4.4
39.18   0   4.4
39.2   0   4.4
39.22   0   4.4
39.24   0   4.4
39.26   0   4.4
39.28   0   4.4
39.3   0   4.4
39.32   0   4.4
39.34   0   4.4
39.36   0   4.4
39.38   0   4.4
39.4   0   4.4
39.42   0   4.4
39.44   0   4.4
39.46   0   4.4
39.48   0   4.4
39.5   0   4.4
39.52   0   4.4
39.54   0   4.4
39.56   0   4.4
39.58   0   4.4
39.6   0   4.4
39.62   0   4.4
39.64   0   4.4
39.66   0   4.4
39.68   0   4.4
39.7   0   4.4
39.72   0   4.4
39.74   0   4.4
39.76   0   4.4
39.78   0   4.4
39.8   0   4.4
39.82   0   4.4
39.84   0   4.4
39.86   0   4.4
39.88   0   4.4
39.9   0   4.4
39.92   0   4.4
39.94   0   4.4
39.96   0   4.4
39.98   0   4.4
40   0   4.4
40.02   0   4.4
40.04   0   4.4
40.06   0   4.4
40.08   0   4.4
40.1   0   4.4
40.12   0   4.4
40.14   0   4.4
40.16   0   4.4
40.18   0   4.4
40.2   0   4.4
40.22   0   4.4
40.24   0   4.4
40.26   0   4.4
40.28   0   4.4
40.3   0   4.4
40.32   0   4.4
40.34   0   4.4
40.36   0   4.4
40.38   0   4.4
40.4   0   4.4
40.42   0   4.4
40.44   0   4.4
40.46   0   4.4
40.48   0   4.4
40.5   0   4.4
40.52   0   4.4
40.54   0   4.4
40.56   0   4.4
40.58   0   4.4
40.6   0   4.4
40.62   0   4.4
40.64   0   4.4
40.66   0   4.4
40.68   0   4.4
40.7   0   4.4
40.72   0   4.4
40.74   0   4.4
40.76   0   4.4
40.78   0   4.4
40.8   0   4.4
40.82   0   4.4
40.84   0   4.4
40.86   0   4.4
40.88   0   4.4
40.9   0   4.4
40.92   0   4.4
40.94   0   4.4
40.96   0   4.4
40.98   0   4.4
41   0   4.4
41.02   0   4.4
41.04   0   4.4
41.06   0   4.4
41.08   0   4.4
41.1   0   4.4
41.12   0   4.4
41.14   0   4.4
41.16   0   4.4
41.18   0   4.4
41.2   0   4.4
41.22   0   4.4
41.24   0   4.4
41.26   0   4.4
41.28   0   4.4
41.3   0   4.4
41.32   0   4.4
41.34   0   4.4
41.36   0   4.4
41.38   0   4.4
41.4   0   4.4
41.42   0   4.4
41.44   0   4.4
41.46   0   4.4
41.48   0   4.4
41.5   0   4.4
41.52   0   4.4
41.54   0   4.4
41.56   0   4.4
41.58   0   4.4
41.6   0   4.4
41.62   0   4.4
41.64   0   4.4
41.66   0   4.4
41.68   0   4.4
41.7   2.01998   4.4
41.72   2.07655   4.4
41.74   2.13552   4.4
41.76   2.19705   4.4
41.78   2.26127   4.4
41.8   2.32835   4.4
41.82   2.39845   4.4
41.84   2.47177   4.4
41.86   2.5485   4.4
41.88   2.62886   4.4
41.9   2.71308   4.4
41.92   2.80141   4.4
41.94   2.89412   4.4
41.96   2.99151   4.4
41.98   3.09389   4.4
42   3.20162   4.4
42.02   3.31507   4.4
42.04   3.43465   4.4
42.06   3.56082   4.4
42.08   3.69407   4.4
42.1   3.83493   4.4
42.12   3.984   4.4
42.14   4.14193   4.4
42.16   4.30942   4.4
42.18   4.48728   4.4
42.2   4.67637   4.4
42.22   4.87766   4.4
42.24   5.09221   4.4
42.26   5.32123   4.4
42.28   5.56603   4.4
42.3   5.8281   4.4
42.32   6.1091   4.4
42.34   6.4109   4.4
42.36   6.73559   4.4
42.38   7.08556   4.4
42.4   7.46349   4.4
42.42   7.87243   4.4
42.44   8.31586   4.4
42.46   8.79778   4.4
42.48   9.32276   4.4
42.5   9.89607   4.4
42.52   10.5238   4.4
42.54   11.2131   4.4
42.56   11.9723   4.4
42.58   12.811   4.4
42.6   13.7408   4.4
42.62   14.7753   4.4
42.64   15.9307   4.4
42.66   17.2267   4.4
42.68   18.687   4.4
42.7   20.3402   4.51002
42.72   22.222   4.71402
42.74   24.3761   4.93722
42.76   26.8575   5.18242
42.78   29.7355   5.45303
42.8   33.0989   5.75316
42.82   37.0622   6.08787
42.84   41.7758   6.46342
42.86   47.4398   6.88765
42.88   54.3245   7.37052
42.9   62.8027   7.92482
42.92   73.3982   8.56727
42.94   86.8649   9.32013
42.96   104.32   10.2137
42.98   127.494   11.2913
43   159.269   12.6202
43.02   204.961   14.3165
43.04   275.135   16.5872
43.06   390.228   19.7542
43.08   584.503   24.1765
43.1   902.095   30.0349
43.12   1368.35   36.9913
43.14   1882.1   43.3832
43.16   2068.66   45.4825
43.18   1717.36   41.441
43.2   1192.12   34.5271
43.22   775.926   27.8554
43.24   505.811   22.4902
43.26   343.596   18.5363
43.28   247.14   15.7207
43.3   187.114   13.679
43.32   147.072   12.1273
43.34   118.704   10.8951
43.36   97.754   9.88706
43.38   81.8325   9.04613
43.4   69.4609   8.33432
43.42   59.6677   7.72449
43.44   51.7897   7.19651
43.46   45.3624   6.73516
43.48   40.0529   6.32874
43.5   35.618   5.96808
43.52   31.8767   5.64594
43.54   28.6923   5.35652
43.56   25.9601   5.0951
43.58   23.5987   4.85785
43.6   21.5442   4.64157
43.62   19.7458   4.44362
43.64   18.1628   4.4
43.66   16.7622   4.4
43.68   15.5171   4.4
43.7   14.4054   4.4
43.72   13.4088   4.4
43.74   12.5118   4.4
43.76   11.7018   4.4
43.78   10.9678   4.4
43.8   10.3006   4.4
43.82   9.69238   4.4
43.84   9.13639   4.4
43.86   8.62683   4.4
43.88   8.15868   4.4
43.9   7.72757   4.4
43.92   7.32971   4.4
43.94   6.96175   4.4
43.96   6.6208   4.4
43.98   6.30426   4.4
44   6.00986   4.4
44.02   5.73559   4.4
44.04   5.47966   4.4
44.06   5.24047   4.4
44.08   5.01659   4.4
44.1   4.80674   4.4
44.12   4.60978   4.4
44.14   4.42467   4.4
44.16   4.25049   4.4
44.18   4.08638   4.4
44.2   3.93158   4.4
44.22   3.78542   4.4
44.24   3.64725   4.4
44.26   3.5165   4.4
44.28   3.39266   4.4
44.3   3.27524   4.4
44.32   3.16381   4.4
44.34   3.05797   4.4
44.36   2.95735   4.4
44.38   2.86161   4.4
44.4   2.77044   4.4
44.42   2.68356   4.4
44.44   2.6007   4.4
44.46   2.52162   4.4
44.48   2.44609   4.4
44.5   2.3739   4.4
44.52   2.30486   4.4
44.54   2.23879   4.4
44.56   2.17552   4.4
44.58   2.11489   4.4
44.6   2.05676   4.4
44.62   0   4.4
44.64   0   4.4
44.66   0   4.4
44.68   0   4.4
44.7   0   4.4
44.72   0   4.4
44.74   0   4.4
44.76   0   4.4
44.78   0   4.4
44.8   0   4.4
44.82   0   4.4
44.84   0   4.4
44.86   0   4.4
44.88   0   4.4
44.9   0   4.4
44.92   0   4.4
44.94   0   4.4
44.96   0   4.4
44.98   0   4.4
45   0   4.4
45.02   0   4.4
45.04   0   4.4
45.06   0   4.4
45.08   0   4.4
45.1   0   4.4
45.12   0   4.4
45.14   0   4.4
45.16   0   4.4
45.18   0   4.4
45.2   0   4.4
45.22   0   4.4
45.24   0   4.4
45.26   0   4.4
45.28   0   4.4
45.3   0   4.4
45.32   0   4.4
45.34   0   4.4
45.36   0   4.4
45.38   0   4.4
45.4   0   4.4
45.42   0   4.4
45.44   0   4.4
45.46   0   4.4
45.48   0   4.4
45.5   0   4.4
45.52   0   4.4
45.54   0   4.4
45.56   0   4.4
45.58   0   4.4
45.6   0   4.4
45.62   0   4.4
45.64   0   4.4
45.66   0   4.4
45.68   0   4.4
45.7   0   4.4
45.72   0   4.4
45.74   0   4.4
45.76   0   4.4
45.78   0   4.4
45.8   0.0625289   4.4
45.82   0.0642848   4.4
45.84   0.0661156   4.4
45.86   0.0680257   4.4
45.88   0.0700198   4.4
45.9   0.0721028   4.4
45.92   0.0742801   4.4
45.94   0.0765575   4.4
45.96   0.0789413   4.4
45.98   0.081438   4.4
46   0.0840551   4.4
46.02   0.0868002   4.4
46.04   0.0896821   4.4
46.06   0.0927097   4.4
46.08   0.0958932   4.4
46.1   0.0992435   4.4
46.12   0.102772   4.4
46.14   0.106493   4.4
46.16   0.110418   4.4
46.18   0.114565   4.4
46.2   0.11895   4.4
46.22   0.123591   4.4
46.24   0.128509   4.4
46.26   0.133727   4.4
46.28   0.139268   4.4
46.3   0.14516   4.4
46.32   0.151435   4.4
46.34   0.158124   4.4
46.36   0.165267   4.4
46.38   0.172904   4.4
46.4   0.181082   4.4
46.42   0.189853   4.4
46.44   0.199277   4.4
46.46   0.20942   4.4
46.48   0.220356   4.4
46.5   0.23217   4.4
46.52   0.244958   4.4
46.54   0.258832   4.4
46.56   0.273916   4.4
46.58   0.290355   4.4
46.6   0.308317   4.4
46.62   0.327995   4.4
46.64   0.349615   4.4
46.66   0.373439   4.4
46.68   0.399778   4.4
46.7   0.428996   4.4
46.72   0.461529   4.4
46.74   0.497895   4.4
46.76   0.538719   4.4
46.78   0.584757   4.4
46.8   0.636933   4.4
46.82   0.696384   4.4
46.84   0.764519   4.4
46.86   0.843106   4.4
46.88   0.934384   4.4
46.9   1.04122   4.4
46.92   1.16733   4.4
46.94   1.3176   4.4
46.96   1.49854   4.4
46.98   1.71902   4.4
47   1.99126   4.4
47.02   2.33255   4.4
47.04   2.76786   4.4
47.06   3.3345   4.4
47.08   4.09085   4.4
47.1   5.13603   4.4
47.12   6.65639   4.4
47.14   9.02375   4.4
47.16   12.9438   4.4
47.18   19.5532   4.4219
47.2   30.2082   5.4962
47.22   45.316   6.73172
47.24   60.3078   7.76581
47.26   62.7082   7.91885
47.28   49.7466   7.05313
47.3   33.8591   5.81886
47.32   21.9548   4.68559
47.34   14.3914   4.4
47.36   9.88057   4.4
47.38   7.18451   4.4
47.4   5.48504   4.4
47.42   4.33645   4.4
47.44   3.51503   4.4
47.46   2.90458   4.4
47.48   2.43846   4.4
47.5   2.07489   4.4
47.52   1.78614   4.4
47.54   1.55319   4.4
47.56   1.36266   4.4
47.58   1.20491   4.4
47.6   1.07287   4.4
47.62   0.96129   4.4
47.64   0.866164   4.4
47.66   0.784426   4.4
47.68   0.713686   4.4
47.7   0.652064   4.4
47.72   0.598065   4.4
47.74   0.550483   4.4
47.76   0.508345   4.4
47.78   0.470853   4.4
47.8   0.437351   4.4
47.82   0.407292   4.4
47.84   0.380221   4.4
47.86   0.355757   4.4
47.88   0.333576   4.4
47.9   0.313402   4.4
47.92   0.295001   4.4
47.94   0.278172   4.4
47.96   0.262741   4.4
47.98   0.248557   4.4
48   0.235489   4.4
48.02   0.223425   4.4
48.04   0.212263   4.4
48.06   0.201916   4.4
48.08   0.192307   4.4
48.1   0.183367   4.4
48.12   0.175035   4.4
48.14   0.167258   4.4
48.16   0.159988   4.4
48.18   0.153181   4.4
48.2   0.146799   4.4
48.22   0.140808   4.4
48.24   0.135175   4.4
48.26   0.129874   4.4
48.28   0.124878   4.4
48.3   0.120165   4.4
48.32   0.115714   4.4
48.34   0.111505   4.4
48.36   0.107522   4.4
48.38   0.103748   4.4
48.4   0.100169   4.4
48.42   0.0967723   4.4
48.44   0.0935453   4.4
48.46   0.0904769   4.4
48.48   0.0875571   4.4
48.5   0.0847762   4.4
48.52   0.0821257   4.4
48.54   0.0795975   4.4
48.56   0.0771842   4.4
48.58   0.074879   4.4
48.6   0.0726755   4.4
48.62   0.0705678   4.4
48.64   0.0685505   4.4
48.66   0.0666184   4.4
48.68   0.0647668   4.4
48.7   0.0629913   4.4
48.72   0.0612878   4.4
48.74   0   4.4
48.76   0   4.4
48.78   0   4.4
48.8   0   4.4
48.82   0   4.4
48.84   0   4.4
48.86   0   4.4
48.88   0   4.4
48.9   0   4.4
48.92   0   4.4
48.94   0   4.4
48.96   0   4.4
48.98   0   4.4
49   0   4.4
49.02   0   4.4
49.04   0   4.4
49.06   0   4.4
49.08   0   4.4
49.1   0   4.4
49.12   0   4.4
49.14   0   4.4
49.16   0   4.4
49.18   0   4.4
49.2   0   4.4
49.22   0   4.4
49.24   0   4.4
49.26   0   4.4
49.28   0   4.4
49.3   0   4.4
49.32   0   4.4
49.34   0   4.4
49.36   0   4.4
49.38   0   4.4
49.4   0   4.4
49.42   0   4.4
49.44   0   4.4
49.46   0   4.4
49.48   0   4.4
49.5   0   4.4
49.52   0   4.4
49.54   0   4.4
49.56   0   4.4
49.58   0   4.4
49.6   0   4.4
49.62   0   4.4
49.64   0   4.4
49.66   0   4.4
49.68   0   4.4
49.7   0   4.4
49.72   0   4.4
49.74   0   4.4
49.76   0   4.4
49.78   0   4.4
49.8   0   4.4
49.82   0   4.4
49.84   0   4.4
49.86   0   4.4
49.88   0   4.4
49.9   0   4.4
49.92   0   4.4
49.94   0   4.4
49.96   0   4.4
49.98   0   4.4
50   0   4.4
50.02   0   4.4
50.04   0   4.4
50.06   0   4.4
50.08   0   4.4
50.1   0   4.4
50.12   0   4.4
50.14   0   4.4
50.16   0   4.4
50.18   0   4.4
50.2   0   4.4
50.22   0   4.4
50.24   0   4.4
50.26   0   4.4
50.28   0   4.4
50.3   0   4.4
50.32   0   4.4
50.34   0   4.4
50.36   0   4.4
50.38   0   4.4
50.4   0   4.4
50.42   0   4.4
50.44   0   4.4
50.46   0   4.4
50.48   0   4.4
50.5   0   4.4
50.52   0   4.4
50.54   0   4.4
50.56   0   4.4
50.58   0   4.4
50.6   0   4.4
50.62   0   4.4
50.64   0   4.4
50.66   0   4.4
50.68   0   4.4
50.7   0   4.4
50.72   0   4.4
50.74   0   4.4
50.76   0   4.4
50.78   0   4.4
50.8   0   4.4
50.82   0   4.4
50.84   0   4.4
50.86   0   4.4
50.88   0   4.4
50.9   0   4.4
50.92   0   4.4
50.94   0   4.4
50.96   0   4.4
50.98   0   4.4
51   0   4.4
51.02   0   4.4
51.04   0   4.4
51.06   0   4.4
51.08   0   4.4
51.1   0   4.4
51.12   0   4.4
51.14   0   4.4
51.16   0   4.4
51.18   0   4.4
51.2   0   4.4
51.22   0   4.4
51.24   0   4.4
51.26   0   4.4
51.28   0   4.4
51.3   0   4.4
51.32   0   4.4
51.34   0   4.4
51.36   0   4.4
51.38   0   4.4
51.4   0   4.4
51.42   0   4.4
51.44   0   4.4
51.46   0   4.4
51.48   0   4.4
51.5   0   4.4
51.52   0   4.4
51.54   0   4.4
51.56   0   4.4
51.58   0   4.4
51.6   0   4.4
51.62   0   4.4
51.64   0   4.4
51.66   0   4.4
51.68   0   4.4
51.7   0   4.4
51.72   0   4.4
51.74   0   4.4
51.76   0   4.4
51.78   0   4.4
51.8   0   4.4
51.82   0   4.4
51.84   0   4.4
51.86   0   4.4
51.88   0   4.4
51.9   0   4.4
51.92   0   4.4
51.94   0   4.4
51.96   0   4.4
51.98   0   4.4
52   0   4.4
52.02   0   4.4
52.04   0   4.4
52.06   0   4.4
52.08   0   4.4
52.1   0.95715   4.4
52.12   0.984227   4.4
52.14   1.01247   4.4
52.16   1.04194   4.4
52.18   1.07272   4.4
52.2   1.10489   4.4
52.22   1.13852   4.4
52.24   1.17371   4.4
52.26   1.21056   4.4
52.28   1.24917   4.4
52.3   1.28965   4.4
52.32   1.33213   4.4
52.34   1.37675   4.4
52.36   1.42365   4.4
52.38   1.47298   4.4
52.4   1.52491   4.4
52.42   1.57965   4.4
52.44   1.63738   4.4
52.46   1.69833   4.4
52.48   1.76275   4.4
52.5   1.8309   4.4
52.52   1.90308   4.4
52.54   1.97961   4.4
52.56   2.06084   4.4
52.58   2.14717   4.4
52.6   2.23904   4.4
52.62   2.33693   4.4
52.64   2.44138   4.4
52.66   2.55298   4.4
52.68   2.67239   4.4
52.7   2.80038   4.4
52.72   2.93778   4.4
52.74   3.08553   4.4
52.76   3.24469   4.4
52.78   3.41648   4.4
52.8   3.60226   4.4
52.82   3.80359   4.4
52.84   4.02225   4.4
52.86   4.26029   4.4
52.88   4.52006   4.4
52.9   4.80428   4.4
52.92   5.11612   4.4
52.94   5.45925   4.4
52.96   5.83802   4.4
52.98   6.2575   4.4
53   6.72373   4.4
53.02   7.24391   4.4
53.04   7.82666   4.4
53.06   8.4824   4.4
53.08   9.22378   4.4
53.1   10.0663   4.4
53.12   11.0293   4.4
53.14   12.1365   4.4
53.16   13.4181   4.4
53.18   14.9126   4.4
53.2   16.6695   4.4
53.22   18.7534   4.4
53.24   21.2499   4.60976
53.26   24.2743   4.92689
53.28   27.9845   5.29004
53.3   32.6014   5.70976
53.32   38.4403   6.20003
53.34   45.9647   6.77972
53.36   55.8813   7.47538
53.38   69.3399   8.32706
53.4   88.4001   9.40213
53.42   117.102   10.8213
53.44   163.414   12.7833
53.46   241.397   15.537
53.48   370.879   19.2582
53.5   568.789   23.8493
53.52   813.183   28.5164
53.54   963.605   31.042
53.56   860.9   29.3411
53.58   619.707   24.8939
53.6   407.294   20.1815
53.62   264.098   16.2511
53.64   176.863   13.299
53.66   125.175   11.1882
53.68   93.548   9.67202
53.7   72.8586   8.53573
53.72   58.4178   7.64316
53.74   47.8595   6.91806
53.76   39.8926   6.31606
53.78   33.7377   5.80841
53.8   28.8893   5.37488
53.82   25.0059   5.00059
53.84   21.8494   4.67434
53.86   19.2506   4.4
53.88   17.0863   4.4
53.9   15.2654   4.4
53.92   13.7192   4.4
53.94   12.3955   4.4
53.96   11.2536   4.4
53.98   10.262   4.4
54   9.39538   4.4
54.02   8.63371   4.4
54.04   7.96076   4.4
54.06   7.3633   4.4
54.08   6.83048   4.4
54.1   6.35333   4.4
54.12   5.92436   4.4
54.14   5.53733   4.4
54.16   5.18694   4.4
54.18   4.86872   4.4
54.2   4.57886   4.4
54.22   4.31409   4.4
54.24   4.0716   4.4
54.26   3.84896   4.4
54.28   3.64407   4.4
54.3   3.4551   4.4
54.32   3.28043   4.4
54.34   3.11867   4.4
54.36   2.96856   4.4
54.38   2.82903   4.4
54.4   2.6991   4.4
54.42   2.5779   4.4
54.44   2.46469   4.4
54.46   2.35876   4.4
54.48   2.25951   4.4
54.5   2.1664   4.4
54.52   2.07891   4.4
54.54   1.99662   4.4
54.56   1.91911   4.4
54.58   1.84603   4.4
54.6   1.77704   4.4
54.62   1.71185   4.4
54.64   1.65017   4.4
54.66   1.59177   4.4
54.68   1.53641   4.4
54.7   1.48389   4.4
54.72   1.43401   4.4
54.74   1.38661   4.4
54.76   1.34152   4.4
54.78   1.29859   4.4
54.8   1.25769   4.4
54.82   1.21869   4.4
54.84   1.18147   4.4
54.86   1.14593   4.4
54.88   1.11197   4.4
54.9   1.0795   4.4
54.92   1.04843   4.4
54.94   1.01868   4.4
54.96   0.990184   4.4
54.98   0.962862   4.4
55   0   4.4
55.02   0   4.4
55.04   0   4.4
55.06   0   4.4
55.08   0   4.4
55.1   0   4.4
55.12   0   4.4
55.14   0   4.4
55.16   0   4.4
55.18   0   4.4
55.2   0   4.4
55.22   0   4.4
55.24   0   4.4
55.26   0   4.4
55.28   0   4.4
55.3   0   4.4
55.32   0   4.4
55.34   0   4.4
55.36   0   4.4
55.38   0   4.4
55.4   0   4.4
55.42   0   4.4
55.44   0   4.4
55.46   0   4.4
55.48   0   4.4
55.5   0   4.4
55.52   0   4.4
55.54   0   4.4
55.56   0   4.4
55.58   0   4.4
55.6   0   4.4
55.62   3.06895   4.4
55.64   3.15486   4.4
55.66   3.24443   4.4
55.68   3.33787   4.4
55.7   3.4354   4.4
55.72   3.53726   4.4
55.74   3.64373   4.4
55.76   3.75507   4.4
55.78   3.87159   4.4
55.8   3.99361   4.4
55.82   4.1215   4.4
55.84   4.25562   4.4
55.86   4.39639   4.4
55.88   4.54427   4.4
55.9   4.69972   4.4
55.92   4.86329   4.4
55.94   5.03554   4.4
55.96   5.2171   4.4
55.98   5.40866   4.4
56   5.61095   4.4
56.02   5.8248   4.4
56.04   6.0511   4.4
56.06   6.29084   4.4
56.08   6.5451   4.4
56.1   6.81508   4.4
56.12   7.1021   4.4
56.14   7.40762   4.4
56.16   7.73327   4.4
56.18   8.08086   4.4
56.2   8.45238   4.4
56.22   8.85011   4.4
56.24   9.27654   4.4
56.26   9.73451   4.4
56.28   10.2272   4.4
56.3   10.7582   4.4
56.32   11.3316   4.4
56.34   11.9521   4.4
56.36   12.6248   4.4
56.38   13.3559   4.4
56.4   14.1522   4.4
56.42   15.0218   4.4
56.44   15.9739   4.4
56.46   17.0193   4.4
56.48   18.1705   4.4
56.5   19.4422   4.40933
56.52   20.8519   4.56639
56.54   22.4202   4.735
56.56   24.1718   4.91648
56.58   26.1361   5.11235
56.6   28.3491   5.32438
56.62   30.8542   5.55466
56.64   33.7052   5.80562
56.66   36.9683   6.08015
56.68   40.7265   6.38173
56.7   45.0846   6.71451
56.72   50.1765   7.08354
56.74   56.1754   7.49502
56.76   63.3081   7.95664
56.78   71.8763   8.47799
56.8   82.2879   9.07127
56.82   95.1046   9.75216
56.84   111.115   10.5411
56.86   131.455   11.4654
56.88   157.804   12.562
56.9   192.759   13.8838
56.92   240.639   15.5126
56.94   309.387   17.5894
56.96   414.769   20.3659
56.98   587.358   24.2355
57   878.68   29.6425
57.02   1355.73   36.8203
57.04   2059.12   45.3775
57.06   2843.93   53.3285
57.08   3149.24   56.1181
57.1   2631.82   51.3012
57.12   1832.47   42.8073
57.14   1193.55   34.5478
57.16   777.546   27.8845
57.18   527.435   22.9659
57.2   378.795   19.4627
57.22   286.452   16.9249
57.24   224.964   14.9988
57.26   181.461   13.4707
57.28   149.364   12.2214
57.3   124.986   11.1797
57.32   106.054   10.2983
57.34   91.0747   9.54331
57.36   79.0295   8.88986
57.38   69.2059   8.31901
57.4   61.0933   7.81622
57.42   54.3189   7.37014
57.44   48.6054   6.97176
57.46   43.7435   6.61389
57.48   39.5729   6.2907
57.5   35.9689   5.99741
57.52   32.8338   5.73008
57.54   30.09   5.48544
57.56   27.6752   5.26072
57.58   25.5389   5.0536
57.6   23.64   4.8621
57.62   21.9448   4.68453
57.64   20.4251   4.51942
57.66   19.0577   4.4
57.68   17.8228   4.4
57.7   16.7039   4.4
57.72   15.6869   4.4
57.74   14.7599   4.4
57.76   13.9126   4.4
57.78   13.1361   4.4
57.8   12.4227   4.4
57.82   11.7659   4.4
57.84   11.1597   4.4
57.86   10.5991   4.4
57.88   10.0796   4.4
57.9   9.59742   4.4
57.92   9.14897   4.4
57.94   8.73119   4.4
57.96   8.34136   4.4
57.98   7.97704   4.4
58   7.63606   4.4
58.02   7.31646   4.4
58.04   7.01649   4.4
58.06   6.73459   4.4
58.08   6.46933   4.4
58.1   6.21942   4.4
58.12   5.98371   4.4
58.14   5.76114   4.4
58.16   5.55076   4.4
58.18   5.35168   4.4
58.2   5.16312   4.4
58.22   4.98434   4.4
58.24   4.81469   4.4
58.26   4.65354   4.4
58.28   4.50035   4.4
58.3   4.3546   4.4
58.32   4.21581   4.4
58.34   4.08355   4.4
58.36   3.95741   4.4
58.38   3.83703   4.4
58.4   3.72205   4.4
58.42   3.61217   4.4
58.44   3.50707   4.4
58.46   3.4065   4.4
58.48   3.31019   4.4
58.5   3.2179   4.4
58.52   3.12942   4.4
58.54   0   4.4
58.56   0   4.4
58.58   0   4.4
58.6   0   4.4
58.62   0   4.4
58.64   0   4.4
58.66   0   4.4
58.68   0   4.4
58.7   0   4.4
58.72   0   4.4
58.74   0   4.4
58.76   0   4.4
58.78   0   4.4
58.8   0   4.4
58.82   0   4.4
58.84   0   4.4
58.86   0   4.4
58.88   0   4.4
58.9   0   4.4
58.92   0   4.4
58.94   0   4.4
58.96   0   4.4
58.98   0   4.4
59   0   4.4
59.02   0   4.4
59.04   0   4.4
59.06   0   4.4
59.08   0   4.4
59.1   0   4.4
59.12   0   4.4
59.14   0   4.4
59.16   0   4.4
59.18   0   4.4
59.2   0   4.4
59.22   0   4.4
59.24   0   4.4
59.26   0   4.4
59.28   0   4.4
59.3   0   4.4
59.32   0   4.4
59.34   0   4.4
59.36   0   4.4
59.38   0   4.4
59.4   0   4.4
59.42   0   4.4
59.44   0   4.4
59.46   0   4.4
59.48   0   4.4
59.5   0   4.4
59.52   0   4.4
59.54   0   4.4
59.56   0   4.4
59.58   0   4.4
59.6   0   4.4
59.62   0   4.4
59.64   0   4.4
59.66   0   4.4
59.68   0   4.4
59.7   0   4.4
59.72   0   4.4
59.74   0   4.4
59.76   0   4.4
59.78   0   4.4
59.8   0   4.4
59.82   0   4.4
59.84   0   4.4
59.86   0   4.4
59.88   0   4.4
59.9   0   4.4
59.92   0   4.4
59.94   0   4.4
59.96   0   4.4
59.98   0   4.4
60   0   4.4
60.02   0   4.4
60.04   0   4.4
60.06   0   4.4
60.08   0   4.4
60.1   0   4.4
60.12   0   4.4
60.14   0   4.4
60.16   0   4.4
60.18   0   4.4
60.2   0   4.4
60.22   0   4.4
60.24   0   4.4
60.26   0   4.4
60.28   0   4.4
60.3   0   4.4
60.32   0   4.4
60.34   0   4.4
60.36   0   4.4
60.38   0   4.4
60.4   0   4.4
60.42   0   4.4
60.44   0   4.4
60.46   0   4.4
60.48   0   4.4
60.5   0   4.4
60.52   0   4.4
60.54   0   4.4
60.56   0   4.4
60.58   0   4.4
60.6   0   4.4
60.62   0   4.4
60.64   0   4.4
60.66   0   4.4
60.68   0   4.4
60.7   0   4.4
60.72   0   4.4
60.74   0   4.4
60.76   0   4.4
60.78   0   4.4
60.8   0   4.4
60.82   0   4.4
60.84   0   4.4
60.86   0   4.4
60.88   0   4.4
60.9   0   4.4
60.92   0   4.4
60.94   0   4.4
60.96   0   4.4
60.98   0   4.4
61   0   4.4
61.02   0   4.4
61.04   0   4.4
61.06   0   4.4
61.08   0   4.4
61.1   0   4.4
61.12   0   4.4
61.14   0   4.4
61.16   0   4.4
61.18   0   4.4
61.2   0   4.4
61.22   0   4.4
61.24   4.17075   4.4
61.26   4.289   4.4
61.28   4.41235   4.4
61.3   4.5411   4.4
61.32   4.67556   4.4
61.34   4.81608   4.4
61.36   4.96302   4.4
61.38   5.1168   4.4
61.4   5.27783   4.4
61.42   5.44657   4.4
61.44   5.62354   4.4
61.46   5.80927   4.4
61.48   6.00435   4.4
61.5   6.20942   4.4
61.52   6.42517   4.4
61.54   6.65235   4.4
61.56   6.8918   4.4
61.58   7.14439   4.4
61.6   7.41113   4.4
61.62   7.69307   4.4
61.64   7.9914   4.4
61.66   8.30741   4.4
61.68   8.64253   4.4
61.7   8.99832   4.4
61.72   9.37652   4.4
61.74   9.77906   4.4
61.76   10.2081   4.4
61.78   10.6659   4.4
61.8   11.1552   4.4
61.82   11.6789   4.4
61.84   12.2403   4.4
61.86   12.8432   4.4
61.88   13.4917   4.4
61.9   14.1904   4.4
61.92   14.9449   4.4
61.94   15.761   4.4
61.96   16.6457   4.4
61.98   17.607   4.4
62   18.6538   4.4
62.02   19.7966   4.44934
62.04   21.0476   4.58777
62.06   22.4207   4.73505
62.08   23.9323   4.89207
62.1   25.6018   5.05982
62.12   27.4517   5.23944
62.14   29.509   5.43222
62.16   31.8058   5.63966
62.18   34.3805   5.86349
62.2   37.2799   6.10573
62.22   40.5605   6.36871
62.24   44.2919   6.65522
62.26   48.5603   6.96852
62.28   53.4733   7.31254
62.3   59.1666   7.69199
62.32   65.8136   8.11256
62.34   73.6379   8.58125
62.36   82.9324   9.10672
62.38   94.086   9.69979
62.4   107.623   10.3742
62.42   124.266   11.1475
62.44   145.025   12.0426
62.46   171.351   13.0901
62.48   205.386   14.3313
62.5   250.423   15.8248
62.52   311.889   17.6604
62.54   399.671   19.9918
62.56   533.316   23.0936
62.58   751.012   27.4046
62.6   1118.3   33.4411
62.62   1723.24   41.512
62.64   2628.37   51.2676
62.66   3681.74   60.6774
62.68   4186.37   64.7021
62.7   3585.7   59.8807
62.72   2526.01   50.2594
62.74   1650.08   40.6211
62.76   1072.7   32.7521
62.78   723.999   26.9072
62.8   517.099   22.7398
62.82   389.331   19.7315
62.84   304.821   17.4591
62.86   245.327   15.6629
62.88   201.579   14.1978
62.9   168.433   12.9782
62.92   142.742   11.9475
62.94   122.448   11.0656
62.96   106.153   10.3031
62.98   92.8813   9.63749
63   81.9333   9.0517
63.02   72.8004   8.53231
63.04   65.1048   8.06875
63.06   58.5616   7.65256
63.08   52.9528   7.27687
63.1   48.1094   6.9361
63.12   43.8988   6.62562
63.14   40.2157   6.34158
63.16   36.9758   6.08078
63.18   34.1111   5.84047
63.2   31.5659   5.61835
63.22   29.2945   5.41244
63.24   27.2591   5.22103
63.26   25.4283   5.04265
63.28   23.7755   4.87601
63.3   22.2784   4.72
63.32   20.9181   4.57363
63.34   19.6785   4.43604
63.36   18.5457   4.4
63.38   17.5078   4.4
63.4   16.5546   4.4
63.42   15.677   4.4
63.44   14.8673   4.4
63.46   14.1186   4.4
63.48   13.4251   4.4
63.5   12.7814   4.4
63.52   12.1828   4.4
63.54   11.6252   4.4
63.56   11.1051   4.4
63.58   10.619   4.4
63.6   10.1642   4.4
63.62   9.73792   4.4
63.64   9.3379   4.4
63.66   8.962   4.4
63.68   8.60834   4.4
63.7   8.27519   4.4
63.72   7.96099   4.4
63.74   7.66435   4.4
63.76   7.38397   4.4
63.78   7.11869   4.4
63.8   6.86744   4.4
63.82   6.62925   4.4
63.84   6.40324   4.4
63.86   6.18858   4.4
63.88   5.98454   4.4
63.9   5.79041   4.4
63.92   5.60558   4.4
63.94   5.42945   4.4
63.96   5.26149   4.4
63.98   5.10121   4.4
64   4.94813   4.4
64.02   4.80184   4.4
64.04   4.66193   4.4
64.06   4.52806   4.4
64.08   4.39986   4.4
64.1   4.27703   4.4
64.12   4.15927   4.4
64.14   0   4.4
64.16   0   4.4
64.18   0   4.4
64.2   0   4.4
64.22   0   4.4
64.24   0   4.4
64.26   0   4.4
64.28   0   4.4
64.3   0   4.4
64.32   0   4.4
64.34   0   4.4
64.36   0   4.4
64.38   0   4.4
64.4   0   4.4
64.42   0   4.4
64.44   0   4.4
64.46   0.0962533   4.4
64.48   0.0989711   4.4
64.5   0.101806   4.4
64.52   0.104764   4.4
64.54   0.107853   4.4
64.56   0.11108   4.4
64.58   0.114454   4.4
64.6   0.117985   4.4
64.62   0.121681   4.4
64.64   0.125554   4.4
64.66   0.129614   4.4
64.68   0.133874   4.4
64.7   0.138348   4.4
64.72   0.14305   4.4
64.74   0.147996   4.4
64.76   0.153202   4.4
64.78   0.158688   4.4
64.8   0.164473   4.4
64.82   0.170581   4.4
64.84   0.177035   4.4
64.86   0.183862   4.4
64.88   0.191091   4.4
64.9   0.198755   4.4
64.92   0.206889   4.4
64.94   0.215532   4.4
64.96   0.224728   4.4
64.98   0.234525   4.4
65   0.244975   4.4
65.02   0.25614   4.4
65.04   0.268084   4.4
65.06   0.280883   4.4
65.08   0.29462   4.4
65.1   0.309388   4.4
65.12   0.325293   4.4
65.14   0.342456   4.4
65.16   0.361011   4.4
65.18   0.381114   4.4
65.2   0.40294   4.4
65.22   0.426694   4.4
65.24   0.452607   4.4
65.26   0.480949   4.4
65.28   0.512034   4.4
65.3   0.546225   4.4
65.32   0.58395   4.4
65.34   0.625711   4.4
65.36   0.672105   4.4
65.38   0.723839   4.4
65.4   0.781764   4.4
65.42   0.846904   4.4
65.44   0.920504   4.4
65.46   1.00409   4.4
65.48   1.09954   4.4
65.5   1.2092   4.4
65.52   1.33611   4.4
65.54   1.48385   4.4
65.56   1.65733   4.4
65.58   1.86284   4.4
65.6   2.1087   4.4
65.62   2.40609   4.4
65.64   2.77028   4.4
65.66   3.22256   4.4
65.68   3.79325   4.4
65.7   4.52671   4.4
65.72   5.49021   4.4
65.74   6.79198   4.4
65.76   8.6233   4.4
65.78   11.356   4.4
65.8   15.728   4.4
65.82   23.0692   4.80304
65.84   35.3264   5.9436
65.86   54.3603   7.37294
65.88   78.8854   8.88174
65.9   96.5866   9.82785
65.92   89.5658   9.46392
65.94   65.8283   8.11347
65.96   43.5502   6.59926
65.98   28.2022   5.31057
66   18.7709   4.4
66.02   13.1829   4.4
66.04   9.78766   4.4
66.06   7.58751   4.4
66.08   6.0635   4.4
66.1   4.95493   4.4
66.12   4.12146   4.4
66.14   3.47937   4.4
66.16   2.97481   4.4
66.18   2.57151   4.4
66.2   2.24431   4.4
66.22   1.97536   4.4
66.24   1.7517   4.4
66.26   1.56378   4.4
66.28   1.4044   4.4
66.3   1.26809   4.4
66.32   1.15063   4.4
66.34   1.04872   4.4
66.36   0.959734   4.4
66.38   0.881589   4.4
66.4   0.812599   4.4
66.42   0.751395   4.4
66.44   0.696853   4.4
66.46   0.648046   4.4
66.48   0.604202   4.4
66.5   0.564676   4.4
66.52   0.528922   4.4
66.54   0.496483   4.4
66.56   0.466966   4.4
66.58   0.440038   4.4
66.6   0.415414   4.4
66.62   0.392847   4.4
66.64   0.372127   4.4
66.66   0.353074   4.4
66.68   0.335532   4.4
66.7   0.319372   4.4
66.72   0.304486   4.4
66.74   0.290791   4.4
66.76   0.278228   4.4
66.78   0.266774   4.4
66.8   0.256453   4.4
66.82   0.247382   4.4
66.84   0.239865   4.4
66.86   0.234567   4.4
66.88   0.232704   4.4
66.9   0.236007   4.4
66.92   0.245913   4.4
66.94   0.260264   4.4
66.96   0.266214   4.4
66.98   0.249913   4.4
67   0.222077   4.4
67.02   0.197347   4.4
67.04   0.179098   4.4
67.06   0.166082   4.4
67.08   0.156464   4.4
67.1   0.148859   4.4
67.12   0.142451   4.4
67.14   0.136813   4.4
67.16   0.131724   4.4
67.18   0.127057   4.4
67.2   0.122732   4.4
67.22   0.118694   4.4
67.24   0.114901   4.4
67.26   0.111324   4.4
67.28   0.107939   4.4
67.3   0.104728   4.4
67.32   0.101673   4.4
67.34   0.0987627   4.4
67.36   0.0959855   4.4
67.38   0.00100082   4.4
67.4   0.000912721   4.4
67.42   0.000835721   4.4
67.44   0.000768036   4.4
67.46   0.000708228   4.4
67.48   0.000655123   4.4
67.5   0.000607758   4.4
67.52   0.000565338   4.4
67.54   0.000527199   4.4
67.56   0.000492784   4.4
67.58   0.000461625   4.4
67.6   0.000433325   4.4
67.62   0.000407546   4.4
67.64   0.000383996   4.4
67.66   0.000362427   4.4
67.68   0.000342622   4.4
67.7   0.000324395   4.4
67.72   0.000307583   4.4
67.74   0.000292043   4.4
67.76   0.000277651   4.4
67.78   0.000264295   4.4
67.8   0.000251879   4.4
67.82   0.000240317   4.4
67.84   0.000229533   4.4
67.86   0.000219457   4.4
67.88   0.00021003   4.4
67.9   0.000201198   4.4
67.92   0.00019291   4.4
67.94   0.000185124   4.4
67.96   0.000177799   4.4
67.98   0.0001709   4.4
68   0.000164395   4.4
68.02   0.000158254   4.4
68.04   0.000152451   4.4
68.06   0.000146961   4.4
68.08   0.000141762   4.4
68.1   0.000136834   4.4
68.12   0.000132158   4.4
68.14   0.000127718   4.4
68.16   0.000123498   4.4
68.18   0.000119483   4.4
68.2   0.000115661   4.4
68.22   0.000112019   4.4
68.24   0.000108547   4.4
68.26   0.000105234   4.4
68.28   0.000102069   4.4
68.3   9.90458e-05   4.4
68.32   9.61545e-05   4.4
68.34   9.33879e-05   4.4
68.36   9.0739e-05   4.4
68.38   8.82012e-05   4.4
68.4   8.57683e-05   4.4
68.42   0   4.4
68.44   0   4.4
68.46   0   4.4
68.48   0   4.4
68.5   0   4.4
68.52   0   4.4
68.54   0   4.4
68.56   0   4.4
68.58   0   4.4
68.6   0   4.4
68.62   0   4.4
68.64   0   4.4
68.66   0   4.4
68.68   0   4.4
68.7   0   4.4
68.72   0   4.4
68.74   0   4.4
68.76   0   4.4
68.78   0   4.4
68.8   0   4.4
68.82   0   4.4
68.84   0   4.4
68.86   0   4.4
68.88   0   4.4
68.9   0   4.4
68.92   0   4.4
68.94   0   4.4
68.96   0   4.4
68.98   0   4.4
69   0   4.4
69.02   0   4.4
69.04   0   4.4
69.06   0   4.4
69.08   0   4.4
69.1   0   4.4
69.12   0   4.4
69.14   0   4.4
69.16   0   4.4
69.18   0   4.4
69.2   0   4.4
69.22   0   4.4
69.24   0   4.4
69.26   0   4.4
69.28   0   4.4
69.3   0   4.4
69.32   0   4.4
69.34   0   4.4
69.36   0   4.4
69.38   0   4.4
69.4   0   4.4
69.42   0   4.4
69.44   0   4.4
69.46   0   4.4
69.48   0   4.4
69.5   0   4.4
69.52   0   4.4
69.54   0   4.4
69.56   0   4.4
69.58   0   4.4
69.6   0   4.4
69.62   0   4.4
69.64   0   4.4
69.66   0   4.4
69.68   0   4.4
69.7   0   4.4
69.72   0   4.4
69.74   0   4.4
69.76   0   4.4
69.78   0   4.4
69.8   0   4.4
69.82   0   4.4
69.84   0   4.4
69.86   0   4.4
69.88   0   4.4
69.9   0   4.4
69.92   0   4.4
69.94   0   4.4
69.96   0   4.4
69.98   0   4.4
70   0   4.4
