1.54056
5   0   4.4
5.02   0   4.4
5.04   0   4.4
5.06   0.0264941   4.4
5.08   0.0272368   4.4
5.1   0.0280112   4.4
5.12   0.0288191   4.4
5.14   0.0296625   4.4
5.16   0.0305434   4.4
5.18   0.0314641   4.4
5.2   0.032427   4.4
5.22   0.0334348   4.4
5.24   0.0344903   4.4
5.26   0.0355966   4.4
5.28   0.0367569   4.4
5.3   0.0379749   4.4
5.32   0.0392544   4.4
5.34   0.0405996   4.4
5.36   0.0420152   4.4
5.38   0.043506   4.4
5.4   0.0450775   4.4
5.42   0.0467357   4.4
5.44   0.0484871   4.4
5.46   0.0503387   4.4
5.48   0.0522983   4.4
5.5   0.0543745   4.4
5.52   0.0565767   4.4
5.54   0.0589154   4.4
5.56   0.061402   4.4
5.58   0.0640493   4.4
5.6   0.0668713   4.4
5.62   0.0698839   4.4
5.64   0.0731045   4.4
5.66   0.0765527   4.4
5.68   0.0802504   4.4
5.7   0.0842223   4.4
5.72   0.0884961   4.4
5.74   0.0931032   4.4
5.76   0.0980792   4.4
5.78   0.103464   4.4
5.8   0.109305   4.4
5.82   0.115653   4.4
5.84   0.12257   4.4
5.86   0.130125   4.4
5.88   0.138399   4.4
5.9   0.147486   4.4
5.92   0.157497   4.4
5.94   0.16856   4.4
5.96   0.180827   4.4
5.98   0.194479   4.4
6   0.209733   4.4
6.02   0.226848   4.4
6.04   0.246138   4.4
6.06   0.267987   4.4
6.08   0.292865   4.4
6.1   0.321358   4.4
6.12   0.354195   4.4
6.14   0.392303   4.4
6.16   0.436864   4.4
6.18   0.489409   4.4
6.2   0.551947   4.4
6.22   0.627156   4.4
6.24   0.718661   4.4
6.26   0.831463   4.4
6.28   0.972605   4.4
6.3   1.15224   4.4
6.32   1.38547   4.4
6.34   1.69575   4.4
6.36   2.12245   4.4
6.38   2.73877   4.4
6.4   3.69045   4.4
6.42   5.25746   4.4
6.44   7.9021   4.4
6.46   12.2033   4.4
6.48   18.4371   4.4
6.5   25.0493   5.00492
6.52   26.9462   5.19097
6.54   21.9625   4.68642
6.56   15.1208   4.4
6.58   9.82454   4.4
6.6   6.41725   4.4
6.62   4.37716   4.4
6.64   3.16195   4.4
6.66   2.40196   4.4
6.68   1.89235   4.4
6.7   1.52995   4.4
6.72   1.26164   4.4
6.74   1.05735   4.4
6.76   0.898366   4.4
6.78   0.772354   4.4
6.8   0.67087   4.4
6.82   0.587992   4.4
6.84   0.519466   4.4
6.86   0.462182   4.4
6.88   0.413824   4.4
6.9   0.372637   4.4
6.92   0.337279   4.4
6.94   0.306703   4.4
6.96   0.280088   4.4
6.98   0.256781   4.4
7   0.236256   4.4
7.02   0.218091   4.4
7.04   0.201936   4.4
7.06   0.187508   4.4
7.08   0.174569   4.4
7.1   0.162921   4.4
7.12   0.152399   4.4
7.14   0.142862   4.4
7.16   0.134191   4.4
7.18   0.126285   4.4
7.2   0.119057   4.4
7.22   0.112431   4.4
7.24   0.106342   4.4
7.26   0.100734   4.4
7.28   0.0955576   4.4
7.3   0.0907697   4.4
7.32   0.0863323   4.4
7.34   0.0822123   4.4
7.36   0.0783799   4.4
7.38   0.0748091   4.4
7.4   0.0714766   4.4
7.42   0.0683618   4.4
7.44   0.065446   4.4
7.46   0.0627126   4.4
7.48   0.0601469   4.4
7.5   0.0577353   4.4
7.52   0.0554658   4.4
7.54   0.0533274   4.4
7.56   0.0513103   4.4
7.58   0.0494054   4.4
7.6   0.0476046   4.4
7.62   0.0459004   4.4
7.64   0.044286   4.4
7.66   0.0427553   4.4
7.68   0.0413025   4.4
7.7   0.0399225   4.4
7.72   0.0386105   4.4
7.74   0.0373621   4.4
7.76   0.0361733   4.4
7.78   0.0350402   4.4
7.8   0.0339596   4.4
7.82   0.0329281   4.4
7.84   0.031943   4.4
7.86   0.0310013   4.4
7.88   0.0301007   4.4
7.9   0.0292388   4.4
7.92   0.0284133   4.4
7.94   0.0276223   4.4
7.96   0.0268638   4.4
7.98   0   4.4
8   0   4.4
8.02   0   4.4
8.04   0   4.4
8.06   0   4.4
8.08   0   4.4
8.1   0   4.4
8.12   0   4.4
8.14   0   4.4
8.16   0   4.4
8.18   0   4.4
8.2   0   4.4
8.22   0   4.4
8.24   0   4.4
8.26   0   4.4
8.28   0   4.4
8.3   0   4.4
8.32   0   4.4
8.34   0   4.4
8.36   0   4.4
8.38   0   4.4
8.4   0   4.4
8.42   0   4.4
8.44   0   4.4
8.46   0   4.4
8.48   0   4.4
8.5   0   4.4
8.52   0   4.4
8.54   0   4.4
8.56   0   4.4
8.58   0   4.4
8.6   0   4.4
8.62   0   4.4
8.64   0   4.4
8.66   0   4.4
8.68   0   4.4
8.7   0   4.4
8.72   0   4.4
8.74   0   4.4
8.76   0   4.4
8.78   0   4.4
8.8   0   4.4
8.82   0   4.4
8.84   0   4.4
8.86   0   4.4
8.88   0   4.4
8.9   0   4.4
8.92   0   4.4
8.94   0   4.4
8.96   0   4.4
8.98   0   4.4
9   0   4.4
9.02   0   4.4
9.04   0   4.4
9.06   0   4.4
9.08   0   4.4
9.1   0   4.4
9.12   0   4.4
9.14   0   4.4
9.16   0   4.4
9.18   0   4.4
9.2   0   4.4
9.22   0   4.4
9.24   0   4.4
9.26   0   4.4
9.28   0   4.4
9.3   0   4.4
9.32   0   4.4
9.34   0   4.4
9.36   0   4.4
9.38   0   4.4
9.4   0   4.4
9.42   0   4.4
9.44   0   4.4
9.46   0   4.4
9.48   0   4.4
9.5   0   4.4
9.52   0   4.4
9.54   0   4.4
9.56   0   4.4
9.58   0   4.4
9.6   0   4.4
9.62   0   4.4
9.64   0   4.4
9.66   0   4.4
9.68   0   4.4
9.7   0   4.4
9.72   0   4.4
9.74   0   4.4
9.76   0   4.4
9.78   0   4.4
9.8   0   4.4
9.82   0   4.4
9.84   0   4.4
9.86   0   4.4
9.88   0   4.4
9.9   0   4.4
9.92   0   4.4
9.94   0   4.4
9.96   0   4.4
9.98   0   4.4
10   0   4.4
10.02   0   4.4
10.04   0   4.4
10.06   0   4.4
10.08   0   4.4
10.1   0   4.4
10.12   0   4.4
10.14   0   4.4
10.16   0   4.4
10.18   0   4.4
10.2   0   4.4
10.22   0   4.4
10.24   0   4.4
10.26   0   4.4
10.28   0   4.4
10.3   0   4.4
10.32   0   4.4
10.34   0   4.4
10.36   0   4.4
10.38   0   4.4
10.4   0   4.4
10.42   0   4.4
10.44   0   4.4
10.46   0   4.4
10.48   0   4.4
10.5   0   4.4
10.52   0   4.4
10.54   0   4.4
10.56   0   4.4
10.58   0   4.4
10.6   0   4.4
10.62   0   4.4
10.64   0   4.4
10.66   0   4.4
10.68   0   4.4
10.7   0   4.4
10.72   0   4.4
10.74   0   4.4
10.76   0   4.4
10.78   0   4.4
10.8   0   4.4
10.82   0   4.4
10.84   0   4.4
10.86   0   4.4
10.88   0   4.4
10.9   0   4.4
10.92   0   4.4
10.94   0   4.4
10.96   0   4.4
10.98   0   4.4
11   0   4.4
11.02   0   4.4
11.04   0   4.4
11.06   0   4.4
11.08   0   4.4
11.1   0   4.4
11.12   0   4.4
11.14   0   4.4
11.16   0   4.4
11.18   0   4.4
11.2   0   4.4
11.22   0   4.4
11.24   0   4.4
11.26   0   4.4
11.28   0   4.4
11.3   0   4.4
11.32   0   4.4
11.34   0   4.4
11.36   0   4.4
11.38   0   4.4
11.4   0   4.4
11.42   0   4.4
11.44   0   4.4
11.46   0   4.4
11.48   0   4.4
11.5   0   4.4
11.52   0   4.4
11.54   0   4.4
11.56   0   4.4
11.58   0.456911   4.4
11.6   0.469577   4.4
11.62   0.482776   4.4
11.64   0.496539   4.4
11.66   0.5109   4.4
11.68   0.525892   4.4
11.7   0.541553   4.4
11.72   0.557924   4.4
11.74   0.575049   4.4
11.76   0.592974   4.4
11.78   0.61175   4.4
11.8   0.631431   4.4
11.82   0.652078   4.4
11.84   0.673753   4.4
11.86   0.696526   4.4
11.88   0.720473   4.4
11.9   0.745676   4.4
11.92   0.772224   4.4
11.94   0.800214   4.4
11.96   0.829753   4.4
11.98   0.860958   4.4
12   0.893954   4.4
12.02   0.928883   4.4
12.04   0.965899   4.4
12.06   1.00517   4.4
12.08   1.04688   4.4
12.1   1.09124   4.4
12.12   1.13848   4.4
12.14   1.18886   4.4
12.16   1.24264   4.4
12.18   1.30016   4.4
12.2   1.36176   4.4
12.22   1.42784   4.4
12.24   1.49884   4.4
12.26   1.57526   4.4
12.28   1.65768   4.4
12.3   1.74672   4.4
12.32   1.84313   4.4
12.34   1.94772   4.4
12.36   2.06147   4.4
12.38   2.18546   4.4
12.4   2.32095   4.4
12.42   2.46942   4.4
12.44   2.63258   4.4
12.46   2.81241   4.4
12.48   3.01127   4.4
12.5   3.23192   4.4
12.52   3.47768   4.4
12.54   3.75247   4.4
12.56   4.06105   4.4
12.58   4.40915   4.4
12.6   4.80382   4.4
12.62   5.25369   4.4
12.64   5.7695   4.4
12.66   6.36472   4.4
12.68   7.05643   4.4
12.7   7.8665   4.4
12.72   8.82332   4.4
12.74   9.96427   4.4
12.76   11.3393   4.4
12.78   13.0162   4.4
12.8   15.0889   4.4
12.82   17.6902   4.4
12.84   21.0128   4.58397
12.86   25.3447   5.03435
12.88   31.139   5.58023
12.9   39.1703   6.25862
12.92   50.9052   7.13478
12.94   69.2703   8.32288
12.96   99.776   9.98879
12.98   151.156   12.2946
13   233.502   15.2808
13.02   348.563   18.6698
13.04   457.629   21.3923
13.06   465.996   21.5869
13.08   363.973   19.0781
13.1   246.184   15.6903
13.12   159.494   12.6291
13.14   104.8   10.2372
13.16   72.2438   8.49964
13.18   52.7381   7.2621
13.2   40.3818   6.35467
13.22   31.9916   5.65611
13.24   25.9715   5.09622
13.26   21.4875   4.63546
13.28   18.058   4.4
13.3   15.3792   4.4
13.32   13.2492   4.4
13.34   11.529   4.4
13.36   10.1207   4.4
13.38   8.95382   4.4
13.4   7.97642   4.4
13.42   7.14987   4.4
13.44   6.4448   4.4
13.46   5.83863   4.4
13.48   5.31377   4.4
13.5   4.85636   4.4
13.52   4.45537   4.4
13.54   4.1019   4.4
13.56   3.78876   4.4
13.58   3.51006   4.4
13.6   3.26094   4.4
13.62   3.03736   4.4
13.64   2.83596   4.4
13.66   2.85614   4.4
13.68   2.69677   4.4
13.7   2.55256   4.4
13.72   2.42179   4.4
13.74   2.30297   4.4
13.76   2.19484   4.4
13.78   2.09629   4.4
13.8   2.00638   4.4
13.82   1.92428   4.4
13.84   1.84927   4.4
13.86   1.78073   4.4
13.88   1.7181   4.4
13.9   1.6609   4.4
13.92   1.60872   4.4
13.94   1.56119   4.4
13.96   1.51799   4.4
13.98   1.47883   4.4
14   1.44348   4.4
14.02   1.41173   4.4
14.04   1.38339   4.4
14.06   1.35831   4.4
14.08   1.33637   4.4
14.1   1.31746   4.4
14.12   1.30151   4.4
14.14   1.28846   4.4
14.16   1.27827   4.4
14.18   1.27093   4.4
14.2   1.26644   4.4
14.22   1.26485   4.4
14.24   1.26619   4.4
14.26   1.27055   4.4
14.28   1.27804   4.4
14.3   1.28877   4.4
14.32   1.30293   4.4
14.34   1.32071   4.4
14.36   1.34235   4.4
14.38   1.36814   4.4
14.4   1.3984   4.4
14.42   1.43355   4.4
14.44   1.47405   4.4
14.46   1.52045   4.4
14.48   1.57339   4.4
14.5   1.63366   4.4
14.52   2.39575   4.4
14.54   2.04695   4.4
14.56   2.16755   4.4
14.58   2.30073   4.4
14.6   2.44841   4.4
14.62   2.61293   4.4
14.64   2.79711   4.4
14.66   3.00444   4.4
14.68   3.23918   4.4
14.7   3.50669   4.4
14.72   5.19422   4.4
14.74   5.58801   4.4
14.76   6.04258   4.4
14.78   6.57251   4.4
14.8   7.19709   4.4
14.82   7.94234   4.4
14.84   8.84396   4.4
14.86   9.952   4.4
14.88   11.3382   4.4
14.9   13.1087   4.4
14.92   15.4266   4.4
14.94   18.8848   4.4
14.96   23.3404   4.83119
14.98   30.0856   5.48504
15   41.0239   6.40499
15.02   59.394   7.70675
15.04   89.4806   9.45942
15.06   134.12   11.581
15.08   185.049   13.6033
15.1   207.393   14.4011
15.12   176.48   13.2846
15.14   125.348   11.1959
15.16   83.8313   9.15594
15.18   56.7249   7.53159
15.2   41.1319   6.41341
15.22   31.6444   5.62533
15.24   25.9039   5.08959
15.26   22.226   4.71445
15.28   19.7577   4.44496
15.3   18.0657   4.4
15.32   16.9102   4.4
15.34   16.1456   4.4
15.36   15.6782   4.4
15.38   15.4462   4.4
15.4   15.4087   4.4
15.42   15.5388   4.4
15.44   15.8197   4.4
15.46   16.2424   4.4
15.48   16.804   4.4
15.5   17.5068   4.4
15.52   18.3579   4.4
15.54   19.3698   4.40111
15.56   20.5602   4.53434
15.58   21.9535   4.68546
15.6   23.5819   4.85612
15.62   25.4875   5.04852
15.64   27.7259   5.26554
15.66   30.3703   5.51093
15.68   33.5184   5.78951
15.7   37.3028   6.1076
15.72   41.9065   6.47352
15.74   47.5876   6.89837
15.76   54.7202   7.39731
15.78   63.8683   7.99177
15.8   75.9389   8.7143
15.82   92.5408   9.61981
15.84   116.796   10.8072
15.86   154.79   12.4415
15.88   217.113   14.7347
15.9   318.443   17.845
15.92   470.716   21.696
15.94   655.24   25.5976
15.96   765.482   27.6673
15.98   694.301   26.3496
16   535.554   23.142
16.02   407.687   20.1913
16.04   340.033   18.44
16.06   329.96   18.1648
16.08   377.665   19.4336
16.1   496.62   22.285
16.12   710.642   26.6579
16.14   1029.59   32.0873
16.16   1365.78   36.9564
16.18   1449.77   38.0759
16.2   1182.02   34.3805
16.22   828.598   28.7854
16.24   560.651   23.6781
16.26   394.499   19.862
16.28   305.286   17.4724
16.3   269.841   16.4268
16.32   275.958   16.612
16.34   318.502   17.8466
16.36   382.764   19.5644
16.38   415.313   20.3792
16.4   365.918   19.129
16.42   278.493   16.6881
16.44   205.845   14.3473
16.46   159.032   12.6108
16.48   133.291   11.5452
16.5   122.47   11.0666
16.52   123.004   11.0907
16.54   135.098   11.6232
16.56   163.269   12.7777
16.58   217.667   14.7535
16.6   311.303   17.6438
16.62   461.142   21.4742
16.64   618.063   24.8609
16.66   675.346   25.9874
16.68   565.764   23.7858
16.7   401.204   20.0301
16.72   270.324   16.4415
16.74   185.04   13.6029
16.76   138.784   11.7807
16.78   108.11   10.3976
16.8   88.9472   9.43118
16.82   76.145   8.72611
16.84   67.095   8.19115
16.86   60.4588   7.77552
16.88   55.4827   7.44867
16.9   51.7   7.19027
16.92   48.803   6.98592
16.94   46.5818   6.82509
16.96   44.8891   6.69993
16.98   43.6195   6.6045
17   42.6965   6.53426
17.02   42.0637   6.48565
17.04   41.6791   6.45594
17.06   41.5115   6.44294
17.08   41.5374   6.44495
17.1   41.7395   6.46061
17.12   42.1053   6.48886
17.14   42.6262   6.52887
17.16   43.2965   6.58001
17.18   44.1134   6.64179
17.2   45.0763   6.71389
17.22   46.1869   6.7961
17.24   47.4488   6.88831
17.26   48.8674   6.99053
17.28   50.4503   7.10284
17.3   52.2069   7.22544
17.32   54.1489   7.35859
17.34   56.29   7.50266
17.36   58.6467   7.65811
17.38   61.2384   7.8255
17.4   64.0875   8.00547
17.42   66.5437   8.15743
17.44   70.0331   8.36858
17.46   73.8484   8.59351
17.48   78.0549   8.83487
17.5   82.7015   9.09404
17.52   87.8456   9.3726
17.54   93.5552   9.67239
17.56   99.9107   9.99553
17.58   107.008   10.3445
17.6   114.963   10.7221
17.62   123.913   11.1316
17.64   132.67   11.5182
17.66   144.194   12.0081
17.68   157.344   12.5437
17.7   172.441   13.1317
17.72   189.916   13.781
17.74   210.221   14.499
17.76   234.047   15.2986
17.78   262.258   16.1944
17.8   296   17.2047
17.82   336.824   18.3528
17.84   386.544   19.6607
17.86   448.792   21.1847
17.88   527.559   22.9686
17.9   629.263   25.0851
17.92   763.964   27.6399
17.94   948.811   30.8028
17.96   1216.16   34.8734
17.98   1629.98   40.373
18   2308.9   48.051
18.02   3437.02   58.6261
18.04   5220.31   72.2517
18.06   7663.44   87.5411
18.08   9886.01   99.4284
18.1   10000   100
18.12   8136.26   90.2012
18.14   6300.71   79.377
18.16   5436.15   73.7303
18.18   5587.98   74.7528
18.2   6292.46   79.325
18.22   6401   80.0063
18.24   5251.82   72.4694
18.26   3726.37   61.044
18.28   2528.93   50.2885
18.3   1740.11   41.7147
18.32   1251.76   35.3802
18.34   948.707   30.8011
18.36   750.95   27.4035
18.38   613.103   24.7609
18.4   511.689   22.6205
18.42   434.285   20.8395
18.44   373.673   19.3306
18.46   325.259   18.0349
18.48   285.944   16.9099
18.5   253.565   15.9237
18.52   226.571   15.0523
18.54   203.827   14.2768
18.56   184.485   13.5825
18.58   167.903   12.9577
18.6   153.586   12.393
18.62   141.15   11.8807
18.64   130.294   11.4146
18.66   120.778   10.9899
18.68   112.415   10.6026
18.7   105.058   10.2498
18.72   98.5944   9.92947
18.74   92.9519   9.64116
18.76   88.1044   9.38639
18.78   84.1043   9.17084
18.8   81.1352   9.00751
18.82   79.5553   8.91938
18.84   79.8447   8.93559
18.86   82.2523   9.0693
18.88   85.4828   9.24569
18.9   85.0136   9.22028
18.92   78.5059   8.86036
18.94   70.3463   8.38727
18.96   63.7942   7.98713
18.98   59.2494   7.69736
19   56.2688   7.50125
19.02   54.3892   7.3749
19.04   53.3315   7.30284
19.06   53.0307   7.28222
19.08   53.6406   7.32397
19.1   55.5644   7.45415
19.12   59.45   7.71039
19.14   65.9743   8.12246
19.16   74.9077   8.65492
19.18   82.5251   9.08433
19.2   82.6086   9.08893
19.22   77.2194   8.78746
19.24   72.9149   8.53902
19.26   72.1522   8.49424
19.28   75.0999   8.66602
19.3   81.7174   9.03977
19.32   92.505   9.61795
19.34   109.037   10.4421
19.36   134.908   11.615
19.38   177.483   13.3223
19.4   249.891   15.8079
19.42   370.744   19.2547
19.44   556.118   23.5822
19.46   786.148   28.0383
19.48   930.134   30.4981
19.5   837.004   28.931
19.52   612.644   24.7516
19.54   416.271   20.4027
19.56   288.168   16.9755
19.58   208.566   14.4418
19.6   176.582   13.2884
19.62   162.265   12.7383
19.64   142.966   11.9569
19.66   113.739   10.6649
19.68   81.1648   9.00915
19.7   61.0463   7.81322
19.72   47.3131   6.87845
19.74   38.0557   6.16893
19.76   31.5562   5.61749
19.78   26.7733   5.17429
19.8   23.09   4.8052
19.82   20.1608   4.49007
19.84   17.7795   4.4
19.86   15.8117   4.4
19.88   14.1639   4.4
19.9   12.7684   4.4
19.92   11.575   4.4
19.94   10.5456   4.4
19.96   9.65115   4.4
19.98   8.86857   4.4
20   8.17974   4.4
20.02   7.57013   4.4
20.04   7.02793   4.4
20.06   6.54351   4.4
20.08   6.10891   4.4
20.1   5.76251   4.4
20.12   5.41006   4.4
20.14   5.09069   4.4
20.16   4.80045   4.4
20.18   4.53598   4.4
20.2   4.2944   4.4
20.22   4.07323   4.4
20.24   3.87034   4.4
20.26   3.68387   4.4
20.28   3.51221   4.4
20.3   3.35397   4.4
20.32   3.20789   4.4
20.34   3.07292   4.4
20.36   2.92441   4.4
20.38   2.80955   4.4
20.4   2.70326   4.4
20.42   2.60489   4.4
20.44   2.5139   4.4
20.46   2.42978   4.4
20.48   2.35212   4.4
20.5   2.28055   4.4
20.52   2.21475   4.4
20.54   2.15448   4.4
20.56   2.09953   4.4
20.58   2.04973   4.4
20.6   2.00499   4.4
20.62   3.08304   4.4
20.64   3.07994   4.4
20.66   3.11119   4.4
20.68   3.12365   4.4
20.7   3.14308   4.4
20.72   3.16988   4.4
20.74   3.20457   4.4
20.76   3.24782   4.4
20.78   3.30046   4.4
20.8   3.36358   4.4
20.82   3.43852   4.4
20.84   3.52704   4.4
20.86   3.63139   4.4
20.88   3.75451   4.4
20.9   3.90028   4.4
20.92   4.07393   4.4
20.94   3.40131   4.4
20.96   3.67874   4.4
20.98   4.01464   4.4
21   4.43026   4.4
21.02   4.95843   4.4
21.04   5.65406   4.4
21.06   6.61888   4.4
21.08   8.05489   4.4
21.1   10.3488   4.4
21.12   14.0704   4.4
21.14   20.1432   4.48811
21.16   28.8575   5.37192
21.18   38.0189   6.16595
21.2   40.6357   6.37461
21.22   33.9636   5.82783
21.24   24.9206   4.99206
21.26   18.0497   4.4
21.28   13.7816   4.4
21.3   11.4076   4.4
21.32   10.2032   4.4
21.34   9.75116   4.4
21.36   9.66742   4.4
21.38   9.90991   4.4
21.4   10.4575   4.4
21.42   11.3551   4.4
21.44   12.7389   4.4
21.46   14.9111   4.4
21.48   18.4474   4.4
21.5   24.2399   4.9234
21.52   33.2545   5.76667
21.54   45.3841   6.73677
21.56   55.9721   7.48145
21.58   55.7625   7.46743
21.6   45.8743   6.77306
21.62   35.6014   5.96669
21.64   28.6985   5.3571
21.66   25.0035   5.00035
21.68   23.5609   4.85396
21.7   23.5632   4.8542
21.72   24.5323   4.95301
21.74   26.261   5.12454
21.76   28.7093   5.3581
21.78   31.9406   5.6516
21.8   36.101   6.00841
21.82   41.428   6.43646
21.84   48.2827   6.94858
21.86   57.2097   7.56371
21.88   69.0505   8.30966
21.9   85.1817   9.2294
21.92   108.078   10.396
21.94   142.589   11.9411
21.96   198.264   14.0806
21.98   291.879   17.0845
22   447.007   21.1425
22.02   683.596   26.1457
22.04   974.663   31.2196
22.06   1153.37   33.9613
22.08   1039.96   32.2484
22.1   778.088   27.8942
22.12   536.73   23.1674
22.14   360.735   18.993
22.16   245.193   15.6586
22.18   174.006   13.1911
22.2   130.097   11.406
22.22   101.831   10.0911
22.24   82.6207   9.08959
22.26   68.9251   8.30212
22.28   58.8004   7.66814
22.3   51.1175   7.14965
22.32   45.175   6.72124
22.34   40.5122   6.36492
22.36   36.814   6.06746
22.38   33.8589   5.81884
22.4   31.4919   5.61176
22.42   31.3188   5.59632
22.44   29.8483   5.46336
22.46   28.7   5.35723
22.48   27.8273   5.27516
22.5   27.1971   5.21508
22.52   26.8342   5.18017
22.54   26.6314   5.16056
22.56   26.6312   5.16054
22.58   26.8401   5.18074
22.6   27.2773   5.22276
22.62   27.9803   5.28964
22.64   29.0166   5.38671
22.66   30.4756   5.52047
22.68   32.6768   5.71636
22.7   36.0801   6.00667
22.72   41.5922   6.4492
22.74   50.5678   7.1111
22.76   64.3708   8.02314
22.78   82.4087   9.07792
22.8   96.7038   9.83381
22.82   94.1124   9.70115
22.84   78.7895   8.87635
22.86   63.9832   7.99895
22.88   54.1694   7.35998
22.9   48.7967   6.98546
22.92   46.4149   6.81285
22.94   45.8415   6.77064
22.96   46.3611   6.8089
22.98   47.6133   6.90024
23   49.4351   7.03101
23.02   51.7591   7.19438
23.04   54.5673   7.38697
23.06   57.8286   7.60451
23.08   61.6676   7.85287
23.1   66.097   8.13
23.12   71.1965   8.4378
23.14   77.0709   8.779
23.16   83.8551   9.15724
23.18   91.7218   9.57715
23.2   100.892   10.0445
23.22   111.653   10.5666
23.24   124.376   11.1524
23.26   139.553   11.8133
23.28   157.845   12.5636
23.3   180.146   13.4219
23.32   207.703   14.4119
23.34   242.278   15.5653
23.36   286.437   16.9244
23.38   344.032   18.5481
23.4   421.179   20.5226
23.42   528.471   22.9885
23.44   686.199   26.1954
23.46   934.8   30.5745
23.48   1349.01   36.7289
23.5   2043.34   45.2033
23.52   3139.61   56.0322
23.54   4623   67.9926
23.56   5888.97   76.7396
23.58   5756.5   75.8716
23.6   4385.74   66.2249
23.62   2959.77   54.4037
23.64   1948.2   44.1384
23.66   1325.33   36.4051
23.68   965.837   31.0779
23.7   763.281   27.6275
23.72   653.391   25.5615
23.74   607.796   24.6535
23.76   623.647   24.9729
23.78   717.864   26.793
23.8   921.196   30.3512
23.82   1258.24   35.4717
23.84   1674.12   40.916
23.86   1893.2   43.5109
23.88   1657.32   40.7102
23.9   1210.08   34.7861
23.92   834.988   28.8962
23.94   588.746   24.2641
23.96   436.777   20.8992
23.98   334.64   18.2932
24   261.278   16.1641
24.02   209.071   14.4593
24.04   171.782   13.1066
24.06   144.577   12.024
24.08   124.134   11.1415
24.1   108.268   10.4052
24.12   95.5957   9.77731
24.14   85.241   9.23261
24.16   76.6312   8.75393
24.18   69.3713   8.32894
24.2   63.1773   7.94842
24.22   57.8391   7.6052
24.24   53.1975   7.29366
24.26   49.1302   7.00929
24.28   45.4759   6.74358
24.3   42.2915   6.50319
24.32   39.4488   6.28083
24.34   36.8984   6.0744
24.36   34.5997   5.88215
24.38   32.5194   5.70258
24.4   30.6295   5.5344
24.42   28.9066   5.37649
24.44   27.3308   5.22789
24.46   25.8853   5.08776
24.48   24.5555   4.95536
24.5   23.3292   4.83003
24.52   22.1953   4.71119
24.54   21.1447   4.59834
24.56   20.1692   4.49101
24.58   19.2614   4.4
24.6   18.4183   4.4
24.62   17.6282   4.4
24.64   16.889   4.4
24.66   16.1965   4.4
24.68   15.5467   4.4
24.7   14.9361   4.4
24.72   14.3615   4.4
24.74   13.8201   4.4
24.76   13.3093   4.4
24.78   12.8269   4.4
24.8   12.3707   4.4
24.82   12.3766   4.4
24.84   11.9796   4.4
24.86   11.6041   4.4
24.88   11.2489   4.4
24.9   10.9125   4.4
24.92   10.5937   4.4
24.94   10.2917   4.4
24.96   10.0052   4.4
24.98   9.73357   4.4
25   9.47586   4.4
25.02   9.23135   4.4
25.04   8.99936   4.4
25.06   3.21357   4.4
25.08   3.15096   4.4
25.1   3.09348   4.4
25.12   3.04097   4.4
25.14   2.99326   4.4
25.16   2.95024   4.4
25.18   2.9118   4.4
25.2   2.87787   4.4
25.22   2.8484   4.4
25.24   2.82335   4.4
25.26   2.80273   4.4
25.28   2.78654   4.4
25.3   2.77098   4.4
25.32   1.07964   4.4
25.34   1.12245   4.4
25.36   1.16828   4.4
25.38   1.21737   4.4
25.4   1.27002   4.4
25.42   1.28002   4.4
25.44   1.34207   4.4
25.46   1.40875   4.4
25.48   1.48053   4.4
25.5   1.55794   4.4
25.52   1.64158   4.4
25.54   1.73216   4.4
25.56   1.83044   4.4
25.58   1.93735   4.4
25.6   2.05391   4.4
25.62   2.18134   4.4
25.64   2.32102   4.4
25.66   2.4746   4.4
25.68   3.04146   4.4
25.7   3.24018   4.4
25.72   3.46013   4.4
25.74   3.70454   4.4
25.76   3.9773   4.4
25.78   4.28312   4.4
25.8   4.62777   4.4
25.82   5.01839   4.4
25.84   5.46392   4.4
25.86   5.97571   4.4
25.88   6.56849   4.4
25.9   7.26194   4.4
25.92   8.08381   4.4
25.94   11.4184   4.4
25.96   12.7103   4.4
25.98   14.3366   4.4
26   16.4235   4.4
26.02   19.0873   4.4
26.04   22.2736   4.71949
26.06   25.5676   5.05645
26.08   28.9412   5.3797
26.1   33.3464   5.77463
26.12   39.827   6.31087
26.14   49.6116   7.04355
26.16   64.9934   8.06185
26.18   90.4448   9.51025
26.2   133.464   11.5527
26.22   203.596   14.2687
26.24   305.839   17.4883
26.26   416.274   20.4028
26.28   452.02   21.2608
26.3   372.651   19.3042
26.32   259.399   16.1059
26.34   170.859   13.0713
26.36   115.103   10.7286
26.38   81.0196   9.00109
26.4   60.8712   7.802
26.42   48.4369   6.95966
26.44   40.2514   6.3444
26.46   34.5682   5.87947
26.48   30.4919   5.52194
26.5   27.5184   5.2458
26.52   25.3367   5.03356
26.54   23.7434   4.87272
26.56   22.6012   4.75407
26.58   21.8157   4.67073
26.6   21.3213   4.6175
26.62   21.0725   4.59048
26.64   21.0382   4.58674
26.66   21.1982   4.60415
26.68   21.5408   4.64121
26.7   22.0615   4.69696
26.72   22.7622   4.77097
26.74   23.6512   4.86325
26.76   24.7562   4.97556
26.78   26.075   5.10637
26.8   27.6517   5.25849
26.82   29.5304   5.43419
26.84   31.7709   5.63657
26.86   34.4553   5.86987
26.88   37.6974   6.13982
26.9   41.6579   6.4543
26.92   46.5703   6.82424
26.94   52.7874   7.2655
26.96   60.8822   7.8027
26.98   71.8838   8.47843
27   87.7997   9.37015
27.02   112.492   10.6062
27.04   152.475   12.3481
27.06   216.297   14.707
27.08   309.487   17.5922
27.1   415.115   20.3744
27.12   464.626   21.5552
27.14   410.842   20.2692
27.16   321.367   17.9267
27.18   254.278   15.9461
27.2   219.513   14.816
27.22   211.321   14.5369
27.24   224.475   14.9825
27.26   257.201   16.0375
27.28   315.029   17.7491
27.3   413.373   20.3316
27.32   582.708   24.1393
27.34   869.909   29.4942
27.36   1323.92   36.3857
27.38   1930.6   43.9386
27.4   2425.03   49.2446
27.42   2332.21   48.2929
27.44   1759.51   41.9465
27.46   1183.78   34.406
27.48   778.607   27.9035
27.5   528.512   22.9894
27.52   381.726   19.5378
27.54   294.979   17.1749
27.56   241.509   15.5406
27.58   207.386   14.4009
27.6   185.88   13.6338
27.62   173.769   13.1822
27.64   169.664   13.0255
27.66   173.458   13.1704
27.68   186.453   13.6548
27.7   212.826   14.5886
27.72   259.512   16.1094
27.74   342.362   18.503
27.76   487.534   22.0802
27.78   724.033   26.9079
27.8   1057.41   32.5179
27.82   1375.92   37.0934
27.84   1402.02   37.4436
27.86   1102.61   33.2056
27.88   754.777   27.4732
27.9   497.954   22.3149
27.92   335.448   18.3152
27.94   238.39   15.4399
27.96   180.031   13.4176
27.98   142.954   11.9564
28   117.752   10.8514
28.02   99.7112   9.98555
28.04   86.3808   9.29413
28.06   76.3667   8.7388
28.08   68.83   8.29639
28.1   63.2897   7.95548
28.12   59.535   7.71589
28.14   57.5523   7.58632
28.16   57.3555   7.57334
28.18   58.4391   7.64455
28.2   58.7269   7.66335
28.22   56.2648   7.50099
28.24   52.7868   7.26545
28.26   51.1328   7.15072
28.28   50.2936   7.0918
28.3   50.8842   7.13332
28.32   52.7643   7.2639
28.34   55.9288   7.47856
28.36   60.5518   7.7815
28.38   67.0111   8.18603
28.4   75.9617   8.7156
28.42   88.5383   9.40948
28.44   106.863   10.3375
28.46   135.13   11.6245
28.48   181.271   13.4637
28.5   258.139   16.0667
28.52   381.515   19.5324
28.54   557.791   23.6176
28.56   741.341   27.2276
28.58   799.152   28.2693
28.6   701.984   26.495
28.62   592.061   24.3323
28.64   543.462   23.3123
28.66   528.396   22.9869
28.68   493.31   22.2106
28.7   410.872   20.27
28.72   307.847   17.5456
28.74   225.552   15.0184
28.76   173.254   13.1626
28.78   145.579   12.0656
28.8   136.594   11.6873
28.82   143.026   11.9594
28.84   162.56   12.7499
28.86   188.658   13.7353
28.88   213.944   14.6268
28.9   249.754   15.8036
28.92   281.225   16.7698
28.94   268.983   16.4007
28.96   218.87   14.7943
28.98   171.661   13.102
29   143.829   11.9929
29.02   136.374   11.6779
29.04   148.231   12.175
29.06   184.162   13.5706
29.08   253.394   15.9184
29.1   364.989   19.1047
29.12   507.008   22.5168
29.14   598.856   24.4715
29.16   541.806   23.2767
29.18   397.768   19.9441
29.2   268.763   16.394
29.22   181.193   13.4608
29.24   127.673   11.2993
29.26   95.9974   9.79783
29.28   76.7767   8.76223
29.3   64.4431   8.02765
29.32   54.9514   7.41292
29.34   49.2735   7.01951
29.36   45.4314   6.74028
29.38   42.9948   6.55704
29.4   41.7187   6.45901
29.42   41.4821   6.44066
29.44   42.2611   6.50086
29.46   44.1785   6.64669
29.48   47.2981   6.87736
29.5   51.9805   7.20975
29.52   58.7394   7.66416
29.54   68.4468   8.27326
29.56   82.6995   9.09393
29.58   104.658   10.2303
29.6   140.581   11.8567
29.62   201.52   14.1958
29.64   303.062   17.4087
29.66   458.487   21.4123
29.68   650.472   25.5044
29.7   768.413   27.7203
29.72   687.383   26.218
29.74   497.829   22.3121
29.76   331.15   18.1975
29.78   219.061   14.8007
29.8   151.173   12.2953
29.82   111.555   10.562
29.84   88.2662   9.39501
29.86   74.5868   8.63636
29.88   67.5928   8.22148
29.9   66.4313   8.15054
29.92   70.7595   8.41187
29.94   78.0515   8.83468
29.96   79.7678   8.93128
29.98   69.8212   8.35591
30   55.7393   7.46588
30.02   44.4139   6.66438
30.04   36.8988   6.07444
30.06   31.6558   5.62635
30.08   29.013   5.38637
30.1   27.5809   5.25176
30.12   26.8136   5.17818
30.14   26.8444   5.18116
30.16   27.2345   5.21867
30.18   28.4428   5.33318
30.2   30.3103   5.50548
30.22   32.9657   5.74157
30.24   36.6172   6.05121
30.26   41.5891   6.44896
30.28   48.3932   6.95652
30.3   57.8829   7.60808
30.32   71.5633   8.45951
30.34   92.6317   9.62453
30.36   127.067   11.2724
30.38   185.266   13.6112
30.4   281.296   16.7719
30.42   425.234   20.6212
30.44   594.465   24.3816
30.46   680.568   26.0877
30.48   591.633   24.3235
30.5   423.01   20.5672
30.52   281.257   16.7707
30.54   186.926   13.6721
30.56   130.43   11.4206
30.58   97.9492   9.89693
30.6   79.437   8.91275
30.62   68.6174   8.28356
30.64   63.4209   7.96373
30.66   61.1409   7.81926
30.68   61.9363   7.86996
30.7   68.763   8.29235
30.72   84.8153   9.20952
30.74   111.475   10.5581
30.76   141.842   11.9097
30.78   151.875   12.3237
30.8   129.047   11.3599
30.82   97.3787   9.86807
30.84   74.094   8.60779
30.86   62.8566   7.92822
30.88   62.3505   7.89623
30.9   69.6832   8.34765
30.92   77.1288   8.7823
30.94   72.494   8.51434
30.96   57.1083   7.55701
30.98   41.8699   6.47069
31   30.9263   5.56114
31.02   23.8859   4.88732
31.04   19.4797   4.41359
31.06   17.3929   4.4
31.08   15.4673   4.4
31.1   14.0743   4.4
31.12   13.0267   4.4
31.14   12.3425   4.4
31.16   10.9845   4.4
31.18   10.5217   4.4
31.2   10.1689   4.4
31.22   9.90628   4.4
31.24   9.72879   4.4
31.26   9.60878   4.4
31.28   9.5477   4.4
31.3   9.54056   4.4
31.32   9.58408   4.4
31.34   10.0131   4.4
31.36   11.4353   4.4
31.38   11.6698   4.4
31.4   11.9559   4.4
31.42   12.2506   4.4
31.44   12.6502   4.4
31.46   13.1125   4.4
31.48   13.6438   4.4
31.5   14.2518   4.4
31.52   14.9462   4.4
31.54   15.7393   4.4
31.56   16.6532   4.4
31.58   17.6928   4.4
31.6   18.8889   4.4
31.62   20.2715   4.50239
31.64   21.9533   4.68544
31.66   23.8387   4.88249
31.68   26.0656   5.10545
31.7   28.7221   5.3593
31.72   31.9277   5.65046
31.74   35.8481   5.98733
31.76   40.7179   6.38106
31.78   46.8781   6.84676
31.8   54.842   7.40554
31.82   65.4282   8.08877
31.84   80.0673   8.94803
31.86   101.518   10.0756
31.88   135.257   11.63
31.9   191.255   13.8295
31.92   283.87   16.8484
31.94   428.997   20.7122
31.96   619.883   24.8974
31.98   768.878   27.7287
32   731.703   27.05
32.02   553.871   23.5345
32.04   380.824   19.5147
32.06   261.775   16.1795
32.08   190.796   13.8129
32.1   152.191   12.3366
32.12   133.41   11.5503
32.14   127.463   11.2899
32.16   132.173   11.4967
32.18   149.204   12.2149
32.2   183.923   13.5618
32.22   244.183   15.6264
32.24   336.146   18.3343
32.26   455.179   21.3349
32.28   563.696   23.7423
32.3   568.383   23.8408
32.32   463.628   21.532
32.34   348.968   18.6807
32.36   273.217   16.5293
32.38   240.353   15.5033
32.4   244.746   15.6444
32.42   288.684   16.9907
32.44   381.996   19.5447
32.46   535.083   23.1319
32.48   729.6   27.0111
32.5   855.686   29.2521
32.52   790.12   28.1091
32.54   627.31   25.0462
32.56   496.731   22.2875
32.58   414.394   20.3567
32.6   348.311   18.6631
32.62   294.33   17.1561
32.64   265.069   16.2809
32.66   263.485   16.2322
32.68   290.313   17.0386
32.7   352.607   18.7778
32.72   469.867   21.6764
32.74   670.496   25.8939
32.76   965.544   31.0732
32.78   1303.63   36.1058
32.8   1550.04   39.3705
32.82   1505.96   38.8067
32.84   1168.59   34.1846
32.86   799.084   28.2681
32.88   529.707   23.0154
32.9   359.962   18.9727
32.92   258.707   16.0844
32.94   198.377   14.0846
32.96   161.013   12.6891
32.98   137.316   11.7182
33   122.341   11.0608
33.02   113.031   10.6316
33.04   109.063   10.4433
33.06   112.46   10.6047
33.08   123.13   11.0964
33.1   132.92   11.5291
33.12   126.163   11.2322
33.14   104.491   10.2221
33.16   82.8753   9.10359
33.18   67.2072   8.198
33.2   57.0382   7.55236
33.22   50.6607   7.11763
33.24   46.6219   6.82802
33.26   44.007   6.63378
33.28   42.3282   6.50601
33.3   41.3438   6.42991
33.32   40.9342   6.39799
33.34   41.044   6.40656
33.36   41.6585   6.45434
33.38   42.7967   6.54192
33.4   44.51   6.67158
33.42   46.8882   6.84749
33.44   50.07   7.07601
33.46   53.5454   7.31747
33.48   59.0851   7.68668
33.5   66.4399   8.15106
33.52   76.4247   8.74212
33.54   90.7026   9.52379
33.56   111.804   10.5737
33.58   145.295   12.0538
33.6   199.957   14.1406
33.62   286.576   16.9286
33.64   409.448   20.2348
33.66   542.027   23.2815
33.68   602.138   24.5385
33.7   536.434   23.161
33.72   427.266   20.6704
33.74   354.286   18.8225
33.76   339.008   18.4122
33.78   386.318   19.655
33.8   502.978   22.4272
33.82   683.779   26.1492
33.84   862.902   29.3752
33.86   901.692   30.0282
33.88   813.205   28.5167
33.9   749.419   27.3755
33.92   753.987   27.4588
33.94   737.188   27.1512
33.96   615.568   24.8107
33.98   460.448   21.458
34   342.356   18.5029
34.02   271.356   16.4729
34.04   238.397   15.4401
34.06   234.655   15.3185
34.08   259.667   16.1142
34.1   322.342   17.9539
34.12   441.278   21.0066
34.14   637.372   25.2462
34.16   904.285   30.0713
34.18   1128.09   33.587
34.2   1107.24   33.2752
34.22   865.244   29.415
34.24   598.498   24.4642
34.26   403.596   20.0897
34.28   282.937   16.8207
34.3   214.574   14.6484
34.32   183.01   13.5281
34.34   176.743   13.2945
34.36   189.504   13.7661
34.38   207.681   14.4112
34.4   202.141   14.2176
34.42   165.067   12.8478
34.44   123.262   11.1023
34.46   91.5446   9.5679
34.48   70.4111   8.39113
34.5   56.7937   7.53616
34.52   47.8135   6.91473
34.54   41.5377   6.44497
34.56   36.8929   6.07396
34.58   33.3192   5.77228
34.6   30.4407   5.51731
34.62   28.223   5.31254
34.64   27.1634   5.21185
34.66   25.8443   5.08373
34.68   24.8789   4.98788
34.7   24.2085   4.92021
34.72   23.778   4.87627
34.74   23.624   4.86045
34.76   23.837   4.88231
34.78   24.5064   4.95039
34.8   25.7561   5.07504
34.82   27.8009   5.27266
34.84   31.0496   5.57222
34.86   36.7324   6.06073
34.88   45.6726   6.75815
34.9   61.0467   7.81324
34.92   86.5776   9.30471
34.94   124.852   11.1737
34.96   169.195   13.0075
34.98   189.839   13.7782
35   163.917   12.803
35.02   119.248   10.9201
35.04   82.6206   9.08959
35.06   58.668   7.6595
35.08   44.4074   6.66389
35.1   36.1933   6.01609
35.12   31.417   5.60508
35.14   28.0919   5.30018
35.16   26.5327   5.15099
35.18   25.9699   5.09607
35.2   26.0818   5.10703
35.22   26.9444   5.1908
35.24   28.668   5.35425
35.26   31.5521   5.61713
35.28   36.2252   6.01873
35.3   43.808   6.61876
35.32   55.9125   7.47747
35.34   73.3966   8.56718
35.36   96.6447   9.8308
35.38   116.132   10.7765
35.4   122.827   11.0827
35.42   130.174   11.4094
35.44   154.359   12.4241
35.46   200.18   14.1485
35.48   250.691   15.8332
35.5   261.242   16.163
35.52   220.83   14.8603
35.54   173.517   13.1726
35.56   146.867   12.1189
35.58   145.968   12.0817
35.6   168.958   12.9984
35.62   204.16   14.2885
35.64   218.159   14.7702
35.66   187.561   13.6953
35.68   142.981   11.9574
35.7   108.716   10.4267
35.72   89.0418   9.4362
35.74   81.8133   9.04507
35.76   85.427   9.24267
35.78   100.761   10.038
35.8   130.786   11.4362
35.82   177.189   13.3112
35.84   228.925   15.1303
35.86   247.996   15.7479
35.88   215.182   14.6691
35.9   168.162   12.9677
35.92   134.606   11.602
35.94   118.699   10.8949
35.96   118.344   10.8786
35.98   132.934   11.5297
36   166.502   12.9036
36.02   229.043   15.1342
36.04   334.717   18.2953
36.06   492.305   22.188
36.08   666.773   25.8219
36.1   732.206   27.0593
36.12   616.964   24.8388
36.14   444.144   21.0747
36.16   310.512   17.6214
36.18   230.342   15.177
36.2   193.945   13.9264
36.22   192.896   13.8887
36.24   225.365   15.0121
36.26   293.392   17.1287
36.28   387.216   19.6778
36.3   450.315   21.2206
36.32   409.555   20.2375
36.34   304.667   17.4547
36.36   209.594   14.4773
36.38   144.553   12.023
36.4   104.535   10.2242
36.42   80.7647   8.98692
36.44   66.2559   8.13977
36.46   57.2968   7.56947
36.48   51.6329   7.1856
36.5   48.3223   6.95143
36.52   47.1234   6.86465
36.54   48.3296   6.95195
36.56   52.872   7.27132
36.58   62.4111   7.90007
36.6   78.9132   8.88331
36.62   102.58   10.1282
36.64   125.15   11.1871
36.66   127.393   11.2869
36.68   108.468   10.4148
36.7   87.8764   9.37424
36.72   75.068   8.66418
36.74   70.7031   8.40851
36.76   73.8772   8.59519
36.78   84.6951   9.203
36.8   105.11   10.2523
36.82   138.866   11.7841
36.84   189.156   13.7534
36.86   254.965   15.9676
36.88   337.711   18.3769
36.9   436.269   20.8871
36.92   507.298   22.5233
36.94   523.851   22.8878
36.96   502.658   22.42
36.98   420.992   20.5181
37   304.741   17.4568
37.02   207.588   14.4079
37.04   142.506   11.9376
37.06   102.319   10.1153
37.08   78.0693   8.83569
37.1   62.6633   7.91601
37.12   52.653   7.25624
37.14   45.7926   6.76702
37.16   41.0139   6.40421
37.18   37.7361   6.14297
37.2   35.6254   5.96871
37.22   34.4935   5.87311
37.24   34.253   5.85261
37.26   34.901   5.90771
37.28   36.5189   6.04309
37.3   39.3564   6.27347
37.32   43.519   6.5969
37.34   49.8497   7.06044
37.36   59.3284   7.70249
37.38   74.1125   8.60886
37.4   98.844   9.94203
37.42   140.178   11.8397
37.44   208.738   14.4478
37.46   313.059   17.6935
37.48   438.599   20.9428
37.5   509.796   22.5787
37.52   451.158   21.2405
37.54   330.128   18.1694
37.56   228.344   15.1111
37.58   166.172   12.8908
37.6   137.789   11.7384
37.62   135.151   11.6254
37.64   149.289   12.2184
37.66   162.075   12.7309
37.68   151.737   12.3181
37.7   122.382   11.0626
37.72   90.4711   9.51163
37.74   65.7023   8.10569
37.76   49.0916   7.00654
37.78   38.201   6.1807
37.8   31.5106   5.61343
37.82   27.047   5.20067
37.84   23.908   4.88958
37.86   21.6131   4.64899
37.88   19.9065   4.46167
37.9   18.6253   4.4
37.92   17.6785   4.4
37.94   17.0032   4.4
37.96   16.5594   4.4
37.98   16.3218   4.4
38   16.278   4.4
38.02   16.4261   4.4
38.04   16.7748   4.4
38.06   17.3445   4.4
38.08   18.1704   4.4
38.1   19.307   4.4
38.12   21.0005   4.58263
38.14   22.9664   4.79232
38.16   25.7482   5.07427
38.18   29.5962   5.44024
38.2   35.156   5.92925
38.22   43.7108   6.61141
38.24   57.6789   7.59467
38.26   80.9196   8.99553
38.28   117.969   10.8613
38.3   169.94   13.0361
38.32   220.631   14.8536
38.34   228.414   15.1134
38.36   186.742   13.6654
38.38   137.411   11.7223
38.4   103.583   10.1776
38.42   86.6915   9.31082
38.44   84.3047   9.18176
38.46   95.9511   9.79547
38.48   121.329   11.015
38.5   156.234   12.4993
38.52   179.774   13.408
38.54   166.669   12.91
38.56   132.423   11.5075
38.58   103.013   10.1495
38.6   85.4356   9.24314
38.62   78.3545   8.85181
38.64   79.6823   8.92649
38.66   88.8594   9.42653
38.68   107.386   10.3627
38.7   138.206   11.7561
38.72   182.788   13.5199
38.74   233.824   15.2913
38.76   275.268   16.5912
38.78   299.471   17.3052
38.8   323.565   17.9879
38.82   383.606   19.5859
38.84   497.214   22.2983
38.86   637.638   25.2515
38.88   735.656   27.123
38.9   797.444   28.2391
38.92   857.912   29.2901
38.94   824.273   28.7102
38.96   651.04   25.5155
38.98   453.502   21.2956
39   305.792   17.4869
39.02   211.509   14.5433
39.04   155.208   12.4583
39.06   122.446   11.0655
39.08   104.07   10.2015
39.1   95.9779   9.79683
39.12   97.6589   9.88225
39.14   110.468   10.5104
39.16   135.409   11.6365
39.18   164.302   12.818
39.2   171.505   13.096
39.22   144.158   12.0066
39.24   107.103   10.3491
39.26   78.4656   8.85808
39.28   60.3599   7.76916
39.3   49.9492   7.06747
39.32   43.5726   6.60095
39.34   38.6508   6.21698
39.36   34.9613   5.91281
39.38   32.8494   5.73144
39.4   32.3703   5.68949
39.42   33.676   5.80311
39.44   37.3005   6.10741
39.46   44.6324   6.68075
39.48   58.1738   7.62718
39.5   81.3136   9.0174
39.52   116.336   10.7859
39.54   156.728   12.5191
39.56   174.593   13.2134
39.58   149.65   12.2332
39.6   108.207   10.4022
39.62   74.5296   8.63305
39.64   52.6368   7.25512
39.66   39.7573   6.30534
39.68   32.5938   5.7091
39.7   28.8573   5.3719
39.72   27.3824   5.23282
39.74   27.8648   5.27872
39.76   30.8018   5.54994
39.78   37.3063   6.10789
39.8   49.5519   7.03931
39.82   69.667   8.34668
39.84   97.7329   9.886
39.86   121.911   11.0413
39.88   119.051   10.911
39.9   91.802   9.58133
39.92   63.58   7.97371
39.94   43.1617   6.56976
39.96   30.3494   5.50903
39.98   22.6651   4.76079
40   17.8351   4.4
40.02   14.7917   4.4
40.04   12.6786   4.4
40.06   11.1365   4.4
40.08   9.97507   4.4
40.1   9.08291   4.4
40.12   8.38919   4.4
40.14   7.84693   4.4
40.16   7.42428   4.4
40.18   7.09944   4.4
40.2   6.8577   4.4
40.22   6.62651   4.4
40.24   6.52831   4.4
40.26   6.39695   4.4
40.28   6.43624   4.4
40.3   6.55006   4.4
40.32   6.75061   4.4
40.34   7.05884   4.4
40.36   7.1303   4.4
40.38   7.77306   4.4
40.4   8.34081   4.4
40.42   9.1161   4.4
40.44   10.4291   4.4
40.46   12.048   4.4
40.48   14.4201   4.4
40.5   18.222   4.4
40.52   24.6023   4.96007
40.54   35.5479   5.96221
40.56   53.379   7.30609
40.58   79.6498   8.92467
40.6   108.832   10.4323
40.62   119.969   10.953
40.64   100.649   10.0324
40.66   71.022   8.42746
40.68   47.6237   6.90099
40.7   32.5657   5.70664
40.72   23.7491   4.8733
40.74   18.8771   4.4
40.76   16.3624   4.4
40.78   15.5179   4.4
40.8   16.2141   4.4
40.82   18.5129   4.4
40.84   22.0127   4.69177
40.86   24.4822   4.94795
40.88   22.8793   4.78323
40.9   18.7942   4.4
40.92   15.2019   4.4
40.94   12.9217   4.4
40.96   11.7675   4.4
40.98   11.4311   4.4
41   11.6719   4.4
41.02   12.2371   4.4
41.04   13.4615   4.4
41.06   15.3238   4.4
41.08   18.1283   4.4
41.1   22.5192   4.74544
41.12   29.6098   5.44149
41.14   40.9462   6.39892
41.16   57.8096   7.60326
41.18   78.364   8.85234
41.2   91.959   9.58952
41.22   88.5238   9.40871
41.24   78.7807   8.87585
41.26   76.6482   8.75489
41.28   88.1358   9.38807
41.3   118.073   10.8661
41.32   170.469   13.0564
41.34   240.473   15.5072
41.36   291.133   17.0626
41.38   269.562   16.4183
41.4   198.924   14.104
41.42   132.716   11.5203
41.44   87.056   9.33038
41.46   58.9366   7.67702
41.48   42.2258   6.49814
41.5   32.042   5.66057
41.52   25.4316   5.04297
41.54   20.8565   4.56689
41.56   17.5637   4.4
41.58   15.095   4.4
41.6   13.2218   4.4
41.62   11.7857   4.4
41.64   10.6808   4.4
41.66   9.83563   4.4
41.68   9.20198   4.4
41.7   8.74805   4.4
41.72   8.55469   4.4
41.74   8.4167   4.4
41.76   8.43335   4.4
41.78   8.65222   4.4
41.8   9.03453   4.4
41.82   9.66267   4.4
41.84   10.6316   4.4
41.86   12.0691   4.4
41.88   14.2759   4.4
41.9   17.8326   4.4
41.92   23.8207   4.88065
41.94   33.9233   5.82437
41.96   50.0024   7.07124
41.98   72.0536   8.48844
42   92.2383   9.60408
42.02   92.2546   9.60493
42.04   73.0832   8.54887
42.06   52.6024   7.25275
42.08   38.1087   6.17323
42.1   30.4532   5.51844
42.12   28.1841   5.30887
42.14   30.1379   5.4898
42.16   34.8853   5.90638
42.18   38.6171   6.21427
42.2   36.8785   6.07277
42.22   32.382   5.69051
42.24   30.2215   5.49741
42.26   32.4258   5.69436
42.28   39.0676   6.25041
42.3   47.3353   6.88007
42.32   49.4296   7.03062
42.34   42.1208   6.49005
42.36   32.591   5.70885
42.38   25.9201   5.09118
42.4   22.6388   4.75803
42.42   22.0358   4.69423
42.44   22.5914   4.75304
42.46   22.6666   4.76094
42.48   22.5669   4.75046
42.5   23.5806   4.85599
42.52   25.2597   5.0259
42.54   26.6111   5.1586
42.56   28.2207   5.31232
42.58   32.0077   5.65754
42.6   39.9237   6.31852
42.62   54.6382   7.39176
42.64   79.7187   8.92853
42.66   117.666   10.8474
42.68   162.594   12.7512
42.7   184.569   13.5856
42.72   159.737   12.6387
42.74   115.043   10.7258
42.76   78.0356   8.83377
42.78   53.7743   7.3331
42.8   39.3417   6.2723
42.82   31.063   5.57342
42.84   26.0166   5.10065
42.86   23.2556   4.8224
42.88   21.7761   4.66649
42.9   21.2844   4.61351
42.92   21.7359   4.66218
42.94   23.3236   4.82945
42.96   26.4489   5.14285
42.98   31.5961   5.62104
43   38.777   6.22712
43.02   45.9003   6.77497
43.04   49.0466   7.00333
43.06   49.8279   7.05889
43.08   54.1838   7.36096
43.1   66.0092   8.1246
43.12   87.1253   9.3341
43.14   114.881   10.7183
43.16   134.393   11.5928
43.18   130.45   11.4215
43.2   116.552   10.7959
43.22   108.29   10.4063
43.24   103.538   10.1754
43.26   97.2904   9.86359
43.28   92.2903   9.60679
43.3   91.4278   9.56179
43.32   98.5958   9.92954
43.34   117.708   10.8493
43.36   155.372   12.4648
43.38   220.781   14.8587
43.4   322.716   17.9643
43.42   453.107   21.2863
43.44   553.417   23.5248
43.46   567.493   23.8221
43.48   547.857   23.4064
43.5   519.866   22.8006
43.52   435.135   20.8599
43.54   316.242   17.7832
43.56   218.18   14.7709
43.58   151.946   12.3266
43.6   110.811   10.5267
43.62   85.9926   9.27322
43.64   70.9668   8.42418
43.66   62.1037   7.88059
43.68   57.0368   7.55227
43.7   55.3787   7.44169
43.72   57.4683   7.58078
43.74   64.5548   8.0346
43.76   78.6009   8.86571
43.78   100.99   10.0494
43.8   128.077   11.3171
43.82   147.362   12.1393
43.84   152.666   12.3558
43.86   145.782   12.074
43.88   133.133   11.5383
43.9   129.223   11.3676
43.92   141.049   11.8764
43.94   159.61   12.6337
43.96   160.629   12.674
43.98   138.064   11.7501
44   114.481   10.6996
44.02   103.984   10.1972
44.04   110.881   10.53
44.06   138.421   11.7652
44.08   189.496   13.7658
44.1   257.573   16.0491
44.12   303.246   17.414
44.14   276.137   16.6174
44.16   204.355   14.2953
44.18   139.488   11.8105
44.2   95.2371   9.75895
44.22   68.112   8.253
44.24   52.0465   7.21432
44.26   42.3436   6.5072
44.28   36.2312   6.01924
44.3   32.3214   5.68519
44.32   30.0553   5.48227
44.34   28.8848   5.37446
44.36   28.3417   5.32369
44.38   27.4547   5.23972
44.4   25.993   5.09834
44.42   24.7195   4.97187
44.44   24.0987   4.90904
44.46   24.0047   4.89945
44.48   24.4226   4.94192
44.5   25.2911   5.02902
44.52   26.5813   5.1557
44.54   28.4042   5.32955
44.56   30.7634   5.54648
44.58   33.8302   5.81637
44.6   37.822   6.14996
44.62   43.0299   6.55972
44.64   50.1361   7.08068
44.66   60.1525   7.7558
44.68   75.2176   8.67281
44.7   99.0693   9.95336
44.72   137.911   11.7435
44.74   198.711   14.0965
44.76   284.015   16.8528
44.78   365.114   19.108
44.8   380.684   19.5111
44.82   328.546   18.1258
44.84   276.065   16.6152
44.86   260.178   16.13
44.88   290.601   17.047
44.9   369.875   19.2321
44.92   488.121   22.0935
44.94   596.875   24.431
44.96   663.257   25.7538
44.98   719.364   26.821
45   723.673   26.9012
45.02   615.924   24.8178
45.04   479.726   21.9026
45.06   396.029   19.9005
45.08   375.931   19.3889
45.1   388.002   19.6978
45.12   366.836   19.153
45.14   292.865   17.1133
45.16   213.463   14.6104
45.18   155.466   12.4686
45.2   119.396   10.9269
45.22   99.722   9.98609
45.24   91.693   9.57565
45.26   92.4334   9.61423
45.28   99.196   9.95972
45.3   107.109   10.3494
45.32   116.409   10.7893
45.34   134.919   11.6155
45.36   162.842   12.7609
45.38   180.52   13.4358
45.4   164.262   12.8165
45.42   126.151   11.2317
45.44   90.9613   9.53737
45.46   66.7063   8.16739
45.48   51.6642   7.18778
45.5   42.6812   6.53308
45.52   37.2713   6.10502
45.54   33.9388   5.8257
45.56   31.9172   5.64953
45.58   30.8462   5.55394
45.6   30.7621   5.54636
45.62   31.2992   5.59457
45.64   32.7409   5.72196
45.66   35.4048   5.95019
45.68   39.952   6.32076
45.7   47.5404   6.89495
45.72   59.7765   7.73152
45.74   78.3646   8.85238
45.76   102.903   10.1441
45.78   123.438   11.1102
45.8   123.056   11.0931
45.82   107.82   10.3836
45.84   96.6317   9.83014
45.86   97.1159   9.85474
45.88   109.032   10.4418
45.9   125.136   11.1864
45.92   130.812   11.4373
45.94   125.239   11.191
45.96   122.128   11.0511
45.98   126.992   11.2691
46   135.491   11.6401
46.02   146.404   12.0998
46.04   166.053   12.8862
46.06   198.245   14.08
46.08   239.767   15.4844
46.1   297.094   17.2364
46.12   393.207   19.8295
46.14   548.821   23.4269
46.16   782.539   27.9739
46.18   1081.36   32.884
46.2   1282.39   35.8105
46.22   1165.02   34.1324
46.24   851.567   29.1816
46.26   567.656   23.8255
46.28   374.579   19.354
46.3   257.503   16.0469
46.32   189.529   13.767
46.34   149.457   12.2253
46.36   123.533   11.1145
46.38   105.01   10.2474
46.4   91.7245   9.57729
46.42   83.0704   9.1143
46.44   77.3503   8.7949
46.46   74.5517   8.63433
46.48   77.5775   8.80781
46.5   88.5896   9.4122
46.52   111.482   10.5585
46.54   149.977   12.2465
46.56   200.9   14.1739
46.58   236.982   15.3942
46.6   219.312   14.8092
46.62   166.491   12.9032
46.64   117.476   10.8387
46.66   83.8319   9.15598
46.68   63.282   7.955
46.7   51.3406   7.16524
46.72   44.4827   6.66954
46.74   40.6418   6.37509
46.76   39.2312   6.26348
46.78   39.2875   6.26797
46.8   41.3827   6.43294
46.82   46.5152   6.8202
46.84   54.0507   7.35192
46.86   63.4267   7.96409
46.88   69.7593   8.3522
46.9   70.5518   8.39951
46.92   71.3465   8.44669
46.94   77.7386   8.81695
46.96   93.5482   9.67203
46.98   124.264   11.1474
47   178.433   13.3579
47.02   265.265   16.287
47.04   382.382   19.5546
47.06   479.792   21.9042
47.08   464.796   21.5591
47.1   354.916   18.8392
47.12   243.093   15.5915
47.14   164.419   12.8226
47.16   116.279   10.7833
47.18   88.7413   9.42026
47.2   73.5189   8.57431
47.22   65.6772   8.10414
47.24   63.0888   7.94285
47.26   65.5363   8.09545
47.28   73.6903   8.58431
47.3   88.4595   9.40529
47.32   107.937   10.3893
47.34   123.242   11.1014
47.36   127.095   11.2736
47.38   132.882   11.5274
47.4   157.187   12.5374
47.42   209.517   14.4747
47.44   291.937   17.0862
47.46   378.807   19.463
47.48   400.931   20.0233
47.5   340.028   18.4399
47.52   255.346   15.9796
47.54   181.081   13.4566
47.56   128.249   11.3247
47.58   95.7283   9.78408
47.6   77.5537   8.80646
47.62   68.9203   8.30183
47.64   66.7108   8.16767
47.66   71.0282   8.42782
47.68   82.2869   9.07121
47.7   103.997   10.1979
47.72   130.35   11.4171
47.74   142.089   11.9201
47.76   128.689   11.3441
47.78   109.358   10.4574
47.8   99.3162   9.96575
47.82   97.1241   9.85515
47.84   91.0656   9.54283
47.86   76.5379   8.74859
47.88   61.7794   7.85999
47.9   51.5066   7.17681
47.92   45.6709   6.75802
47.94   43.1   6.56506
47.96   42.7995   6.54213
47.98   44.1923   6.64773
48   47.0886   6.86212
48.02   51.9223   7.20571
48.04   58.6   7.65506
48.06   67.5641   8.21974
48.08   80.7365   8.98535
48.1   100.488   10.0243
48.12   131.707   11.4764
48.14   182.678   13.5158
48.16   264.894   16.2756
48.18   388.068   19.6994
48.2   538.411   23.2037
48.22   651.16   25.5178
48.24   696.242   26.3864
48.26   712.184   26.6868
48.28   652.696   25.5479
48.3   501.528   22.3948
48.32   348.077   18.6568
48.34   238.205   15.4339
48.36   169.282   13.0109
48.38   128.218   11.3233
48.4   103.894   10.1928
48.42   89.2833   9.44898
48.44   80.6809   8.98225
48.46   76.7841   8.76265
48.48   76.5797   8.75098
48.5   80.4172   8.96756
48.52   88.026   9.38222
48.54   96.238   9.8101
48.56   100.868   10.0433
48.58   102.75   10.1366
48.6   108.647   10.4234
48.62   123.126   11.0962
48.64   150.026   12.2485
48.66   194.292   13.9389
48.68   260.894   16.1522
48.7   347.25   18.6346
48.72   438.502   20.9404
48.74   548.831   23.4271
48.76   722.196   26.8737
48.78   939.63   30.6534
48.8   1049.07   32.3893
48.82   942.574   30.7014
48.84   740.838   27.2183
48.86   541.151   23.2627
48.88   382.236   19.5508
48.9   278.143   16.6776
48.92   218.714   14.789
48.94   190.688   13.809
48.96   186.665   13.6625
48.98   207.005   14.3877
49   255.581   15.9869
49.02   333.21   18.254
49.04   417.731   20.4385
49.06   451.866   21.2571
49.08   412.607   20.3127
49.1   362.206   19.0317
49.12   353.406   18.7991
49.14   389.192   19.728
49.16   422.887   20.5642
49.18   385.778   19.6412
49.2   297.924   17.2605
49.22   217.984   14.7643
49.24   162.011   12.7283
49.26   126.604   11.2518
49.28   106.234   10.307
49.3   96.4315   9.81995
49.32   94.2699   9.70927
49.34   98.8569   9.94268
49.36   110.773   10.5249
49.38   133.58   11.5577
49.4   175.678   13.2544
49.42   248.229   15.7553
49.44   357.924   18.9189
49.46   482.968   21.9765
49.48   543.692   23.3172
49.5   483.428   21.987
49.52   358   18.9209
49.54   244.023   15.6212
49.56   165.741   12.874
49.58   117.625   10.8455
49.6   89.0849   9.43848
49.62   71.8941   8.47904
49.64   61.1421   7.81934
49.66   54.2844   7.3678
49.68   49.5977   7.04257
49.7   46.9764   6.85393
49.72   45.5919   6.75217
49.74   45.6749   6.75832
49.76   47.1906   6.86954
49.78   51.7257   7.19206
49.8   60.0803   7.75115
49.82   74.7103   8.64351
49.84   99.6725   9.98361
49.86   139.848   11.8257
49.88   197.315   14.0469
49.9   266.491   16.3245
49.92   316.801   17.7989
49.94   299.684   17.3114
49.96   232.736   15.2557
49.98   170.57   13.0603
50   131.613   11.4723
50.02   110.266   10.5007
50.04   94.1757   9.70442
50.06   79.2657   8.90313
50.08   69.3035   8.32487
50.1   65.9883   8.12332
50.12   69.3635   8.32848
50.14   79.9024   8.93882
50.16   99.2421   9.96203
50.18   127.451   11.2894
50.2   163.476   12.7858
50.22   203.106   14.2515
50.24   220.376   14.8451
50.26   193.046   13.8941
50.28   144.318   12.0132
50.3   101.823   10.0907
50.32   73.9209   8.59773
50.34   58.1912   7.62832
50.36   51.0288   7.14344
50.38   49.8088   7.05754
50.4   52.6103   7.2533
50.42   56.735   7.53227
50.44   57.6252   7.59113
50.46   54.9452   7.4125
50.48   53.9575   7.34558
50.5   58.4038   7.64224
50.52   71.0008   8.4262
50.54   95.8669   9.79117
50.56   135.763   11.6517
50.58   187.572   13.6957
50.6   226   15.0333
50.62   219.899   14.829
50.64   192.065   13.8587
50.66   180.774   13.4452
50.68   191.55   13.8402
50.7   201.183   14.1839
50.72   177.135   13.3092
50.74   131.358   11.4611
50.76   91.1048   9.54488
50.78   63.6057   7.97532
50.8   46.5534   6.823
50.82   36.3425   6.02847
50.84   30.2771   5.50246
50.86   26.8552   5.1822
50.88   25.4723   5.04701
50.9   25.9476   5.09388
50.92   27.8016   5.27272
50.94   29.0368   5.38858
50.96   26.6438   5.16177
50.98   22.2513   4.71713
51   18.533   4.4
51.02   16.0511   4.4
51.04   14.6434   4.4
51.06   14.0393   4.4
51.08   13.9748   4.4
51.1   14.3791   4.4
51.12   15.2616   4.4
51.14   16.7282   4.4
51.16   19.0163   4.4
51.18   22.6154   4.75557
51.2   28.481   5.33676
51.22   38.3221   6.19048
51.24   54.6378   7.39174
51.26   79.6816   8.92645
51.28   111.89   10.5778
51.3   139.888   11.8274
51.32   141.201   11.8828
51.34   113.036   10.6318
51.36   80.5061   8.97252
51.38   57.2118   7.56385
51.4   43.5874   6.60207
51.42   38.0556   6.16892
51.44   38.8389   6.23208
51.46   45.5136   6.74638
51.48   57.4848   7.58187
51.5   69.8338   8.35666
51.52   70.8151   8.41517
51.54   58.709   7.66218
51.56   45.1712   6.72095
51.58   36.3327   6.02766
51.6   32.0699   5.66303
51.62   29.5759   5.43837
51.64   26.0863   5.10748
51.66   22.3054   4.72285
51.68   19.5996   4.42714
51.7   18.2026   4.4
51.72   17.8419   4.4
51.74   18.5181   4.4
51.76   20.2587   4.50097
51.78   22.9636   4.79204
51.8   26.2185   5.1204
51.82   29.1277   5.39701
51.84   32.0856   5.66441
51.86   36.9904   6.08198
51.88   45.7335   6.76265
51.9   60.8578   7.80114
51.92   85.6803   9.25637
51.94   122.887   11.0854
51.96   167.767   12.9525
51.98   197.079   14.0385
52   192.508   13.8747
52.02   176.57   13.288
52.04   177.798   13.3341
52.06   211.019   14.5265
52.08   278.541   16.6896
52.1   356.266   18.875
52.12   373.668   19.3305
52.14   303.321   17.4161
52.16   210.7   14.5155
52.18   139.468   11.8096
52.2   93.7677   9.68337
52.22   66.3705   8.14681
52.24   50.1069   7.07862
52.26   40.1689   6.33789
52.28   34.0185   5.83254
52.3   30.3769   5.51153
52.32   28.7322   5.36025
52.34   28.8576   5.37192
52.36   30.0501   5.4818
52.38   30.6641   5.53752
52.4   30.6218   5.5337
52.42   31.1459   5.58085
52.44   31.807   5.63977
52.46   33.2396   5.76538
52.48   36.0826   6.00688
52.5   36.7368   6.06109
52.52   31.4882   5.61143
52.54   23.9247   4.89129
52.56   17.7766   4.4
52.58   13.6339   4.4
52.6   11.016   4.4
52.62   9.55425   4.4
52.64   8.46035   4.4
52.66   7.69108   4.4
52.68   7.13491   4.4
52.7   6.7102   4.4
52.72   6.75169   4.4
52.74   6.51149   4.4
52.76   6.35894   4.4
52.78   6.27322   4.4
52.8   6.13895   4.4
52.82   6.20748   4.4
52.84   6.38945   4.4
52.86   6.75719   4.4
52.88   7.34343   4.4
52.9   8.19597   4.4
52.92   9.12126   4.4
52.94   9.53852   4.4
52.96   9.27262   4.4
52.98   8.97871   4.4
53   9.05753   4.4
53.02   9.77239   4.4
53.04   11.1042   4.4
53.06   12.829   4.4
53.08   14.0193   4.4
53.1   13.8918   4.4
53.12   13.2685   4.4
53.14   13.0996   4.4
53.16   13.6727   4.4
53.18   15.1002   4.4
53.2   17.6535   4.4
53.22   21.9272   4.68265
53.24   28.8505   5.37126
53.26   39.3142   6.2701
53.28   52.547   7.24893
53.3   62.6367   7.91433
53.32   63.1109   7.94423
53.34   57.6718   7.5942
53.36   50.3499   7.09577
53.38   43.5961   6.60273
53.4   40.0188   6.32604
53.42   40.1762   6.33847
53.44   43.7691   6.61582
53.46   51.418   7.17063
53.48   64.68   8.04239
53.5   87.3792   9.34768
53.52   126.164   11.2323
53.54   189.592   13.7693
53.56   282.377   16.8041
53.58   383.489   19.5829
53.6   419.403   20.4793
53.62   351.273   18.7423
53.64   252.476   15.8895
53.66   178.218   13.3498
53.68   135.834   11.6548
53.7   116.489   10.793
53.72   105.234   10.2584
53.74   91.9528   9.5892
53.76   79.3562   8.90821
53.78   70.0605   8.37021
53.8   63.1147   7.94447
53.82   59.5065   7.71405
53.84   61.2288   7.82489
53.86   68.6176   8.28357
53.88   79.1801   8.89832
53.9   87.4118   9.34943
53.92   92.4965   9.61751
53.94   100.151   10.0075
53.96   111.286   10.5492
53.98   119.913   10.9505
54   130.169   11.4092
54.02   154.487   12.4293
54.04   198.656   14.0945
54.06   255.107   15.9721
54.08   291.912   17.0854
54.1   292.774   17.1106
54.12   298.146   17.2669
54.14   338.661   18.4028
54.16   401.207   20.0301
54.18   417.479   20.4323
54.2   344.935   18.5724
54.22   245.108   15.6559
54.24   167.872   12.9565
54.26   119.583   10.9354
54.28   92.6567   9.62584
54.3   76.8218   8.76481
54.32   63.539   7.97114
54.34   51.6968   7.19005
54.36   42.9331   6.55234
54.38   36.6121   6.05079
54.4   31.0351   5.57091
54.42   25.9831   5.09736
54.44   22.0142   4.69193
54.46   19.2323   4.4
54.48   17.3372   4.4
54.5   16.2238   4.4
54.52   15.8843   4.4
54.54   16.2427   4.4
54.56   16.8025   4.4
54.58   16.3366   4.4
54.6   14.4813   4.4
54.62   12.4734   4.4
54.64   10.8197   4.4
54.66   9.67711   4.4
54.68   8.91406   4.4
54.7   8.40037   4.4
54.72   8.04845   4.4
54.74   7.8101   4.4
54.76   7.62199   4.4
54.78   7.55449   4.4
54.8   7.6354   4.4
54.82   7.72168   4.4
54.84   7.90448   4.4
54.86   8.18565   4.4
54.88   8.58983   4.4
54.9   9.15548   4.4
54.92   9.87954   4.4
54.94   10.7833   4.4
54.96   12.0781   4.4
54.98   13.627   4.4
55   15.797   4.4
55.02   18.9465   4.4
55.04   23.7715   4.8756
55.06   31.2452   5.58974
55.08   44.4298   6.66557
55.1   65.966   8.12195
55.12   98.0821   9.90364
55.14   134.52   11.5983
55.16   151.347   12.3023
55.18   132.749   11.5217
55.2   102.326   10.1156
55.22   78.6785   8.87009
55.24   61.1136   7.81752
55.26   46.7424   6.83684
55.28   36.3511   6.02919
55.3   29.8337   5.46202
55.32   26.6416   5.16155
55.34   25.7193   5.07142
55.36   27.1605   5.21157
55.38   31.5963   5.62106
55.4   40.4272   6.35824
55.42   55.4124   7.44395
55.44   77.0559   8.77815
55.46   98.9411   9.94691
55.48   104.87   10.2406
55.5   94.017   9.69624
55.52   84.0051   9.16543
55.54   81.0851   9.00473
55.56   77.5979   8.80897
55.58   65.2771   8.07942
55.6   49.1767   7.01261
55.62   36.1579   6.01315
55.64   27.2244   5.2177
55.66   22.1134   4.70249
55.68   19.2634   4.4
55.7   17.8247   4.4
55.72   17.3303   4.4
55.74   17.5909   4.4
55.76   18.6038   4.4
55.78   20.5164   4.5295
55.8   23.7625   4.87468
55.82   29.1138   5.39572
55.84   37.8923   6.15567
55.86   51.9064   7.20461
55.88   73.3157   8.56246
55.9   101.62   10.0807
55.92   124.469   11.1566
55.94   121.033   11.0015
55.96   97.9694   9.89795
55.98   77.2389   8.78857
56   67.43   8.21158
56.02   69.6806   8.34749
56.04   83.6183   9.14431
56.06   107.684   10.3771
56.08   131.645   11.4737
56.1   133.285   11.5449
56.12   110.258   10.5004
56.14   85.0976   9.22483
56.16   69.5675   8.34072
56.18   65.2173   8.07572
56.2   71.5705   8.45993
56.22   87.8118   9.37079
56.24   109.366   10.4578
56.26   122.127   11.0511
56.28   117.151   10.8236
56.3   107.072   10.3476
56.32   105.926   10.292
56.34   118.237   10.8737
56.36   143.509   11.9795
56.38   175.768   13.2578
56.4   189.767   13.7756
56.42   167.86   12.9561
56.44   135.467   11.639
56.46   116.101   10.775
56.48   116.258   10.7823
56.5   137.016   11.7054
56.52   176.578   13.2883
56.54   226.39   15.0463
56.56   256.101   16.0031
56.58   230.24   15.1737
56.6   174.332   13.2035
56.62   126.812   11.2611
56.64   97.8192   9.89036
56.66   85.2294   9.23198
56.68   86.4563   9.29819
56.7   101.278   10.0637
56.72   131.886   11.4842
56.74   180.691   13.4421
56.76   237.309   15.4048
56.78   260.468   16.139
56.8   224.308   14.9769
56.82   169.034   13.0013
56.84   127.458   11.2897
56.86   104.413   10.2183
56.88   97.4924   9.87383
56.9   99.2397   9.96191
56.92   94.5025   9.72124
56.94   76.7649   8.76156
56.96   56.7357   7.53231
56.98   41.6019   6.44995
57   31.5941   5.62086
57.02   25.2198   5.02193
57.04   21.1652   4.60057
57.06   18.447   4.4
57.08   16.5673   4.4
57.1   15.2398   4.4
57.12   14.3248   4.4
57.14   13.7652   4.4
57.16   13.5058   4.4
57.18   13.5769   4.4
57.2   14.0429   4.4
57.22   15.0114   4.4
57.24   16.5896   4.4
57.26   18.703   4.4
57.28   20.7623   4.55657
57.3   22.3586   4.72849
57.32   24.5185   4.95162
57.34   28.5773   5.34578
57.36   35.6686   5.97232
57.38   47.028   6.85769
57.4   63.4183   7.96356
57.42   84.1763   9.17476
57.44   110.544   10.514
57.46   149.708   12.2355
57.48   198.507   14.0893
57.5   223.355   14.9451
57.52   193.086   13.8955
57.54   137.95   11.7452
57.56   91.8343   9.58302
57.58   61.1193   7.81788
57.6   42.5658   6.52425
57.62   31.5563   5.6175
57.64   24.7957   4.97953
57.66   20.3838   4.51484
57.68   17.4901   4.4
57.7   15.3584   4.4
57.72   13.793   4.4
57.74   12.7822   4.4
57.76   12.2149   4.4
57.78   12.0684   4.4
57.8   12.4074   4.4
57.82   13.2066   4.4
57.84   14.407   4.4
57.86   16.1207   4.4
57.88   18.173   4.4
57.9   21.5393   4.64105
57.92   27.2312   5.21835
57.94   36.5085   6.04222
57.96   49.731   7.05202
57.98   63.0158   7.93825
58   67.8969   8.23996
58.02   61.1069   7.81709
58.04   48.4316   6.95928
58.06   37.9155   6.15756
58.08   32.4305   5.69478
58.1   32.2982   5.68315
58.12   37.6566   6.1365
58.14   48.8424   6.98874
58.16   64.4841   8.0302
58.18   76.4498   8.74356
58.2   74.2621   8.61754
58.22   64.5169   8.03224
58.24   58.7806   7.66685
58.26   59.9714   7.74412
58.28   65.5068   8.09363
58.3   72.5321   8.51658
58.32   72.8819   8.53709
58.34   60.4945   7.77782
58.36   43.9398   6.62871
58.38   30.8538   5.55462
58.4   22.3578   4.72841
58.42   17.2206   4.4
58.44   14.1903   4.4
58.46   12.4181   4.4
58.48   11.4353   4.4
58.5   11.3807   4.4
58.52   11.7283   4.4
58.54   12.9903   4.4
58.56   15.391   4.4
58.58   18.9057   4.4
58.6   22.1007   4.70114
58.62   21.9322   4.68318
58.64   18.6437   4.4
58.66   15.2374   4.4
58.68   12.999   4.4
58.7   11.9374   4.4
58.72   11.8044   4.4
58.74   12.3572   4.4
58.76   13.2735   4.4
58.78   14.0475   4.4
58.8   14.3374   4.4
58.82   14.7009   4.4
58.84   15.5792   4.4
58.86   17.1791   4.4
58.88   19.793   4.44894
58.9   24.0054   4.89953
58.92   30.6809   5.53904
58.94   40.9572   6.39978
58.96   54.6278   7.39106
58.98   69.4734   8.33507
59   79.41   8.91123
59.02   79.2468   8.90207
59.04   74.1281   8.60977
59.06   74.1628   8.61178
59.08   84.9733   9.2181
59.1   109.419   10.4604
59.12   146.214   12.0919
59.14   179.934   13.4139
59.16   183.158   13.5336
59.18   162.638   12.753
59.2   148.381   12.1812
59.22   152.324   12.342
59.24   172.014   13.1154
59.26   206.498   14.37
59.28   268.364   16.3818
59.3   362.326   19.0349
59.32   447.677   21.1584
59.34   439.021   20.9528
59.36   343.278   18.5278
59.38   243.595   15.6075
59.4   170.702   13.0653
59.42   120.095   10.9588
59.44   86.2731   9.28833
59.46   64.6006   8.03745
59.48   50.6993   7.12035
59.5   41.5264   6.4441
59.52   35.3178   5.94288
59.54   30.9606   5.56423
59.56   27.9097   5.28297
59.58   25.8111   5.08047
59.6   24.4106   4.94071
59.62   23.4758   4.84518
59.64   22.9475   4.79036
59.66   22.9014   4.78554
59.68   23.6006   4.85804
59.7   25.1656   5.01653
59.72   27.8381   5.27618
59.74   31.853   5.64385
59.76   36.9975   6.08256
59.78   42.3412   6.50701
59.8   47.5489   6.89557
59.82   54.6119   7.38999
59.84   67.6352   8.22406
59.86   91.6519   9.5735
59.88   132.874   11.5271
59.9   196.329   14.0118
59.92   274.321   16.5626
59.94   322.968   17.9713
59.96   296.129   17.2084
59.98   230.048   15.1673
60   173.141   13.1583
60.02   134.344   11.5907
60.04   108.173   10.4006
60.06   87.6076   9.35989
60.08   70.9478   8.42305
60.1   60.2693   7.76333
60.12   55.9708   7.48137
60.14   58.0573   7.61953
60.16   67.2015   8.19765
60.18   84.0185   9.16616
60.2   105.386   10.2658
60.22   118.354   10.8791
60.24   112.951   10.6278
60.26   102.013   10.1002
60.28   95.2507   9.75965
60.3   90.5737   9.51702
60.32   90.2071   9.49774
60.34   99.9819   9.99909
60.36   124.484   11.1573
60.38   166.932   12.9202
60.4   224.098   14.9699
60.42   280.344   16.7435
60.44   328.057   18.1123
60.46   374.777   19.3591
60.48   406.404   20.1595
60.5   375.948   19.3894
60.52   293.643   17.136
60.54   216.568   14.7162
60.56   161.32   12.7012
60.58   119.099   10.9133
60.6   87.0197   9.32844
60.62   64.9606   8.05981
60.64   50.5272   7.10825
60.66   41.062   6.40796
60.68   34.7458   5.89456
60.7   30.4142   5.5149
60.72   27.513   5.24529
60.74   25.676   5.06715
60.76   24.7905   4.979
60.78   24.9401   4.994
60.8   26.5934   5.15688
60.82   29.8026   5.45917
60.84   36.527   6.04376
60.86   47.2604   6.87462
60.88   61.0134   7.81111
60.9   72.086   8.49034
60.92   75.6721   8.69897
60.94   75.1852   8.67094
60.96   75.1623   8.66962
60.98   70.2342   8.38058
61   56.9108   7.54393
61.02   42.7486   6.53824
61.04   32.5055   5.70136
61.06   26.2355   5.12206
61.08   22.8646   4.78169
61.1   21.472   4.63379
61.12   21.5305   4.64009
61.14   22.7562   4.77034
61.16   24.7941   4.97937
61.18   27.5969   5.25328
61.2   31.777   5.63711
61.22   36.5996   6.04976
61.24   38.635   6.2157
61.26   36.731   6.06061
61.28   34.5538   5.87825
61.3   34.6824   5.88917
61.32   38.0501   6.16848
61.34   45.6667   6.75771
61.36   59.5397   7.7162
61.38   82.1305   9.06259
61.4   114.648   10.7074
61.42   150.548   12.2698
61.44   170.829   13.0702
61.46   166.264   12.8944
61.48   153.505   12.3897
61.5   145.545   12.0642
61.52   135.979   11.661
61.54   120.119   10.9599
61.56   108.351   10.4092
61.58   109.253   10.4524
61.6   127.161   11.2766
61.62   167.274   12.9334
61.64   235.522   15.3467
61.66   328.589   18.127
61.68   416.442   20.4069
61.7   466.97   21.6095
61.72   463.456   21.528
61.74   390.969   19.7729
61.76   290.098   17.0323
61.78   202.99   14.2474
61.8   140.515   11.8539
61.82   100.709   10.0354
61.84   76.9123   8.76997
61.86   63.2879   7.95537
61.88   56.3717   7.50811
61.9   54.4298   7.37765
61.92   56.7658   7.5343
61.94   60.9575   7.80753
61.96   62.4084   7.8999
61.98   61.2448   7.82591
62   63.9346   7.99591
62.02   72.9209   8.53937
62.04   88.242   9.39372
62.06   106.526   10.3212
62.08   114.404   10.696
62.1   102.314   10.115
62.12   82.4161   9.07833
62.14   67.7712   8.23233
62.16   62.3863   7.8985
62.18   67.3982   8.20964
62.2   83.8298   9.15586
62.22   111.358   10.5526
62.24   140.728   11.8629
62.26   147.203   12.1327
62.28   124.372   11.1522
62.3   97.6483   9.88171
62.32   82.9476   9.10756
62.34   83.0536   9.11338
62.36   95.5803   9.77652
62.38   110.216   10.4984
62.4   107.59   10.3726
62.42   85.448   9.24381
62.44   61.187   7.82221
62.46   43.441   6.59098
62.48   32.1527   5.67033
62.5   25.3538   5.03526
62.52   21.2688   4.61181
62.54   18.7677   4.4
62.56   17.2152   4.4
62.58   16.3361   4.4
62.6   16.0211   4.4
62.62   16.2314   4.4
62.64   17.0803   4.4
62.66   18.7656   4.4
62.68   21.701   4.65843
62.7   26.4849   5.14635
62.72   33.8372   5.81697
62.74   43.8344   6.62076
62.76   56.054   7.48692
62.78   72.0829   8.49016
62.8   92.4619   9.61571
62.82   109.687   10.4731
62.84   107.008   10.3445
62.86   86.6252   9.30727
62.88   67.2077   8.19803
62.9   56.608   7.52383
62.92   53.9094   7.3423
62.94   53.1481   7.29028
62.96   48.0208   6.9297
62.98   40.8935   6.3948
63   36.5731   6.04757
63.02   36.1217   6.01013
63.04   38.2077   6.18124
63.06   39.7458   6.30443
63.08   40.3639   6.35326
63.1   43.7759   6.61633
63.12   52.6461   7.25576
63.14   66.5095   8.15533
63.16   79.4661   8.91437
63.18   81.2683   9.01489
63.2   71.822   8.47478
63.22   60.4309   7.77373
63.24   53.5722   7.31931
63.26   53.3268   7.30252
63.28   60.4794   7.77685
63.3   77.3048   8.79231
63.32   108.5   10.4164
63.34   160.188   12.6566
63.36   234.17   15.3026
63.38   309.557   17.5942
63.4   334.377   18.286
63.42   283.579   16.8398
63.44   202.151   14.218
63.46   134.984   11.6183
63.48   90.971   9.53787
63.5   64.6169   8.03846
63.52   48.6592   6.97562
63.54   38.0539   6.16878
63.56   30.7411   5.54446
63.58   25.6929   5.06881
63.6   22.2043   4.71214
63.62   19.8377   4.45395
63.64   18.3615   4.4
63.66   17.7378   4.4
63.68   17.6886   4.4
63.7   18.5214   4.4
63.72   20.6465   4.54384
63.74   24.7821   4.97816
63.76   32.454   5.69684
63.78   44.9019   6.70089
63.8   61.7703   7.85941
63.82   75.9063   8.71242
63.84   75.027   8.66181
63.86   62.7488   7.92141
63.88   50.6807   7.11904
63.9   41.0193   6.40463
63.92   33.1405   5.75678
63.94   28.5316   5.3415
63.96   27.7757   5.27026
63.98   30.3755   5.5114
64   34.3621   5.86192
64.02   36.2478   6.02062
64.04   34.8541   5.90374
64.06   31.7745   5.63689
64.08   29.6635   5.44642
64.1   28.8261   5.36899
64.12   27.2259   5.21785
64.14   25.348   5.03468
64.16   25.3056   5.03047
64.18   28.7805   5.36475
64.2   37.168   6.09656
64.22   51.8035   7.19747
64.24   71.8556   8.47677
64.26   88.1728   9.39004
64.28   86.2747   9.28842
64.3   68.9403   8.30303
64.32   49.2131   7.0152
64.34   34.3809   5.86353
64.36   25.1459   5.01457
64.38   20.135   4.48721
64.4   17.9975   4.4
64.42   17.794   4.4
64.44   18.6436   4.4
64.46   18.8573   4.4
64.48   17.5009   4.4
64.5   15.7747   4.4
64.52   15.0149   4.4
64.54   15.5843   4.4
64.56   17.1435   4.4
64.58   18.6938   4.4
64.6   19.8612   4.45659
64.62   20.3068   4.50631
64.64   19.3919   4.40363
64.66   18.3294   4.4
64.68   18.4389   4.4
64.7   20.2567   4.50074
64.72   24.3235   4.93189
64.74   31.8912   5.64723
64.76   45.0355   6.71085
64.78   66.1453   8.13297
64.8   95.2518   9.7597
64.82   121.698   11.0317
64.84   122.867   11.0845
64.86   99.8823   9.99412
64.88   74.4861   8.63053
64.9   54.9022   7.4096
64.92   41.4836   6.44077
64.94   33.782   5.81223
64.96   30.4266   5.51603
64.98   30.423   5.5157
65   33.6653   5.80218
65.02   41.1221   6.41265
65.04   55.0434   7.41912
65.06   78.3008   8.84877
65.08   112.366   10.6003
65.1   152.202   12.337
65.12   183.846   13.559
65.14   181.555   13.4742
65.16   143.377   11.974
65.18   100.067   10.0033
65.2   67.4259   8.21133
65.22   46.2091   6.79773
65.24   33.2838   5.76921
65.26   25.4839   5.04816
65.28   20.6152   4.5404
65.3   17.3779   4.4
65.32   15.2624   4.4
65.34   13.877   4.4
65.36   13.0862   4.4
65.38   12.7805   4.4
65.4   13.0309   4.4
65.42   13.9147   4.4
65.44   15.4508   4.4
65.46   17.5727   4.4
65.48   20.0658   4.47948
65.5   23.7303   4.87137
65.52   30.5081   5.52341
65.54   42.7477   6.53818
65.56   62.6697   7.91642
65.58   89.698   9.4709
65.6   112.347   10.5994
65.62   108.876   10.4344
65.64   83.5917   9.14285
65.66   58.1091   7.62293
65.68   40.6791   6.37802
65.7   30.7118   5.54182
65.72   25.4638   5.04617
65.74   21.8347   4.67276
65.76   18.6627   4.4
65.78   16.3991   4.4
65.8   15.2679   4.4
65.82   14.8911   4.4
65.84   15.3079   4.4
65.86   16.9624   4.4
65.88   19.1404   4.4
65.9   19.8451   4.45478
65.92   18.0625   4.4
65.94   15.9012   4.4
65.96   14.991   4.4
65.98   15.8574   4.4
66   18.8372   4.4
66.02   24.0582   4.90492
66.04   31.269   5.59186
66.06   38.584   6.2116
66.08   41.1704   6.41642
66.1   38.7105   6.22178
66.12   36.9832   6.08138
66.14   37.5383   6.12685
66.16   35.951   5.99591
66.18   30.0572   5.48244
66.2   23.7212   4.87044
66.22   19.4797   4.41358
66.24   17.5568   4.4
66.26   17.7176   4.4
66.28   19.9681   4.46857
66.3   24.6596   4.96584
66.32   31.9554   5.65291
66.34   40.7712   6.38524
66.36   47.4041   6.88507
66.38   49.4786   7.0341
66.4   46.7883   6.8402
66.42   44.0405   6.6363
66.44   46.8371   6.84376
66.46   57.8053   7.60298
66.48   76.9568   8.7725
66.5   97.4481   9.87158
66.52   103.443   10.1707
66.54   90.9216   9.53528
66.56   72.8551   8.53552
66.58   59.8799   7.73821
66.6   52.6839   7.25837
66.62   45.2279   6.72517
66.64   36.3114   6.02589
66.66   29.0307   5.38801
66.68   24.6426   4.96413
66.7   22.9774   4.79348
66.72   23.8486   4.88351
66.74   27.3666   5.23131
66.76   33.7081   5.80586
66.78   42.0017   6.48088
66.8   48.9254   6.99467
66.82   52.6609   7.25679
66.84   56.7217   7.53138
66.86   61.7208   7.85626
66.88   62.2183   7.88786
66.9   56.0936   7.48956
66.92   49.696   7.04954
66.94   47.8745   6.91914
66.96   51.5975   7.18314
66.98   60.9184   7.80502
67   78.3164   8.84966
67.02   107.786   10.382
67.04   147.578   12.1482
67.06   179.801   13.409
67.08   178.419   13.3574
67.1   148.065   12.1682
67.12   112.089   10.5872
67.14   81.753   9.04174
67.16   61.3812   7.83462
67.18   50.4218   7.10083
67.2   46.6641   6.83111
67.22   48.3947   6.95663
67.24   54.6418   7.39201
67.26   66.2634   8.14023
67.28   87.0307   9.32902
67.3   118.856   10.9021
67.32   152.566   12.3518
67.34   162.892   12.7629
67.36   142.604   11.9417
67.38   112.854   10.6233
67.4   89.7945   9.47599
67.42   76.7885   8.76291
67.44   72.0039   8.48551
67.46   71.2595   8.44153
67.48   66.5467   8.15761
67.5   58.0194   7.61705
67.52   53.2224   7.29537
67.54   55.4314   7.44523
67.56   62.6942   7.91797
67.58   66.2217   8.13767
67.6   57.5532   7.58638
67.62   43.2878   6.57935
67.64   31.4595   5.60888
67.66   23.6076   4.85876
67.68   18.909   4.4
67.7   16.2732   4.4
67.72   14.8874   4.4
67.74   14.3378   4.4
67.76   14.4406   4.4
67.78   14.7746   4.4
67.8   14.8152   4.4
67.82   14.8613   4.4
67.84   15.5964   4.4
67.86   17.0282   4.4
67.88   18.3149   4.4
67.9   18.669   4.4
67.92   19.0446   4.4
67.94   20.6809   4.54763
67.96   24.4614   4.94585
67.98   31.5365   5.61574
68   43.467   6.59295
68.02   61.7788   7.85995
68.04   84.7157   9.20411
68.06   101.851   10.0921
68.08   104.354   10.2154
68.1   100.18   10.009
68.12   96.6768   9.83243
68.14   87.1891   9.33751
68.16   72.0955   8.49091
68.18   61.5921   7.84806
68.2   60.7528   7.79441
68.22   70.0587   8.37011
68.24   85.7003   9.25744
68.26   94.1935   9.70533
68.28   83.1521   9.11878
68.3   62.5182   7.90685
68.32   44.5363   6.67355
68.34   32.2379   5.67784
68.36   24.7898   4.97893
68.38   20.5655   4.53492
68.4   18.3691   4.4
68.42   17.5026   4.4
68.44   17.6871   4.4
68.46   18.6643   4.4
68.48   19.8779   4.45847
68.5   20.7191   4.55183
68.52   21.7409   4.66271
68.54   24.3384   4.9334
68.56   29.3388   5.41653
68.58   37.4394   6.11878
68.6   47.2524   6.87404
68.62   54.4574   7.37952
68.64   56.9137   7.54412
68.66   57.3096   7.57031
68.68   58.9545   7.67819
68.7   65.9318   8.11984
68.72   80.4779   8.97095
68.74   103.78   10.1873
68.76   137.97   11.7461
68.78   175.365   13.2426
68.8   194.18   13.9349
68.82   195.601   13.9857
68.84   194.909   13.961
68.86   180.587   13.4383
68.88   151.549   12.3105
68.9   126.335   11.2399
68.92   109.2   10.4499
68.94   99.1696   9.95839
68.96   95.474   9.77108
68.98   95.4766   9.77121
69   100.033   10.0016
69.02   103.056   10.1516
69.04   93.3624   9.66242
69.06   75.7972   8.70616
69.08   59.4535   7.71061
69.1   46.2766   6.80269
69.12   36.6677   6.05538
69.14   30.8069   5.5504
69.16   27.7888   5.2715
69.18   27.0068   5.1968
69.2   28.687   5.35603
69.22   33.1126   5.75436
69.24   39.1508   6.25706
69.26   42.7381   6.53744
69.28   41.479   6.44042
69.3   37.3912   6.11484
69.32   32.7986   5.72701
69.34   30.269   5.50172
69.36   31.2096   5.58656
69.38   36.6284   6.05214
69.4   48.4062   6.95746
69.42   69.373   8.32904
69.44   101.546   10.077
69.46   139.144   11.7959
69.48   156.625   12.515
69.5   134.148   11.5822
69.52   95.4463   9.76966
69.54   63.5676   7.97293
69.56   42.5695   6.52453
69.58   29.9291   5.47075
69.6   22.4494   4.73808
69.62   17.8839   4.4
69.64   15.0141   4.4
69.66   13.2002   4.4
69.68   12.2024   4.4
69.7   11.9901   4.4
69.72   12.5856   4.4
69.74   14.2321   4.4
69.76   16.5352   4.4
69.78   18.6024   4.4
69.8   20.6338   4.54244
69.82   23.4025   4.83761
69.84   25.0028   5.00028
69.86   23.0922   4.80544
69.88   19.2898   4.4
69.9   15.2208   4.4
69.92   11.7341   4.4
69.94   9.39675   4.4
69.96   8.1581   4.4
69.98   7.83253   4.4
70   8.35556   4.4
