1.54056
5   0   4.4
5.02   0   4.4
5.04   0   4.4
5.06   0   4.4
5.08   0   4.4
5.1   0   4.4
5.12   0   4.4
5.14   0   4.4
5.16   0   4.4
5.18   0   4.4
5.2   0   4.4
5.22   0   4.4
5.24   0   4.4
5.26   0   4.4
5.28   0   4.4
5.3   0   4.4
5.32   0   4.4
5.34   0   4.4
5.36   0   4.4
5.38   0   4.4
5.4   0   4.4
5.42   0   4.4
5.44   0   4.4
5.46   0   4.4
5.48   0   4.4
5.5   0   4.4
5.52   0   4.4
5.54   0   4.4
5.56   0   4.4
5.58   0   4.4
5.6   0   4.4
5.62   0   4.4
5.64   0   4.4
5.66   0   4.4
5.68   0   4.4
5.7   0   4.4
5.72   0   4.4
5.74   0   4.4
5.76   0   4.4
5.78   0   4.4
5.8   0   4.4
5.82   0   4.4
5.84   0   4.4
5.86   0   4.4
5.88   0   4.4
5.9   0   4.4
5.92   0   4.4
5.94   0   4.4
5.96   0   4.4
5.98   0   4.4
6   0   4.4
6.02   0   4.4
6.04   0   4.4
6.06   0   4.4
6.08   0   4.4
6.1   0   4.4
6.12   0   4.4
6.14   0   4.4
6.16   0   4.4
6.18   0   4.4
6.2   0   4.4
6.22   0   4.4
6.24   0   4.4
6.26   0   4.4
6.28   0   4.4
6.3   0   4.4
6.32   0   4.4
6.34   0   4.4
6.36   0   4.4
6.38   0   4.4
6.4   0   4.4
6.42   0   4.4
6.44   0   4.4
6.46   0   4.4
6.48   0   4.4
6.5   0   4.4
6.52   0   4.4
6.54   0   4.4
6.56   0   4.4
6.58   0   4.4
6.6   0   4.4
6.62   0   4.4
6.64   0   4.4
6.66   0   4.4
6.68   0   4.4
6.7   0   4.4
6.72   0   4.4
6.74   0   4.4
6.76   0   4.4
6.78   0   4.4
6.8   0   4.4
6.82   0   4.4
6.84   0   4.4
6.86   0   4.4
6.88   0   4.4
6.9   0   4.4
6.92   0   4.4
6.94   0   4.4
6.96   0   4.4
6.98   0   4.4
7   0   4.4
7.02   0   4.4
7.04   0   4.4
7.06   0   4.4
7.08   0   4.4
7.1   0   4.4
7.12   0   4.4
7.14   0   4.4
7.16   0   4.4
7.18   0   4.4
7.2   0   4.4
7.22   0   4.4
7.24   0   4.4
7.26   0   4.4
7.28   0   4.4
7.3   0   4.4
7.32   0   4.4
7.34   0   4.4
7.36   0   4.4
7.38   0   4.4
7.4   0   4.4
7.42   0   4.4
7.44   0   4.4
7.46   0   4.4
7.48   0   4.4
7.5   0   4.4
7.52   0   4.4
7.54   0   4.4
7.56   0   4.4
7.58   0   4.4
7.6   0   4.4
7.62   0   4.4
7.64   0   4.4
7.66   0   4.4
7.68   0   4.4
7.7   0   4.4
7.72   0   4.4
7.74   0   4.4
7.76   0   4.4
7.78   0   4.4
7.8   0   4.4
7.82   0   4.4
7.84   0   4.4
7.86   0   4.4
7.88   0   4.4
7.9   0   4.4
7.92   0   4.4
7.94   0   4.4
7.96   0   4.4
7.98   0   4.4
8   0   4.4
8.02   0   4.4
8.04   0   4.4
8.06   0   4.4
8.08   0   4.4
8.1   0   4.4
8.12   0   4.4
8.14   0   4.4
8.16   0   4.4
8.18   0   4.4
8.2   0   4.4
8.22   0   4.4
8.24   0   4.4
8.26   0   4.4
8.28   0   4.4
8.3   0   4.4
8.32   0   4.4
8.34   0   4.4
8.36   0   4.4
8.38   0   4.4
8.4   0   4.4
8.42   0   4.4
8.44   0   4.4
8.46   0   4.4
8.48   0   4.4
8.5   0   4.4
8.52   0   4.4
8.54   0   4.4
8.56   0   4.4
8.58   0   4.4
8.6   0   4.4
8.62   0   4.4
8.64   0   4.4
8.66   0   4.4
8.68   0   4.4
8.7   0   4.4
8.72   0   4.4
8.74   0   4.4
8.76   0   4.4
8.78   0   4.4
8.8   0   4.4
8.82   0   4.4
8.84   0   4.4
8.86   0   4.4
8.88   0   4.4
8.9   0   4.4
8.92   0   4.4
8.94   0   4.4
8.96   0   4.4
8.98   0   4.4
9   0   4.4
9.02   0   4.4
9.04   0   4.4
9.06   0   4.4
9.08   0   4.4
9.1   0   4.4
9.12   0   4.4
9.14   0   4.4
9.16   0   4.4
9.18   0   4.4
9.2   0   4.4
9.22   0   4.4
9.24   0   4.4
9.26   0   4.4
9.28   0   4.4
9.3   0   4.4
9.32   0   4.4
9.34   0   4.4
9.36   0   4.4
9.38   0   4.4
9.4   0   4.4
9.42   0   4.4
9.44   0   4.4
9.46   0   4.4
9.48   0   4.4
9.5   0   4.4
9.52   0   4.4
9.54   0   4.4
9.56   0   4.4
9.58   0   4.4
9.6   0   4.4
9.62   0   4.4
9.64   0   4.4
9.66   0   4.4
9.68   0   4.4
9.7   0   4.4
9.72   0   4.4
9.74   0   4.4
9.76   0   4.4
9.78   0   4.4
9.8   0   4.4
9.82   0   4.4
9.84   0   4.4
9.86   0   4.4
9.88   0   4.4
9.9   0   4.4
9.92   0   4.4
9.94   0   4.4
9.96   0   4.4
9.98   0   4.4
10   0   4.4
10.02   0   4.4
10.04   0   4.4
10.06   0   4.4
10.08   0   4.4
10.1   0   4.4
10.12   0   4.4
10.14   0   4.4
10.16   0   4.4
10.18   0   4.4
10.2   0   4.4
10.22   0   4.4
10.24   0   4.4
10.26   0   4.4
10.28   0   4.4
10.3   0   4.4
10.32   0   4.4
10.34   0   4.4
10.36   0   4.4
10.38   0   4.4
10.4   0   4.4
10.42   0   4.4
10.44   0   4.4
10.46   0   4.4
10.48   0   4.4
10.5   0   4.4
10.52   0   4.4
10.54   0   4.4
10.56   0   4.4
10.58   0   4.4
10.6   0   4.4
10.62   0   4.4
10.64   0   4.4
10.66   0   4.4
10.68   0   4.4
10.7   0   4.4
10.72   0   4.4
10.74   0   4.4
10.76   0   4.4
10.78   0   4.4
10.8   0   4.4
10.82   0   4.4
10.84   0   4.4
10.86   0   4.4
10.88   0   4.4
10.9   0   4.4
10.92   0   4.4
10.94   0   4.4
10.96   0   4.4
10.98   0   4.4
11   0   4.4
11.02   0   4.4
11.04   0   4.4
11.06   0   4.4
11.08   0   4.4
11.1   0   4.4
11.12   0   4.4
11.14   0.000117021   4.4
11.16   0.00012027   4.4
11.18   0.000123656   4.4
11.2   0.000127187   4.4
11.22   0.000130871   4.4
11.24   0.000134717   4.4
11.26   0.000138736   4.4
11.28   0.000142937   4.4
11.3   0.000147332   4.4
11.32   0.000151932   4.4
11.34   0.000156752   4.4
11.36   0.000161804   4.4
11.38   0.000167104   4.4
11.4   0.000172669   4.4
11.42   0.000178516   4.4
11.44   0.000184665   4.4
11.46   0.000191137   4.4
11.48   0.000197956   4.4
11.5   0.000205145   4.4
11.52   0.000212734   4.4
11.54   0.000220751   4.4
11.56   0.000229229   4.4
11.58   0.000238205   4.4
11.6   0.000247718   4.4
11.62   0.000257812   4.4
11.64   0.000268536   4.4
11.66   0.000279942   4.4
11.68   0.00029209   4.4
11.7   0.000305045   4.4
11.72   0.00031888   4.4
11.74   0.000333678   4.4
11.76   0.000349529   4.4
11.78   0.000366535   4.4
11.8   0.000384812   4.4
11.82   0.000404488   4.4
11.84   0.000425712   4.4
11.86   0.000448647   4.4
11.88   0.000473484   4.4
11.9   0.000500439   4.4
11.92   0.000529759   4.4
11.94   0.000561727   4.4
11.96   0.000596674   4.4
11.98   0.000634978   4.4
12   0.000677084   4.4
12.02   0.00072351   4.4
12.04   0.000774868   4.4
12.06   0.000831878   4.4
12.08   0.000895399   4.4
12.1   0.000966458   4.4
12.12   0.00104629   4.4
12.14   0.0011364   4.4
12.16   0.00123863   4.4
12.18   0.00135522   4.4
12.2   0.00148899   4.4
12.22   0.00164348   4.4
12.24   0.00182315   4.4
12.26   0.00203376   4.4
12.28   0.00228278   4.4
12.3   0.00258005   4.4
12.32   0.00293874   4.4
12.34   0.00337681   4.4
12.36   0.00391914   4.4
12.38   0.00460105   4.4
12.4   0.00547384   4.4
12.42   0.00661465   4.4
12.44   0.00814571   4.4
12.46   0.0102783   4.4
12.48   0.0134163   4.4
12.5   0.0183655   4.4
12.52   0.0266223   4.4
12.54   0.0404978   4.4
12.56   0.0625174   4.4
12.58   0.0925285   4.4
12.6   0.118787   4.4
12.62   0.117095   4.4
12.64   0.0894131   4.4
12.66   0.0599539   4.4
12.68   0.0388125   4.4
12.7   0.0256068   4.4
12.72   0.0177645   4.4
12.74   0.0130458   4.4
12.76   0.0100334   4.4
12.78   0.00797336   4.4
12.8   0.00648796   4.4
12.82   0.00537789   4.4
12.84   0.00452671   4.4
12.86   0.00386045   4.4
12.88   0.0033297   4.4
12.9   0.00290038   4.4
12.92   0.00254842   4.4
12.94   0.0022564   4.4
12.96   0.00201154   4.4
12.98   0.00180427   4.4
13   0.00162729   4.4
13.02   0.00147502   4.4
13.04   0.00134307   4.4
13.06   0.001228   4.4
13.08   0.00112706   4.4
13.1   0.00103803   4.4
13.12   0.000959122   4.4
13.14   0.000888853   4.4
13.16   0.000826013   4.4
13.18   0.000769593   4.4
13.2   0.000718749   4.4
13.22   0.000672772   4.4
13.24   0.00063106   4.4
13.26   0.000593104   4.4
13.28   0.000558466   4.4
13.3   0.000526771   4.4
13.32   0.000497695   4.4
13.34   0.000470958   4.4
13.36   0.000446317   4.4
13.38   0.000423557   4.4
13.4   0.000402493   4.4
13.42   0.00038296   4.4
13.44   0.000364813   4.4
13.46   0.000347925   4.4
13.48   0.000332182   4.4
13.5   0.000317482   4.4
13.52   0.000303736   4.4
13.54   0.000290864   4.4
13.56   0.000278791   4.4
13.58   0.000267455   4.4
13.6   0.000256795   4.4
13.62   0.00024676   4.4
13.64   0.000237301   4.4
13.66   0.000228376   4.4
13.68   0.000219944   4.4
13.7   0.000211971   4.4
13.72   0.000204423   4.4
13.74   0.000197271   4.4
13.76   0.000190488   4.4
13.78   0.000184048   4.4
13.8   0.000177929   4.4
13.82   0.000172111   4.4
13.84   0.000166572   4.4
13.86   0.000161297   4.4
13.88   0.000156269   4.4
13.9   0.000151472   4.4
13.92   0.000146892   4.4
13.94   0.000142517   4.4
13.96   0.000138334   4.4
13.98   0.000134333   4.4
14   0.000130502   4.4
14.02   0.317301   4.4
14.04   0.326293   4.4
14.06   0.335673   4.4
14.08   0.345464   4.4
14.1   0.355577   4.4
14.12   0.366267   4.4
14.14   0.377447   4.4
14.16   0.389146   4.4
14.18   0.401397   4.4
14.2   0.414236   4.4
14.22   0.4277   4.4
14.24   0.441831   4.4
14.26   0.456674   4.4
14.28   0.472277   4.4
14.3   0.488694   4.4
14.32   0.50598   4.4
14.34   0.5242   4.4
14.36   0.543421   4.4
14.38   0.563719   4.4
14.4   0.585174   4.4
14.42   0.607877   4.4
14.44   0.631926   4.4
14.46   0.65743   4.4
14.48   0.684508   4.4
14.5   0.713292   4.4
14.52   0.74393   4.4
14.54   0.776582   4.4
14.56   0.81143   4.4
14.58   0.848675   4.4
14.6   0.888541   4.4
14.62   0.93128   4.4
14.64   0.977174   4.4
14.66   1.02654   4.4
14.68   1.07974   4.4
14.7   1.13718   4.4
14.72   1.19932   4.4
14.74   1.26669   4.4
14.76   1.33989   4.4
14.78   1.41961   4.4
14.8   1.50664   4.4
14.82   1.60192   4.4
14.84   1.70651   4.4
14.86   1.82165   4.4
14.88   1.94883   4.4
14.9   2.08977   4.4
14.92   2.24652   4.4
14.94   2.42153   4.4
14.96   2.61775   4.4
14.98   2.83873   4.4
15   3.08879   4.4
15.02   3.37326   4.4
15.04   3.6987   4.4
15.06   4.07335   4.4
15.08   4.50759   4.4
15.1   5.01464   4.4
15.12   5.61164   4.4
15.14   6.32097   4.4
15.16   7.1724   4.4
15.18   8.2061   4.4
15.2   9.47731   4.4
15.22   11.0635   4.4
15.24   13.076   4.4
15.26   15.6791   4.4
15.28   19.1258   4.4
15.3   23.8339   4.882
15.32   30.5665   5.5287
15.34   40.8339   6.39014
15.36   57.5815   7.58825
15.38   85.8424   9.26512
15.4   132.325   11.5033
15.42   201.631   14.1997
15.44   281.49   16.7777
15.46   318.011   17.8329
15.48   270.708   16.4532
15.5   190.135   13.7889
15.52   124.106   11.1403
15.54   80.7195   8.98441
15.56   54.5468   7.38558
15.58   39.0121   6.24597
15.6   29.4049   5.42263
15.62   23.0398   4.79998
15.64   18.5533   4.4
15.66   15.2514   4.4
15.68   12.7482   4.4
15.7   10.8071   4.4
15.72   9.2731   4.4
15.74   8.04098   4.4
15.76   7.03708   4.4
15.78   6.20874   4.4
15.8   5.51756   4.4
15.82   4.93502   4.4
15.84   4.43962   4.4
15.86   4.01489   4.4
15.88   3.64806   4.4
15.9   3.3291   4.4
15.92   3.05006   4.4
15.94   2.80457   4.4
15.96   2.58748   4.4
15.98   2.39459   4.4
16   2.22243   4.4
16.02   2.06814   4.4
16.04   1.92934   4.4
16.06   1.80403   4.4
16.08   1.69052   4.4
16.1   1.58738   4.4
16.12   1.49337   4.4
16.14   1.40747   4.4
16.16   1.32875   4.4
16.18   1.25645   4.4
16.2   1.18989   4.4
16.22   1.12847   4.4
16.24   1.07168   4.4
16.26   1.01906   4.4
16.28   0.970227   4.4
16.3   0.924814   4.4
16.32   0.882514   4.4
16.34   0.843048   4.4
16.36   0.806169   4.4
16.38   0.771655   4.4
16.4   0.739622   4.4
16.42   0.709276   4.4
16.44   0.680759   4.4
16.46   0.65393   4.4
16.48   0.628657   4.4
16.5   0.604822   4.4
16.52   0.582319   4.4
16.54   0.561051   4.4
16.56   0.540928   4.4
16.58   0.521871   4.4
16.6   0.503805   4.4
16.62   0.486663   4.4
16.64   0.470384   4.4
16.66   0.454911   4.4
16.68   0.440191   4.4
16.7   0.426176   4.4
16.72   0.412824   4.4
16.74   0.400092   4.4
16.76   0.387943   4.4
16.78   0.376343   4.4
16.8   0.365258   4.4
16.82   0.35466   4.4
16.84   0.34452   4.4
16.86   0.334813   4.4
16.88   0.325515   4.4
16.9   0.316603   4.4
16.92   0.000749403   4.4
16.94   0.000781952   4.4
16.96   0.000816665   4.4
16.98   0.00085374   4.4
17   0.000893395   4.4
17.02   0.000935875   4.4
17.04   0.000981455   4.4
17.06   0.00103044   4.4
17.08   0.00108319   4.4
17.1   0.00114008   4.4
17.12   0.00120157   4.4
17.14   0.00126817   4.4
17.16   0.00134044   4.4
17.18   0.00141907   4.4
17.2   0.00150481   4.4
17.22   0.00159855   4.4
17.24   0.0017013   4.4
17.26   0.00181427   4.4
17.28   0.00193884   4.4
17.3   0.00207667   4.4
17.32   0.00222968   4.4
17.34   0.0024002   4.4
17.36   0.00259099   4.4
17.38   0.00280537   4.4
17.4   0.0030474   4.4
17.42   0.00332202   4.4
17.44   0.00363532   4.4
17.46   0.00399487   4.4
17.48   0.00441021   4.4
17.5   0.00489342   4.4
17.52   0.00546001   4.4
17.54   0.00613017   4.4
17.56   0.00693052   4.4
17.58   0.00789671   4.4
17.6   0.0090773   4.4
17.62   0.0105398   4.4
17.64   0.0123798   4.4
17.66   0.0147369   4.4
17.68   0.0178206   4.4
17.7   0.0219644   4.4
17.72   0.0277469   4.4
17.74   0.0362782   4.4
17.76   0.0497716   4.4
17.78   0.0723151   4.4
17.8   0.11016   4.4
17.82   0.169986   4.4
17.84   0.250722   4.4
17.86   0.319097   4.4
17.88   0.310831   4.4
17.9   0.235488   4.4
17.92   0.157444   4.4
17.94   0.101913   4.4
17.96   0.0673451   4.4
17.98   0.0468301   4.4
18   0.034465   4.4
18.02   0.0265485   4.4
18.04   0.0211211   4.4
18.06   0.0172007   4.4
18.08   0.0142674   4.4
18.1   0.0120161   4.4
18.12   0.0102526   4.4
18.14   0.0088468   4.4
18.16   0.00770903   4.4
18.18   0.00677576   4.4
18.2   0.00600111   4.4
18.22   0.00535129   4.4
18.24   0.00480101   4.4
18.26   0.00433102   4.4
18.28   0.0039265   4.4
18.3   0.00357589   4.4
18.32   0.00327005   4.4
18.34   0.0030017   4.4
18.36   0.00276497   4.4
18.38   0.00255509   4.4
18.4   0.00236817   4.4
18.42   0.00220099   4.4
18.44   0.00205086   4.4
18.46   0.00191555   4.4
18.48   0.00179317   4.4
18.5   0.00168213   4.4
18.52   0.00158108   4.4
18.54   0.00148885   4.4
18.56   0.0210282   4.4
18.58   0.0215076   4.4
18.6   0.0220173   4.4
18.62   0.022558   4.4
18.64   0.0231307   4.4
18.66   0.0237364   4.4
18.68   0.0243765   4.4
18.7   0.0250525   4.4
18.72   0.0257661   4.4
18.74   0.026519   4.4
18.76   0.0273136   4.4
18.78   0.028152   4.4
18.8   0.0290368   4.4
18.82   0.0299708   4.4
18.84   0.0309572   4.4
18.86   0.0319994   4.4
18.88   0.033101   4.4
18.9   0.0342662   4.4
18.92   0.0354996   4.4
18.94   0.036806   4.4
18.96   0.038191   4.4
18.98   0.0396605   4.4
19   0.0412213   4.4
19.02   0.0428807   4.4
19.04   0.0446468   4.4
19.06   0.0465286   4.4
19.08   0.0485362   4.4
19.1   0.0506807   4.4
19.12   0.0529746   4.4
19.14   0.0554316   4.4
19.16   0.0580675   4.4
19.18   0.0608997   4.4
19.2   0.063948   4.4
19.22   0.0672345   4.4
19.24   0.0707846   4.4
19.26   0.0746268   4.4
19.28   0.0787939   4.4
19.3   0.0833233   4.4
19.32   0.0882578   4.4
19.34   0.0936471   4.4
19.36   0.099245   4.4
19.38   0.105733   4.4
19.4   0.112876   4.4
19.42   0.120767   4.4
19.44   0.129513   4.4
19.46   0.139242   4.4
19.48   0.150106   4.4
19.5   0.162288   4.4
19.52   0.17601   4.4
19.54   0.191541   4.4
19.56   0.209212   4.4
19.58   0.229434   4.4
19.6   0.252719   4.4
19.62   0.279715   4.4
19.64   0.311248   4.4
19.66   0.348386   4.4
19.68   0.392529   4.4
19.7   0.445537   4.4
19.72   0.509924   4.4
19.74   0.589146   4.4
19.76   0.68806   4.4
19.78   0.813641   4.4
19.8   0.97621   4.4
19.82   1.19169   4.4
19.84   1.48646   4.4
19.86   1.90889   4.4
19.88   2.55489   4.4
19.9   3.61092   4.4
19.92   5.39328   4.4
19.94   8.31807   4.4
19.96   12.6533   4.4
19.98   17.5648   4.4
20   19.6328   4.4309
20.02   16.5468   4.4
20.04   11.5668   4.4
20.06   7.54098   4.4
20.08   4.90882   4.4
20.1   3.32391   4.4
20.12   2.38259   4.4
20.14   1.79903   4.4
20.16   1.41136   4.4
20.18   1.13756   4.4
20.2   0.935774   4.4
20.22   0.782649   4.4
20.24   0.663811   4.4
20.26   0.569838   4.4
20.28   0.494312   4.4
20.3   0.432743   4.4
20.32   0.381917   4.4
20.34   0.33949   4.4
20.36   0.30372   4.4
20.38   0.273289   4.4
20.4   0.247192   4.4
20.42   0.224645   4.4
20.44   0.205037   4.4
20.46   2.48419   4.4
20.48   2.53284   4.4
20.5   2.58593   4.4
20.52   2.64335   4.4
20.54   2.70505   4.4
20.56   2.77104   4.4
20.58   2.84135   4.4
20.6   2.91608   4.4
20.62   2.99533   4.4
20.64   3.07925   4.4
20.66   3.16803   4.4
20.68   3.26187   4.4
20.7   3.36103   4.4
20.72   3.46578   4.4
20.74   3.57642   4.4
20.76   3.6933   4.4
20.78   3.81681   4.4
20.8   3.94736   4.4
20.82   4.08544   4.4
20.84   4.23154   4.4
20.86   4.38625   4.4
20.88   4.55019   4.4
20.9   4.72405   4.4
20.92   4.90861   4.4
20.94   5.10469   4.4
20.96   5.31325   4.4
20.98   5.53531   4.4
21   5.77204   4.4
21.02   6.0247   4.4
21.04   6.29472   4.4
21.06   6.58371   4.4
21.08   6.89344   4.4
21.1   7.22592   4.4
21.12   7.58339   4.4
21.14   7.96839   4.4
21.16   8.38379   4.4
21.18   8.83286   4.4
21.2   9.31929   4.4
21.22   9.84732   4.4
21.24   10.4218   4.4
21.26   11.0483   4.4
21.28   11.7333   4.4
21.3   12.4842   4.4
21.32   13.3097   4.4
21.34   14.22   4.4
21.36   15.2272   4.4
21.38   16.3453   4.4
21.4   17.5912   4.4
21.42   18.985   4.4
21.44   20.5511   4.53333
21.46   22.2998   4.72227
21.48   24.3057   4.93008
21.5   26.5937   5.1569
21.52   29.2187   5.40544
21.54   32.2503   5.67893
21.56   35.7761   5.98131
21.58   39.9089   6.31735
21.6   44.7954   6.69294
21.62   50.6288   7.11539
21.64   57.6675   7.59392
21.66   66.2639   8.14026
21.68   76.9063   8.76962
21.7   90.2876   9.50198
21.72   107.415   10.3641
21.74   129.801   11.393
21.76   159.846   12.643
21.78   201.694   14.2019
21.8   263.273   16.2257
21.82   360.395   18.9841
21.84   522.425   22.8566
21.86   794.714   28.1907
21.88   1226.82   35.0259
21.9   1815.73   42.6114
21.92   2330.99   48.2803
21.94   2297.74   47.9348
21.96   1754.51   41.8869
21.98   1176.44   34.2993
22   761.597   27.597
22.02   502.469   22.4158
22.04   348.585   18.6704
22.06   255.993   15.9998
22.08   196.882   14.0315
22.1   156.459   12.5084
22.12   127.312   11.2833
22.14   105.529   10.2727
22.16   88.8268   9.4248
22.18   75.7529   8.70362
22.2   65.3382   8.0832
22.22   56.9138   7.54412
22.24   50.0072   7.07158
22.26   44.2771   6.6541
22.28   39.4723   6.2827
22.3   35.4049   5.9502
22.32   31.9322   5.65086
22.34   28.9442   5.37998
22.36   26.355   5.13371
22.38   24.097   4.90887
22.4   22.1163   4.70279
22.42   20.3693   4.51323
22.44   18.8208   4.4
22.46   17.4419   4.4
22.48   16.2088   4.4
22.5   15.1017   4.4
22.52   14.104   4.4
22.54   13.2018   4.4
22.56   12.3833   4.4
22.58   11.6385   4.4
22.6   10.9588   4.4
22.62   10.3368   4.4
22.64   9.76625   4.4
22.66   9.2416   4.4
22.68   8.75806   4.4
22.7   8.31144   4.4
22.72   7.8981   4.4
22.74   7.5148   4.4
22.76   7.15871   4.4
22.78   6.82732   4.4
22.8   6.51839   4.4
22.82   6.22995   4.4
22.84   5.96021   4.4
22.86   5.70761   4.4
22.88   5.47072   4.4
22.9   5.24826   4.4
22.92   5.03909   4.4
22.94   4.84217   4.4
22.96   4.65656   4.4
22.98   4.48142   4.4
23   4.31596   4.4
23.02   4.1595   4.4
23.04   4.01139   4.4
23.06   3.87105   4.4
23.08   3.73794   4.4
23.1   3.61157   4.4
23.12   3.4915   4.4
23.14   3.37732   4.4
23.16   3.26865   4.4
23.18   3.16514   4.4
23.2   3.06646   4.4
23.22   2.97233   4.4
23.24   2.88246   4.4
23.26   2.7966   4.4
23.28   2.71453   4.4
23.3   2.63601   4.4
23.32   2.56085   4.4
23.34   2.48886   4.4
23.36   2.41986   4.4
23.38   2.35369   4.4
23.4   2.29019   4.4
23.42   0   4.4
23.44   0   4.4
23.46   0   4.4
23.48   0   4.4
23.5   0   4.4
23.52   0   4.4
23.54   0   4.4
23.56   0   4.4
23.58   0   4.4
23.6   0   4.4
23.62   0   4.4
23.64   0   4.4
23.66   0   4.4
23.68   0   4.4
23.7   0   4.4
23.72   0   4.4
23.74   0   4.4
23.76   0   4.4
23.78   0   4.4
23.8   0   4.4
23.82   0   4.4
23.84   0   4.4
23.86   0   4.4
23.88   0   4.4
23.9   0   4.4
23.92   0.0928563   4.4
23.94   0.0954612   4.4
23.96   0.0981773   4.4
23.98   0.101011   4.4
24   0.103969   4.4
24.02   0.107059   4.4
24.04   0.110289   4.4
24.06   0.113666   4.4
24.08   0.117202   4.4
24.1   0.120905   4.4
24.12   0.124786   4.4
24.14   0.128857   4.4
24.16   0.13313   4.4
24.18   0.13762   4.4
24.2   0.14234   4.4
24.22   0.147307   4.4
24.24   0.152538   4.4
24.26   0.158053   4.4
24.28   0.163873   4.4
24.3   0.17002   4.4
24.32   0.176518   4.4
24.34   0.183397   4.4
24.36   0.190685   4.4
24.38   0.198415   4.4
24.4   0.206626   4.4
24.42   0.215356   4.4
24.44   0.224651   4.4
24.46   0.23456   4.4
24.48   0.245139   4.4
24.5   0.256449   4.4
24.52   0.268559   4.4
24.54   0.281547   4.4
24.56   0.295499   4.4
24.58   0.310513   4.4
24.6   0.3267   4.4
24.62   0.344184   4.4
24.64   0.363107   4.4
24.66   0.383633   4.4
24.68   0.405946   4.4
24.7   0.430261   4.4
24.72   0.456822   4.4
24.74   0.485916   4.4
24.76   0.517874   4.4
24.78   0.553084   4.4
24.8   0.592001   4.4
24.82   0.635162   4.4
24.84   0.683207   4.4
24.86   0.736899   4.4
24.88   0.797154   4.4
24.9   0.865084   4.4
24.92   0.942043   4.4
24.94   1.0297   4.4
24.96   1.13012   4.4
24.98   1.24589   4.4
25   1.38029   4.4
25.02   1.53752   4.4
25.04   1.72299   4.4
25.06   1.94385   4.4
25.08   2.2096   4.4
25.1   2.53314   4.4
25.12   2.93226   4.4
25.14   3.43205   4.4
25.16   4.06874   4.4
25.18   4.89627   4.4
25.2   5.99874   4.4
25.22   7.51796   4.4
25.24   9.71884   4.4
25.26   13.1294   4.4
25.28   18.7591   4.4
25.3   28.2573   5.31576
25.32   43.6491   6.60674
25.34   65.7564   8.10903
25.36   88.5771   9.41154
25.38   93.9236   9.69142
25.4   75.659   8.69822
25.42   51.8266   7.19907
25.44   33.6411   5.8001
25.46   22.0057   4.69102
25.48   15.0514   4.4
25.5   11.3225   4.4
25.52   8.73157   4.4
25.54   6.99273   4.4
25.56   5.75724   4.4
25.58   4.84497   4.4
25.6   4.15333   4.4
25.62   3.61831   4.4
25.64   3.19762   4.4
25.66   2.86228   4.4
25.68   2.59196   4.4
25.7   2.37207   4.4
25.72   2.19194   4.4
25.74   2.04363   4.4
25.76   1.92116   4.4
25.78   1.81995   4.4
25.8   1.73646   4.4
25.82   1.66794   4.4
25.84   1.6122   4.4
25.86   1.56753   4.4
25.88   1.53258   4.4
25.9   1.50624   4.4
25.92   1.48767   4.4
25.94   1.47618   4.4
25.96   1.47125   4.4
25.98   1.47246   4.4
26   1.47953   4.4
26.02   1.49226   4.4
26.04   1.51052   4.4
26.06   1.53428   4.4
26.08   1.56358   4.4
26.1   1.5985   4.4
26.12   1.63923   4.4
26.14   1.686   4.4
26.16   1.73915   4.4
26.18   1.79906   4.4
26.2   1.86622   4.4
26.22   1.94121   4.4
26.24   2.02473   4.4
26.26   2.11759   4.4
26.28   2.22077   4.4
26.3   2.33538   4.4
26.32   2.46277   4.4
26.34   2.60451   4.4
26.36   2.76245   4.4
26.38   2.9388   4.4
26.4   3.13617   4.4
26.42   3.3577   4.4
26.44   3.60716   4.4
26.46   3.88911   4.4
26.48   4.20911   4.4
26.5   4.57398   4.4
26.52   4.99217   4.4
26.54   5.47423   4.4
26.56   6.03344   4.4
26.58   6.68678   4.4
26.6   7.45609   4.4
26.62   8.36996   4.4
26.64   9.46628   4.4
26.66   10.7961   4.4
26.68   12.4293   4.4
26.7   14.464   4.4
26.72   17.04   4.4
26.74   20.3635   4.51259
26.76   24.7492   4.97486
26.78   30.7109   5.54175
26.8   39.1731   6.25884
26.82   51.9528   7.20783
26.84   72.5359   8.5168
26.86   107.375   10.3622
26.88   165.112   12.8496
26.9   252.904   15.903
26.92   359.791   18.9681
26.94   421.965   20.5418
26.96   382.681   19.5622
26.98   276.931   16.6412
27   185.45   13.618
27.02   124.259   11.1472
27.04   87.1986   9.33802
27.06   65.375   8.08548
27.08   52.1303   7.22013
27.1   43.5728   6.60097
27.12   37.7087   6.14074
27.14   33.5308   5.79058
27.16   30.4879   5.52159
27.18   28.2465   5.31474
27.2   26.5902   5.15657
27.22   25.3734   5.0372
27.24   24.4948   4.94922
27.26   23.8831   4.88703
27.28   23.4867   4.84631
27.3   23.2682   4.82371
27.32   23.2001   4.81665
27.34   23.262   4.82307
27.36   23.4388   4.84136
27.38   23.7196   4.87028
27.4   24.0966   4.90883
27.42   24.5643   4.95624
27.44   25.1194   5.01193
27.46   25.7602   5.07546
27.48   26.4865   5.14651
27.5   27.2994   5.22488
27.52   28.2011   5.31047
27.54   29.1951   5.40325
27.56   30.2859   5.50326
27.58   31.4792   5.61063
27.6   32.7821   5.72556
27.62   34.2027   5.84831
27.64   35.7507   5.97919
27.66   37.4375   6.11862
27.68   39.276   6.26706
27.7   41.2815   6.42507
27.72   43.4713   6.59327
27.74   45.8656   6.77242
27.76   48.488   6.96333
27.78   51.3655   7.16697
27.8   54.5298   7.38443
27.82   58.0178   7.61694
27.84   61.873   7.86594
27.86   66.1465   8.13305
27.88   70.8988   8.42014
27.9   76.202   8.72938
27.92   82.1425   9.06325
27.94   88.8245   9.42467
27.96   96.3742   9.81704
27.98   104.946   10.2443
28   114.731   10.7113
28.02   125.966   11.2235
28.04   138.949   11.7877
28.06   154.057   12.412
28.08   171.776   13.1063
28.1   192.738   13.883
28.12   217.773   14.7571
28.14   247.997   15.7479
28.16   284.926   16.8798
28.18   330.67   18.1843
28.2   388.217   19.7032
28.22   461.917   21.4923
28.24   558.316   23.6287
28.26   687.804   26.226
28.28   868.391   29.4685
28.3   1134.59   33.6837
28.32   1555.24   39.4366
28.34   2257.7   47.5152
28.36   3437.38   58.6292
28.38   5306.27   72.8441
28.4   7834.43   88.5123
28.42   10000   100
28.44   9780.17   98.8947
28.46   7429.47   86.1944
28.48   4972.64   70.5169
28.5   3219.57   56.7412
28.52   2127.05   46.1199
28.54   1478.57   38.4521
28.56   1087.96   32.9842
28.58   838.149   28.9508
28.6   667.051   25.8273
28.62   543.558   23.3143
28.64   451.217   21.2419
28.66   380.389   19.5036
28.68   324.942   18.0261
28.7   280.774   16.7563
28.72   245.054   15.6542
28.74   215.782   14.6895
28.76   191.51   13.8387
28.78   171.174   13.0833
28.8   153.978   12.4088
28.82   139.316   11.8032
28.84   126.722   11.2571
28.86   115.832   10.7625
28.88   106.359   10.313
28.9   98.0744   9.90325
28.92   90.7949   9.52864
28.94   84.3711   9.18537
28.96   78.681   8.87023
28.98   73.6246   8.58048
29   69.1187   8.31376
29.02   65.0943   8.06811
29.04   61.4938   7.8418
29.06   58.2687   7.63339
29.08   55.3783   7.44166
29.1   52.7884   7.26556
29.12   50.4702   7.10424
29.14   48.3995   6.95698
29.16   46.5564   6.82322
29.18   44.9241   6.70255
29.2   43.4894   6.59465
29.22   42.2419   6.49938
29.24   41.1737   6.41667
29.26   40.2798   6.34664
29.28   39.5579   6.2895
29.3   39.008   6.24564
29.32   38.6335   6.21558
29.34   38.4407   6.20005
29.36   38.4396   6.19997
29.38   38.6445   6.21647
29.4   39.075   6.251
29.42   39.7568   6.3053
29.44   40.7237   6.38152
29.46   42.0198   6.48227
29.48   43.7024   6.61078
29.5   45.8465   6.77101
29.52   48.5511   6.96787
29.54   51.948   7.20749
29.56   56.2147   7.49765
29.58   61.5949   7.84824
29.6   68.4279   8.27212
29.62   77.1969   8.78618
29.64   88.6069   9.41312
29.66   103.722   10.1844
29.68   124.237   11.1462
29.7   153.109   12.3737
29.72   196.027   14.001
29.74   264.43   16.2613
29.76   378.956   19.4668
29.78   571.289   23.9017
29.8   874.473   29.5715
29.82   1280.07   35.778
29.84   1613.26   40.1654
29.86   1555.24   39.4365
29.88   1172.67   34.2443
29.9   785.251   28.0223
29.92   501.994   22.4052
29.94   332.249   18.2277
29.96   231.564   15.2172
29.98   170.783   13.0684
30   131.773   11.4792
30.02   104.97   10.2455
30.04   85.5822   9.25106
30.06   71.0623   8.42985
30.08   59.9112   7.74023
30.1   51.1717   7.15344
30.12   44.2026   6.64851
30.14   38.561   6.20975
30.16   33.9329   5.82519
30.18   30.0915   5.48558
30.2   26.8698   5.18361
30.22   24.1424   4.91349
30.24   21.8141   4.67055
30.26   19.8115   4.45101
30.28   18.0773   4.4
30.3   16.5662   4.4
30.32   15.2423   4.4
30.34   14.0764   4.4
30.36   13.0449   4.4
30.38   12.1286   4.4
30.4   11.3116   4.4
30.42   10.5806   4.4
30.44   9.92476   4.4
30.46   9.33475   4.4
30.48   8.80285   4.4
30.5   8.32249   4.4
30.52   7.88813   4.4
30.54   7.49504   4.4
30.56   7.13923   4.4
30.58   6.81734   4.4
30.6   6.52651   4.4
30.62   6.26439   4.4
30.64   6.02903   4.4
30.66   5.81889   4.4
30.68   5.63281   4.4
30.7   5.46998   4.4
30.72   5.32997   4.4
30.74   5.21276   4.4
30.76   5.11876   4.4
30.78   5.04886   4.4
30.8   5.00457   4.4
30.82   4.9881   4.4
30.84   5.00261   4.4
30.86   5.05242   4.4
30.88   5.14345   4.4
30.9   5.28376   4.4
30.92   5.4844   4.4
30.94   5.76067   4.4
30.96   6.13406   4.4
30.98   6.6353   4.4
31   7.30937   4.4
31.02   8.22424   4.4
31.04   9.48836   4.4
31.06   12.9213   4.4
31.08   15.671   4.4
31.1   20.0492   4.47763
31.12   27.3903   5.23357
31.14   39.7231   6.30262
31.16   59.1845   7.69315
31.18   85.2964   9.2356
31.2   106.969   10.3426
31.22   103.598   10.1783
31.24   79.0887   8.89318
31.26   54.0935   7.35483
31.28   36.4072   6.03384
31.3   25.4339   5.0432
31.32   17.385   4.4
31.34   13.529   4.4
31.36   11.0899   4.4
31.38   9.4471   4.4
31.4   8.28953   4.4
31.42   7.45238   4.4
31.44   6.83887   4.4
31.46   6.38747   4.4
31.48   6.05716   4.4
31.5   5.81978   4.4
31.52   5.65562   4.4
31.54   5.55063   4.4
31.56   5.4947   4.4
31.58   5.48053   4.4
31.6   5.50281   4.4
31.62   5.55776   4.4
31.64   5.64274   4.4
31.66   5.75603   4.4
31.68   5.89662   4.4
31.7   6.06415   4.4
31.72   6.25878   4.4
31.74   6.48118   4.4
31.76   6.73248   4.4
31.78   7.01428   4.4
31.8   7.32869   4.4
31.82   7.67831   4.4
31.84   8.06632   4.4
31.86   8.49654   4.4
31.88   8.97354   4.4
31.9   9.50272   4.4
31.92   10.0905   4.4
31.94   10.7445   4.4
31.96   11.4738   4.4
31.98   12.2892   4.4
32   13.2036   4.4
32.02   14.2328   4.4
32.04   15.3957   4.4
32.06   16.7154   4.4
32.08   18.2205   4.4
32.1   19.9462   4.46612
32.12   21.9368   4.68367
32.14   24.2482   4.92424
32.16   26.9518   5.19151
32.18   30.1401   5.49
32.2   33.9343   5.82532
32.22   38.4957   6.20449
32.24   44.0424   6.63645
32.26   50.875   7.13267
32.28   59.4157   7.70816
32.3   70.2727   8.38288
32.32   84.3469   9.18406
32.34   107.034   10.3457
32.36   132.768   11.5225
32.38   169.726   13.0279
32.4   226.419   15.0472
32.42   319.317   17.8694
32.44   476.047   21.8185
32.46   732.237   27.0599
32.48   1108.47   33.2937
32.5   1523.61   39.0334
32.52   1675.65   40.9347
32.54   1393.18   37.3253
32.56   969.268   31.1331
32.58   633.093   25.1613
32.6   414.909   20.3693
32.62   283.952   16.8509
32.64   206.181   14.359
32.66   157.886   12.5653
32.68   125.663   11.2099
32.7   102.994   10.1486
32.72   86.3373   9.29179
32.74   73.7595   8.58833
32.76   64.0673   8.00421
32.78   56.4768   7.5151
32.8   50.4536   7.10307
32.82   45.6239   6.75455
32.84   41.7206   6.45915
32.86   38.549   6.20879
32.88   35.9654   5.99712
32.9   33.8618   5.81909
32.92   32.1564   5.67066
32.94   30.7865   5.54856
32.96   29.7041   5.45015
32.98   28.8721   5.37328
33   28.2622   5.31622
33.02   27.8528   5.27758
33.04   27.6279   5.25623
33.06   27.5763   5.25131
33.08   27.6906   5.26219
33.1   27.9672   5.2884
33.12   28.4055   5.32968
33.14   29.0085   5.38595
33.16   29.7819   5.45728
33.18   30.7351   5.54393
33.2   31.881   5.64632
33.22   33.2364   5.7651
33.24   34.8229   5.90109
33.26   36.6674   6.05536
33.28   38.8036   6.22925
33.3   41.273   6.4244
33.32   44.127   6.64282
33.34   47.4297   6.88692
33.36   51.2609   7.15967
33.38   55.7211   7.46465
33.4   60.9374   7.80624
33.42   67.0727   8.18979
33.44   74.3375   8.62192
33.46   83.0077   9.11086
33.48   93.4498   9.66694
33.5   106.158   10.3033
33.52   121.812   11.0368
33.54   141.363   11.8896
33.56   166.174   12.8909
33.58   198.255   14.0803
33.6   240.687   15.5141
33.62   298.52   17.2777
33.64   380.901   19.5167
33.66   505.863   22.4914
33.68   708.781   26.6229
33.7   1051.01   32.4194
33.72   1616.55   40.2064
33.74   2469.83   49.6974
33.76   3486.39   59.0457
33.78   4026.56   63.4552
33.8   3502.78   59.1843
33.82   2487.17   49.8715
33.84   1628.72   40.3575
33.86   1058.31   32.5316
33.88   712.734   26.6971
33.9   507.815   22.5348
33.92   381.696   19.5371
33.94   298.604   17.2802
33.96   240.279   15.5009
33.98   195.854   13.9948
34   163.502   12.7868
34.02   138.456   11.7667
34.04   118.693   10.8946
34.06   102.839   10.1409
34.08   89.9351   9.48341
34.1   79.2986   8.90498
34.12   70.4311   8.39233
34.14   62.9634   7.93495
34.16   56.6171   7.52443
34.18   51.1796   7.15399
34.2   46.486   6.81806
34.22   42.4071   6.51207
34.24   38.8405   6.23222
34.26   35.7041   5.97529
34.28   32.9317   5.73862
34.3   30.4692   5.51989
34.32   28.2721   5.31715
34.34   26.3038   5.12873
34.36   24.5337   4.95315
34.38   22.936   4.78915
34.4   21.4891   4.63564
34.42   20.1747   4.49163
34.44   18.9771   4.4
34.46   17.8828   4.4
34.48   16.8804   4.4
34.5   15.9599   4.4
34.52   15.1125   4.4
34.54   14.3308   4.4
34.56   13.6081   4.4
34.58   12.9386   4.4
34.6   12.3174   4.4
34.62   11.7397   4.4
34.64   11.2018   4.4
34.66   10.6999   4.4
34.68   10.231   4.4
34.7   9.79221   4.4
34.72   9.65539   4.4
34.74   9.27717   4.4
34.76   8.92258   4.4
34.78   8.58979   4.4
34.8   8.27716   4.4
34.82   7.98321   4.4
34.84   7.7066   4.4
34.86   7.44612   4.4
34.88   7.20067   4.4
34.9   6.96924   4.4
34.92   6.75092   4.4
34.94   6.5449   4.4
34.96   6.35041   4.4
34.98   6.16678   4.4
35   5.99338   4.4
35.02   5.82965   4.4
35.04   5.67507   4.4
35.06   5.52918   4.4
35.08   5.39156   4.4
35.1   5.26182   4.4
35.12   5.13962   4.4
35.14   5.02467   4.4
35.16   4.91669   4.4
35.18   4.81544   4.4
35.2   4.72073   4.4
35.22   4.63237   4.4
35.24   0.655653   4.4
35.26   0.684062   4.4
35.28   0.714356   4.4
35.3   0.746706   4.4
35.32   0.781302   4.4
35.34   0.818356   4.4
35.36   0.858107   4.4
35.38   0.900822   4.4
35.4   0.946803   4.4
35.42   0.996391   4.4
35.44   1.04997   4.4
35.46   1.10799   4.4
35.48   1.17094   4.4
35.5   1.23941   4.4
35.52   1.31405   4.4
35.54   1.39562   4.4
35.56   1.48502   4.4
35.58   1.58327   4.4
35.6   1.69158   4.4
35.62   1.81136   4.4
35.64   1.9443   4.4
35.66   2.09238   4.4
35.68   2.25798   4.4
35.7   2.44398   4.4
35.72   2.65385   4.4
35.74   2.89184   4.4
35.76   3.16318   4.4
35.78   3.47438   4.4
35.8   3.83359   4.4
35.82   4.25115   4.4
35.84   4.74034   4.4
35.86   5.31837   4.4
35.88   6.00792   4.4
35.9   8.13709   4.4
35.92   9.18821   4.4
35.94   10.4811   4.4
35.96   12.0968   4.4
35.98   14.1527   4.4
36   16.8249   4.4
36.02   20.3909   4.51562
36.04   25.327   5.0326
36.06   32.5387   5.70427
36.08   43.8324   6.6206
36.1   62.5922   7.91152
36.12   94.1301   9.70207
36.14   144.461   12.0192
36.16   214.13   14.6332
36.18   278.292   16.6821
36.2   279.972   16.7324
36.22   217.304   14.7412
36.24   147.251   12.1347
36.26   96.2277   9.80957
36.28   64.1973   8.01232
36.3   45.1901   6.72236
36.32   33.8269   5.81609
36.34   26.6491   5.16227
36.36   21.8012   4.66918
36.38   18.3539   4.4
36.4   15.82   4.4
36.42   13.9173   4.4
36.44   12.4675   4.4
36.46   11.3524   4.4
36.48   10.4907   4.4
36.5   9.82548   4.4
36.52   9.31618   4.4
36.54   8.93336   4.4
36.56   8.65551   4.4
36.58   8.46683   4.4
36.6   8.35576   4.4
36.62   8.31394   4.4
36.64   8.33551   4.4
36.66   8.41666   4.4
36.68   8.55525   4.4
36.7   8.75064   4.4
36.72   9.00353   4.4
36.74   9.31596   4.4
36.76   9.69128   4.4
36.78   10.1343   4.4
36.8   10.6513   4.4
36.82   11.2505   4.4
36.84   11.9421   4.4
36.86   12.7389   4.4
36.88   13.6568   4.4
36.9   14.7157   4.4
36.92   15.9402   4.4
36.94   17.3613   4.4
36.96   19.0186   4.4
36.98   20.962   4.57843
37   23.3462   4.83179
37.02   26.0787   5.10673
37.04   29.3589   5.41839
37.06   33.3375   5.77386
37.08   38.2204   6.18226
37.1   44.2948   6.65543
37.12   51.9701   7.20903
37.14   61.8455   7.86419
37.16   74.8294   8.6504
37.18   92.3848   9.6117
37.2   117.098   10.8212
37.22   153.998   12.4096
37.24   213.067   14.5968
37.26   312.278   17.6714
37.28   477.903   21.861
37.3   734.965   27.1102
37.32   1065.7   32.6451
37.34   1303.15   36.0991
37.36   1206.75   34.7383
37.38   886.345   29.7715
37.4   586.411   24.2159
37.42   379.955   19.4924
37.44   253.131   15.9101
37.46   177.988   13.3412
37.48   132.32   11.5031
37.5   102.716   10.1349
37.52   82.2033   9.0666
37.54   67.2802   8.20245
37.56   56.0596   7.4873
37.58   47.4158   6.88592
37.6   40.6242   6.37371
37.62   35.1967   5.93268
37.64   30.7951   5.54933
37.66   27.1789   5.21334
37.68   23.9067   4.88945
37.7   21.3914   4.62508
37.72   19.2618   4.4
37.74   17.4443   4.4
37.76   15.8824   4.4
37.78   14.5315   4.4
37.8   13.3568   4.4
37.82   12.3303   4.4
37.84   11.4296   4.4
37.86   10.6367   4.4
37.88   9.9368   4.4
37.9   9.31784   4.4
37.92   8.76998   4.4
37.94   8.28516   4.4
37.96   7.85683   4.4
37.98   7.47972   4.4
38   7.14968   4.4
38.02   6.86358   4.4
38.04   6.61926   4.4
38.06   6.4155   4.4
38.08   6.25208   4.4
38.1   6.59239   4.4
38.12   6.52647   4.4
38.14   6.50825   4.4
38.16   6.54359   4.4
38.18   6.64107   4.4
38.2   6.81311   4.4
38.22   7.07757   4.4
38.24   7.46039   4.4
38.26   7.99984   4.4
38.28   8.75397   4.4
38.3   9.81522   4.4
38.32   11.3438   4.4
38.34   13.6461   4.4
38.36   17.3345   4.4
38.38   23.5482   4.85265
38.4   34.0528   5.83548
38.42   50.7919   7.12684
38.44   73.7087   8.58538
38.46   93.9704   9.69383
38.48   92.9856   9.6429
38.5   71.8423   8.47599
38.52   49.1398   7.00998
38.54   32.795   5.7267
38.56   22.5679   4.75057
38.58   16.4885   4.4
38.6   12.8303   4.4
38.62   10.4977   4.4
38.64   8.90668   4.4
38.66   7.76491   4.4
38.68   6.91835   4.4
38.7   6.27726   4.4
38.72   5.78481   4.4
38.74   5.40318   4.4
38.76   5.10645   4.4
38.78   4.87648   4.4
38.8   4.70035   4.4
38.82   3.32426   4.4
38.84   3.26361   4.4
38.86   3.23474   4.4
38.88   3.2343   4.4
38.9   3.26008   4.4
38.92   3.31073   4.4
38.94   3.38566   4.4
38.96   3.48495   4.4
38.98   3.60929   4.4
39   3.76001   4.4
39.02   3.93906   4.4
39.04   4.14912   4.4
39.06   4.39368   4.4
39.08   4.67716   4.4
39.1   5.00516   4.4
39.12   5.38468   4.4
39.14   5.8245   4.4
39.16   6.3357   4.4
39.18   6.9323   4.4
39.2   7.80567   4.4
39.22   8.63696   4.4
39.24   9.62507   4.4
39.26   10.81   4.4
39.28   12.2452   4.4
39.3   14.004   4.4
39.32   16.1882   4.4
39.34   18.9426   4.4
39.36   22.4785   4.74115
39.38   27.115   5.20721
39.4   33.3616   5.77595
39.42   42.1098   6.48921
39.44   55.0798   7.42158
39.46   75.6962   8.70036
39.48   110.221   10.4986
39.5   168.06   12.9638
39.52   258.833   16.0883
39.54   379.079   19.4699
39.56   474.725   21.7882
39.58   452.853   21.2803
39.6   338.661   18.4027
39.62   225.516   15.0172
39.64   146.159   12.0896
39.66   97.0471   9.85125
39.68   67.9327   8.24213
39.7   50.3332   7.09459
39.72   39.0134   6.24607
39.74   31.224   5.58784
39.76   25.586   5.05826
39.78   21.3646   4.62219
39.8   18.1255   4.4
39.82   15.5908   4.4
39.84   13.5744   4.4
39.86   11.9476   4.4
39.88   10.619   4.4
39.9   9.52289   4.4
39.92   8.61071   4.4
39.94   7.84624   4.4
39.96   7.11484   4.4
39.98   6.57217   4.4
40   6.11238   4.4
40.02   5.72282   4.4
40.04   5.39359   4.4
40.06   5.11698   4.4
40.08   4.887   4.4
40.1   4.6991   4.4
40.12   4.54992   4.4
40.14   4.43717   4.4
40.16   4.35952   4.4
40.18   4.31657   4.4
40.2   4.30889   4.4
40.22   4.8314   4.4
40.24   4.9139   4.4
40.26   5.04079   4.4
40.28   5.21801   4.4
40.3   5.45378   4.4
40.32   5.75932   4.4
40.34   6.14994   4.4
40.36   6.64667   4.4
40.38   7.27877   4.4
40.4   8.08754   4.4
40.42   9.13253   4.4
40.44   10.5018   4.4
40.46   12.331   4.4
40.48   14.8435   4.4
40.5   18.4458   4.4
40.52   23.9411   4.89297
40.54   32.9011   5.73594
40.56   48.0317   6.93049
40.58   72.9891   8.54337
40.6   110.434   10.5088
40.62   154.33   12.423
40.64   176.057   13.2686
40.66   151.75   12.3187
40.68   107.694   10.3776
40.7   71.0456   8.42886
40.72   46.8407   6.84403
40.74   32.221   5.67635
40.76   23.5621   4.85408
40.78   18.2356   4.4
40.8   14.7325   4.4
40.82   12.2845   4.4
40.84   10.502   4.4
40.86   9.16933   4.4
40.88   8.15485   4.4
40.9   7.37288   4.4
40.92   6.76543   4.4
40.94   6.29226   4.4
40.96   5.92492   4.4
40.98   5.64297   4.4
41   5.43164   4.4
41.02   5.28016   4.4
41.04   4.72235   4.4
41.06   4.68178   4.4
41.08   4.68365   4.4
41.1   4.72574   4.4
41.12   4.80712   4.4
41.14   4.92798   4.4
41.16   5.08962   4.4
41.18   5.29445   4.4
41.2   5.54611   4.4
41.22   5.84962   4.4
41.24   6.21159   4.4
41.26   7.15491   4.4
41.28   7.67647   4.4
41.3   8.29096   4.4
41.32   9.01671   4.4
41.34   9.87748   4.4
41.36   10.9044   4.4
41.38   12.1385   4.4
41.4   13.6352   4.4
41.42   15.4698   4.4
41.44   17.747   4.4
41.46   20.6154   4.54042
41.48   24.2911   4.9286
41.5   29.0989   5.39434
41.52   35.5537   5.96269
41.54   44.5453   6.67422
41.56   57.7748   7.60097
41.58   78.636   8.86769
41.6   113.432   10.6504
41.62   171.902   13.1111
41.64   264.696   16.2695
41.66   391.208   19.779
41.68   502.036   22.4062
41.7   495.147   22.2519
41.72   378.556   19.4565
41.74   254.356   15.9486
41.76   165.209   12.8534
41.78   109.535   10.4659
41.8   76.492   8.74597
41.82   56.6335   7.52553
41.84   43.9796   6.63171
41.86   35.3488   5.94549
41.88   29.1474   5.39883
41.9   24.5349   4.95327
41.92   21.0206   4.58482
41.94   18.2929   4.4
41.96   16.1442   4.4
41.98   14.4315   4.4
42   13.054   4.4
42.02   11.9393   4.4
42.04   11.0347   4.4
42.06   10.301   4.4
42.08   9.70914   4.4
42.1   9.06877   4.4
42.12   8.70496   4.4
42.14   8.43248   4.4
42.16   8.24263   4.4
42.18   8.12951   4.4
42.2   8.08967   4.4
42.22   8.12183   4.4
42.24   8.22683   4.4
42.26   8.40772   4.4
42.28   8.66985   4.4
42.3   9.02131   4.4
42.32   9.4734   4.4
42.34   10.0414   4.4
42.36   10.7459   4.4
42.38   11.614   4.4
42.4   12.6822   4.4
42.42   13.9996   4.4
42.44   15.633   4.4
42.46   17.6749   4.4
42.48   20.2556   4.50062
42.5   23.5631   4.85418
42.52   27.8757   5.27974
42.54   33.6233   5.79856
42.56   41.5197   6.44358
42.58   52.875   7.27152
42.6   70.2876   8.38377
42.62   98.8068   9.94016
42.64   146.984   12.1237
42.66   226.033   15.0344
42.68   343.067   18.5221
42.7   475.143   21.7978
42.72   529.624   23.0136
42.74   445.492   21.1067
42.76   311.341   17.6448
42.78   203.216   14.2554
42.8   132.591   11.5148
42.82   90.0708   9.49056
42.84   64.8025   8.05
42.86   49.1197   7.00854
42.88   38.6871   6.21989
42.9   31.309   5.59544
42.92   25.8647   5.08574
42.94   21.7279   4.66132
42.96   18.5128   4.4
42.98   15.9666   4.4
43   13.9168   4.4
43.02   12.243   4.4
43.04   10.8587   4.4
43.06   9.70089   4.4
43.08   8.7227   4.4
43.1   7.88877   4.4
43.12   7.17197   4.4
43.14   6.55127   4.4
43.16   6.01013   4.4
43.18   5.05648   4.4
43.2   4.65028   4.4
43.22   4.29098   4.4
43.24   3.97165   4.4
43.26   4.51325   4.4
43.28   4.28087   4.4
43.3   4.0751   4.4
43.32   3.89267   4.4
43.34   3.73086   4.4
43.36   3.58737   4.4
43.38   3.46025   4.4
43.4   3.34784   4.4
43.42   3.24873   4.4
43.44   3.16173   4.4
43.46   3.0858   4.4
43.48   3.02007   4.4
43.5   2.9638   4.4
43.52   2.91636   4.4
43.54   2.87723   4.4
43.56   2.84595   4.4
43.58   2.82216   4.4
43.6   2.80558   4.4
43.62   2.79598   4.4
43.64   2.79319   4.4
43.66   2.79711   4.4
43.68   2.80768   4.4
43.7   2.82491   4.4
43.72   2.84884   4.4
43.74   2.87959   4.4
43.76   2.91731   4.4
43.78   2.96222   4.4
43.8   3.0146   4.4
43.82   3.07479   4.4
43.84   3.14319   4.4
43.86   3.22029   4.4
43.88   3.30665   4.4
43.9   3.40294   4.4
43.92   3.50991   4.4
43.94   3.62845   4.4
43.96   3.75958   4.4
43.98   3.90447   4.4
44   4.06447   4.4
44.02   4.24114   4.4
44.04   4.4363   4.4
44.06   4.65204   4.4
44.08   4.89081   4.4
44.1   5.15545   4.4
44.12   5.44929   4.4
44.14   5.77628   4.4
44.16   6.14105   4.4
44.18   6.03825   4.4
44.2   6.50992   4.4
44.22   7.20889   4.4
44.24   7.80951   4.4
44.26   8.489   4.4
44.28   9.2618   4.4
44.3   10.1458   4.4
44.32   11.1633   4.4
44.34   12.3426   4.4
44.36   13.7196   4.4
44.38   15.3411   4.4
44.4   17.2681   4.4
44.42   19.5819   4.42514
44.44   22.3921   4.73203
44.46   25.85   5.08429
44.48   30.1678   5.49253
44.5   35.6511   5.97085
44.52   42.7518   6.53848
44.54   52.1686   7.22278
44.56   65.0625   8.06613
44.58   83.5688   9.1416
44.6   111.925   10.5795
44.62   158.351   12.5838
44.64   236.708   15.3853
44.66   365.041   19.106
44.68   554.352   23.5447
44.7   765.901   27.6749
44.72   848.875   29.1355
44.74   710.067   26.6471
44.76   494.73   22.2425
44.78   322.43   17.9563
44.8   210.208   14.4985
44.82   142.736   11.9472
44.84   102.651   10.1317
44.86   77.7634   8.81835
44.88   61.2055   7.82339
44.9   49.5023   7.03579
44.92   40.8783   6.39361
44.94   34.3388   5.85993
44.96   29.2706   5.41023
44.98   25.2713   5.02706
45   22.0666   4.69752
45.02   19.4648   4.41189
45.04   17.3285   4.4
45.06   15.5578   4.4
45.08   14.0787   4.4
45.1   12.8353   4.4
45.12   11.7853   4.4
45.14   10.8962   4.4
45.16   10.1429   4.4
45.18   10.7344   4.4
45.2   10.2328   4.4
45.22   9.82245   4.4
45.24   9.49498   4.4
45.26   9.24461   4.4
45.28   9.06788   4.4
45.3   8.96362   4.4
45.32   8.93306   4.4
45.34   8.98   4.4
45.36   9.11142   4.4
45.38   9.33819   4.4
45.4   9.67638   4.4
45.42   10.1492   4.4
45.44   10.7898   4.4
45.46   11.6466   4.4
45.48   12.7902   4.4
45.5   14.3277   4.4
45.52   16.4285   4.4
45.54   19.3834   4.40266
45.56   23.7453   4.87292
45.58   30.6183   5.53338
45.6   42.0763   6.48662
45.62   61.3903   7.8352
45.64   92.3017   9.60737
45.66   135.302   11.6319
45.68   175.479   13.2468
45.7   177.544   13.3246
45.72   139.156   11.7964
45.74   95.5851   9.77677
45.76   63.7145   7.98213
45.78   43.6918   6.60998
45.8   31.8325   5.64203
45.82   24.7809   4.97804
45.84   20.369   4.5132
45.86   17.4316   4.4
45.88   15.3854   4.4
45.9   13.9257   4.4
45.92   12.8773   4.4
45.94   12.1303   4.4
45.96   11.6129   4.4
45.98   11.2765   4.4
46   11.0884   4.4
46.02   11.0265   4.4
46.04   11.0762   4.4
46.06   11.2285   4.4
46.08   11.479   4.4
46.1   11.8268   4.4
46.12   12.3824   4.4
46.14   12.9385   4.4
46.16   13.6089   4.4
46.18   13.5861   4.4
46.2   14.549   4.4
46.22   15.6761   4.4
46.24   16.9954   4.4
46.26   18.5426   4.4
46.28   20.3637   4.51262
46.3   22.5183   4.74534
46.32   25.0843   5.00842
46.34   28.165   5.30707
46.36   31.8989   5.64791
46.38   36.4752   6.03947
46.4   42.1565   6.4928
46.42   49.3159   7.02253
46.44   58.4962   7.64828
46.46   70.5142   8.39728
46.48   86.6665   9.30949
46.5   109.2   10.4499
46.52   142.418   11.9339
46.54   194.904   13.9608
46.56   282.55   16.8092
46.58   429.769   20.7309
46.6   662.912   25.7471
46.62   978.965   31.2884
46.64   1250.64   35.3643
46.66   1224.77   34.9967
46.68   931.304   30.5173
46.7   623.67   24.9734
46.72   403.948   20.0985
46.74   266.963   16.339
46.76   185.647   13.6252
46.78   136.676   11.6909
46.8   105.368   10.2649
46.82   83.9321   9.16144
46.84   68.465   8.27436
46.86   56.9036   7.54345
46.88   48.0395   6.93105
46.9   41.1042   6.41126
46.92   35.584   5.96524
46.94   31.1246   5.57894
46.96   27.4754   5.24169
46.98   24.4555   4.94525
47   21.932   4.68317
47.02   19.8057   4.45036
47.04   18.0014   4.4
47.06   16.4611   4.4
47.08   15.1404   4.4
47.1   14.0043   4.4
47.12   13.0253   4.4
47.14   12.1821   4.4
47.16   11.4579   4.4
47.18   10.674   4.4
47.2   10.1569   4.4
47.22   9.72972   4.4
47.24   9.3888   4.4
47.26   9.13344   4.4
47.28   8.96615   4.4
47.3   8.89338   4.4
47.32   8.92656   4.4
47.34   9.0839   4.4
47.36   9.39333   4.4
47.38   9.89729   4.4
47.4   10.6611   4.4
47.42   11.7891   4.4
47.44   13.4616   4.4
47.46   16.0212   4.4
47.48   20.1538   4.4893
47.5   27.1541   5.21096
47.52   39.0796   6.25137
47.54   58.3202   7.63677
47.56   85.3368   9.23779
47.58   111.13   10.5418
47.6   113.323   10.6453
47.62   89.2293   9.44613
47.64   61.2011   7.82311
47.66   40.4968   6.36371
47.68   27.3884   5.2334
47.7   19.549   4.42143
47.72   14.8216   4.4
47.74   11.8015   4.4
47.76   9.72979   4.4
47.78   8.22579   4.4
47.8   7.09066   4.4
47.82   6.20956   4.4
47.84   5.51006   4.4
47.86   4.94394   4.4
47.88   4.47802   4.4
47.9   4.08885   4.4
47.92   3.75952   4.4
47.94   3.47758   4.4
47.96   3.23368   4.4
47.98   3.67003   4.4
48   3.50073   4.4
48.02   3.35339   4.4
48.04   3.22465   4.4
48.06   3.11184   4.4
48.08   3.01282   4.4
48.1   2.92583   4.4
48.12   2.84947   4.4
48.14   1.59134   4.4
48.16   1.56423   4.4
48.18   1.54361   4.4
48.2   1.52889   4.4
48.22   1.5196   4.4
48.24   1.51535   4.4
48.26   1.51583   4.4
48.28   1.52079   4.4
48.3   1.53005   4.4
48.32   1.54349   4.4
48.34   1.56101   4.4
48.36   1.58257   4.4
48.38   1.60817   4.4
48.4   1.63785   4.4
48.42   1.67168   4.4
48.44   1.70977   4.4
48.46   1.75227   4.4
48.48   1.79936   4.4
48.5   1.85127   4.4
48.52   1.90826   4.4
48.54   1.97066   4.4
48.56   2.03882   4.4
48.58   2.11318   4.4
48.6   2.19421   4.4
48.62   2.28248   4.4
48.64   2.37862   4.4
48.66   2.48335   4.4
48.68   2.59751   4.4
48.7   2.72206   4.4
48.72   2.85808   4.4
48.74   3.00683   4.4
48.76   3.16977   4.4
48.78   3.34858   4.4
48.8   3.54519   4.4
48.82   3.76189   4.4
48.84   4.00133   4.4
48.86   4.26663   4.4
48.88   4.56148   4.4
48.9   5.04151   4.4
48.92   5.41375   4.4
48.94   5.83165   4.4
48.96   6.30283   4.4
48.98   6.8366   4.4
49   7.44438   4.4
49.02   8.14035   4.4
49.04   8.94223   4.4
49.06   9.87243   4.4
49.08   10.854   4.4
49.1   12.1379   4.4
49.12   13.6643   4.4
49.14   15.4977   4.4
49.16   17.7258   4.4
49.18   20.4689   4.52425
49.2   23.8965   4.88841
49.22   28.2528   5.31534
49.24   33.8996   5.82234
49.26   41.3979   6.43412
49.28   51.6839   7.18915
49.3   66.4882   8.15403
49.32   89.2511   9.44728
49.34   126.617   11.2524
49.36   189.682   13.7725
49.38   292.637   17.1066
49.4   443.291   21.0545
49.42   607.719   24.652
49.44   664.256   25.7732
49.46   548.882   23.4282
49.48   380.322   19.5019
49.5   247.591   15.735
49.52   161.656   12.7144
49.54   110.1   10.4929
49.56   79.4432   8.91309
49.58   60.3522   7.76867
49.6   47.611   6.90007
49.62   38.5864   6.2118
49.64   31.9287   5.65055
49.66   26.8779   5.18439
49.68   22.9636   4.79203
49.7   19.8765   4.45831
49.72   17.4057   4.4
49.74   15.4035   4.4
49.76   13.7644   4.4
49.78   12.4114   4.4
49.8   11.2878   4.4
49.82   10.351   4.4
49.84   9.56892   4.4
49.86   8.91726   4.4
49.88   8.3776   4.4
49.9   7.93622   4.4
49.92   7.58319   4.4
49.94   7.31186   4.4
49.96   7.11849   4.4
49.98   7.00224   4.4
50   6.96532   4.4
50.02   7.01334   4.4
50.04   7.15621   4.4
50.06   7.40932   4.4
50.08   7.79565   4.4
50.1   8.34902   4.4
50.12   9.11937   4.4
50.14   10.1817   4.4
50.16   11.6522   4.4
50.18   13.7236   4.4
50.2   16.7466   4.4
50.22   21.4157   4.62771
50.24   29.0912   5.39363
50.26   42.1208   6.49005
50.28   63.6882   7.98049
50.3   96.1452   9.80537
50.32   134.382   11.5923
50.34   153.653   12.3957
50.36   132.759   11.5221
50.38   94.276   9.70958
50.4   62.116   7.88137
50.42   40.8179   6.38889
50.44   27.9162   5.28357
50.46   20.2443   4.49937
50.48   15.4977   4.4
50.5   12.3503   4.4
50.52   10.1266   4.4
50.54   8.48374   4.4
50.56   7.23192   4.4
50.58   6.25533   4.4
50.6   5.47828   4.4
50.62   4.84938   4.4
50.64   4.33759   4.4
50.66   3.90756   4.4
50.68   3.54533   4.4
50.7   3.23698   4.4
50.72   2.97201   4.4
50.74   2.74236   4.4
50.76   2.54179   4.4
50.78   2.36539   4.4
50.8   2.20925   4.4
50.82   2.07024   4.4
50.84   1.94581   4.4
50.86   1.83388   4.4
50.88   1.73275   4.4
50.9   0.998487   4.4
50.92   0.93209   4.4
50.94   0.872193   4.4
50.96   0.817982   4.4
50.98   0.768769   4.4
51   0.723965   4.4
51.02   0.683068   4.4
51.04   0.645645   4.4
51.06   0.611322   4.4
51.08   0.579774   4.4
51.1   0.55072   4.4
51.12   0.523913   4.4
51.14   0.499137   4.4
51.16   0.476202   4.4
51.18   0.454942   4.4
51.2   0.435209   4.4
51.22   0.416872   4.4
51.24   0.399816   4.4
51.26   0.383939   4.4
51.28   0.36915   4.4
51.3   0.355368   4.4
51.32   0.342522   4.4
51.34   0.330549   4.4
51.36   0.319393   4.4
51.38   0.309006   4.4
51.4   0.299344   4.4
51.42   0.290372   4.4
51.44   0.282059   4.4
51.46   0.274379   4.4
51.48   0.267313   4.4
51.5   0.260846   4.4
51.52   0.254971   4.4
51.54   1.19328   4.4
51.56   1.21528   4.4
51.58   1.23903   4.4
51.6   1.26462   4.4
51.62   1.29216   4.4
51.64   1.32176   4.4
51.66   1.35357   4.4
51.68   1.38775   4.4
51.7   1.4245   4.4
51.72   1.46404   4.4
51.74   1.50668   4.4
51.76   1.55274   4.4
51.78   1.60265   4.4
51.8   1.50998   4.4
51.82   1.57327   4.4
51.84   1.64234   4.4
51.86   1.71837   4.4
51.88   1.80296   4.4
51.9   1.89838   4.4
51.92   2.00792   4.4
51.94   2.13659   4.4
51.96   2.29284   4.4
51.98   2.49228   4.4
52   2.76586   4.4
52.02   3.17181   4.4
52.04   3.80314   4.4
52.06   4.76942   4.4
52.08   6.09858   4.4
52.1   7.40382   4.4
52.12   7.67358   4.4
52.14   6.73276   4.4
52.16   5.59237   4.4
52.18   4.78902   4.4
52.2   4.34467   4.4
52.22   4.15566   4.4
52.24   4.12436   4.4
52.26   4.18732   4.4
52.28   4.31105   4.4
52.3   4.47988   4.4
52.32   4.68691   4.4
52.34   4.92955   4.4
52.36   5.20755   4.4
52.38   5.52235   4.4
52.4   6.04201   4.4
52.42   6.44449   4.4
52.44   6.8958   4.4
52.46   7.40248   4.4
52.48   7.9726   4.4
52.5   8.61609   4.4
52.52   9.34518   4.4
52.54   10.1749   4.4
52.56   11.1241   4.4
52.58   12.2161   4.4
52.6   13.4805   4.4
52.62   14.955   4.4
52.64   16.6882   4.4
52.66   18.7435   4.4
52.68   21.205   4.60489
52.7   24.186   4.91792
52.72   27.8413   5.27649
52.74   32.3878   5.69102
52.76   38.1347   6.17533
52.78   45.5364   6.74807
52.8   55.2856   7.43543
52.82   68.5073   8.27692
52.84   87.2141   9.33885
52.86   115.35   10.7401
52.88   160.7   12.6767
52.9   237.034   15.3959
52.92   363.855   19.075
52.94   558.05   23.6231
52.96   799.061   28.2677
52.98   950.341   30.8276
53   852.575   29.1989
53.02   615.219   24.8036
53.04   404.815   20.12
53.06   262.661   16.2068
53.08   175.995   13.2663
53.1   124.662   11.1652
53.12   93.2923   9.6588
53.14   72.8077   8.53274
53.16   58.5363   7.6509
53.18   48.1223   6.93702
53.2   40.2825   6.34685
53.22   34.2435   5.85179
53.24   29.6587   5.44598
53.26   25.8858   5.08781
53.28   22.8401   4.77913
53.3   20.3547   4.51162
53.32   18.3088   4.4
53.34   16.6137   4.4
53.36   15.2032   4.4
53.38   14.0278   4.4
53.4   13.0499   4.4
53.42   12.2414   4.4
53.44   11.5817   4.4
53.46   11.0561   4.4
53.48   10.655   4.4
53.5   10.3738   4.4
53.52   10.213   4.4
53.54   10.1784   4.4
53.56   10.2822   4.4
53.58   10.5452   4.4
53.6   10.9952   4.4
53.62   11.6913   4.4
53.64   12.7036   4.4
53.66   14.1491   4.4
53.68   16.2199   4.4
53.7   19.261   4.4
53.72   23.9504   4.89392
53.74   31.6302   5.62407
53.76   44.6852   6.6847
53.78   66.5172   8.15581
53.8   100.138   10.0069
53.82   142.248   11.9268
53.84   169.481   13.0185
53.86   153.261   12.3799
53.88   111.713   10.5694
53.9   74.4717   8.6297
53.92   49.196   7.01399
53.94   33.7414   5.80873
53.96   24.5678   4.95659
53.98   18.9529   4.4
54   15.2813   4.4
54.02   12.72   4.4
54.04   10.8492   4.4
54.06   9.44107   4.4
54.08   8.41732   4.4
54.1   7.57392   4.4
54.12   6.90849   4.4
54.14   6.38005   4.4
54.16   5.9598   4.4
54.18   5.62729   4.4
54.2   5.36795   4.4
54.22   5.17149   4.4
54.24   5.0309   4.4
54.26   4.94174   4.4
54.28   4.90181   4.4
54.3   4.91091   4.4
54.32   4.9709   4.4
54.34   5.08582   4.4
54.36   5.26231   4.4
54.38   5.51024   4.4
54.4   5.84379   4.4
54.42   6.28297   4.4
54.44   6.85621   4.4
54.46   6.70485   4.4
54.48   7.71069   4.4
54.5   9.03845   4.4
54.52   10.8271   4.4
54.54   13.3116   4.4
54.56   16.9308   4.4
54.58   22.5604   4.74978
54.6   31.8748   5.64578
54.62   47.6114   6.9001
54.64   73.1332   8.5518
54.66   109.815   10.4792
54.68   147.721   12.154
54.7   156.664   12.5165
54.72   126.364   11.2412
54.74   86.7641   9.31472
54.76   56.5314   7.51873
54.78   37.1832   6.0978
54.8   25.6178   5.06141
54.82   18.7201   4.4
54.84   14.3936   4.4
54.86   11.4849   4.4
54.88   9.41433   4.4
54.9   8.27005   4.4
54.92   7.11685   4.4
54.94   6.22597   4.4
54.96   5.52729   4.4
54.98   4.97291   4.4
55   4.52938   4.4
55.02   4.17281   4.4
55.04   3.88596   4.4
55.06   3.65625   4.4
55.08   3.47447   4.4
55.1   3.33396   4.4
55.12   3.23   4.4
55.14   3.15952   4.4
55.16   3.1208   4.4
55.18   3.11345   4.4
55.2   3.13841   4.4
55.22   3.19811   4.4
55.24   3.29679   4.4
55.26   3.44104   4.4
55.28   3.64064   4.4
55.3   3.90999   4.4
55.32   4.11256   4.4
55.34   4.60008   4.4
55.36   5.26041   4.4
55.38   6.17732   4.4
55.4   7.50592   4.4
55.42   9.55478   4.4
55.44   12.9206   4.4
55.46   18.602   4.4
55.48   27.8804   5.28019
55.5   41.4756   6.44016
55.52   56.3842   7.50894
55.54   61.6702   7.85304
55.56   51.3934   7.16892
55.58   36.2032   6.01691
55.6   24.2221   4.9216
55.62   16.481   4.4
55.64   11.865   4.4
55.66   9.15447   4.4
55.68   7.5032   4.4
55.7   6.43797   4.4
55.72   5.72037   4.4
55.74   6.87305   4.4
55.76   6.58621   4.4
55.78   6.41884   4.4
55.8   6.34493   4.4
55.82   6.34776   4.4
55.84   6.41682   4.4
55.86   6.54594   4.4
55.88   6.73229   4.4
55.9   6.97567   4.4
55.92   7.27831   4.4
55.94   7.64474   4.4
55.96   8.08199   4.4
55.98   8.59998   4.4
56   9.21209   4.4
56.02   9.93619   4.4
56.04   10.796   4.4
56.06   11.8231   4.4
56.08   13.0603   4.4
56.1   14.5657   4.4
56.12   16.4203   4.4
56.14   18.7389   4.4
56.16   21.5363   4.64072
56.18   25.3699   5.03685
56.2   30.478   5.52069
56.22   37.5379   6.12681
56.24   47.8374   6.91646
56.26   63.9466   7.99666
56.28   90.6732   9.52225
56.3   135.547   11.6425
56.32   207.055   14.3894
56.34   305.798   17.4871
56.36   396.14   19.9033
56.38   397.555   19.9388
56.4   308.679   17.5693
56.42   210.033   14.4925
56.44   138.405   11.7645
56.46   93.5662   9.67296
56.48   67.0689   8.18956
56.5   51.3369   7.16498
56.52   41.5118   6.44296
56.54   34.9925   5.91545
56.56   30.4784   5.52073
56.58   27.2902   5.224
56.6   25.0366   5.00366
56.62   23.4739   4.84498
56.64   22.4435   4.73746
56.66   21.8411   4.67345
56.68   21.5985   4.64741
56.7   21.6726   4.65539
56.72   22.0397   4.69465
56.74   22.691   4.76351
56.76   23.6309   4.86116
56.78   24.8763   4.98762
56.8   26.4575   5.14369
56.82   28.4196   5.331
56.84   30.8259   5.55211
56.86   33.7628   5.81057
56.88   37.3473   6.11124
56.9   41.7383   6.46052
56.92   47.1534   6.86683
56.94   53.8946   7.3413
56.96   62.3889   7.89866
56.98   73.2526   8.55878
57   87.3436   9.34578
57.02   106.2   10.3054
57.04   132.138   11.4951
57.06   169.548   13.0211
57.08   227.165   15.072
57.1   321.853   17.9403
57.12   481.75   21.9488
57.14   742.791   27.2542
57.16   1124.57   33.5346
57.18   1540.42   39.2482
57.2   1681.65   41.0079
57.22   1388.12   37.2575
57.24   961.341   31.0055
57.26   625.686   25.0137
57.28   408.439   20.2099
57.3   278.086   16.6759
57.32   200.521   14.1605
57.34   152.165   12.3355
57.36   119.844   10.9473
57.38   97.2695   9.86253
57.4   80.3233   8.96233
57.42   67.4339   8.21182
57.44   57.4115   7.57704
57.46   49.4731   7.03371
57.48   43.0839   6.56383
57.5   37.869   6.15378
57.52   33.5598   5.79308
57.54   29.9597   5.47354
57.56   26.9225   5.18869
57.58   24.3377   4.93332
57.6   22.1206   4.70326
57.62   20.2054   4.49505
57.64   18.5405   4.4
57.66   17.0846   4.4
57.68   15.805   4.4
57.7   14.6749   4.4
57.72   13.6726   4.4
57.74   12.7802   4.4
57.76   11.9829   4.4
57.78   11.2683   4.4
57.8   10.6262   4.4
57.82   10.0479   4.4
57.84   9.526   4.4
57.86   8.67657   4.4
57.88   8.25956   4.4
57.9   7.88245   4.4
57.92   7.54136   4.4
57.94   7.23299   4.4
57.96   6.95449   4.4
57.98   6.70345   4.4
58   6.4778   4.4
58.02   6.27581   4.4
58.04   6.09603   4.4
58.06   5.93726   4.4
58.08   5.79856   4.4
58.1   5.67921   4.4
58.12   5.5787   4.4
58.14   5.49676   4.4
58.16   6.0382   4.4
58.18   6.0102   4.4
58.2   6.00199   4.4
58.22   6.01427   4.4
58.24   6.04805   4.4
58.26   6.1047   4.4
58.28   6.18595   4.4
58.3   6.29403   4.4
58.32   6.43174   4.4
58.34   6.60256   4.4
58.36   6.81082   4.4
58.38   7.06192   4.4
58.4   7.36264   4.4
58.42   7.72148   4.4
58.44   8.14923   4.4
58.46   8.65967   4.4
58.48   9.27058   4.4
58.5   10.0052   4.4
58.52   10.8943   4.4
58.54   11.9793   4.4
58.56   13.3165   4.4
58.58   14.9849   4.4
58.6   17.0964   4.4
58.62   19.815   4.45141
58.64   23.3889   4.83621
58.66   26.5899   5.15654
58.68   33.4165   5.7807
58.7   43.5584   6.59988
58.72   59.7205   7.72791
58.74   86.7984   9.31657
58.76   132.013   11.4897
58.78   202.412   14.2272
58.8   293.867   17.1425
58.82   361.907   19.0239
58.84   338.589   18.4008
58.86   250.709   15.8338
58.88   166.988   12.9224
58.9   109.064   10.4434
58.92   73.4582   8.57078
58.94   52.4275   7.24069
58.96   40.1379   6.33545
58.98   32.0183   5.65847
59   26.4802   5.1459
59.02   22.5337   4.74697
59.04   19.6488   4.43269
59.06   17.5116   4.4
59.08   15.9224   4.4
59.1   14.7488   4.4
59.12   13.9011   4.4
59.14   13.3186   4.4
59.16   12.96   4.4
59.18   12.7989   4.4
59.2   12.8199   4.4
59.22   13.017   4.4
59.24   13.3925   4.4
59.26   13.957   4.4
59.28   14.7303   4.4
59.3   15.743   4.4
59.32   17.0395   4.4
59.34   18.6822   4.4
59.36   20.7593   4.55624
59.38   23.3951   4.83685
59.4   26.7677   5.17375
59.42   31.1377   5.58012
59.44   36.8981   6.07438
59.46   44.6717   6.68369
59.48   55.5339   7.45211
59.5   71.5381   8.45802
59.52   96.7823   9.8378
59.54   138.902   11.7857
59.56   209.76   14.4831
59.58   322.49   17.958
59.6   477.04   21.8412
59.62   614.848   24.7961
59.64   610.506   24.7084
59.66   469.058   21.6577
59.68   315.948   17.7749
59.7   205.497   14.3352
59.72   136.382   11.6783
59.74   95.3495   9.7647
59.76   70.7205   8.40955
59.78   55.1273   7.42478
59.8   44.4787   6.66924
59.82   36.8515   6.07054
59.84   31.2013   5.58581
59.86   26.9206   5.18851
59.88   23.625   4.86056
59.9   21.0595   4.58906
59.92   19.0495   4.4
59.94   17.4738   4.4
59.96   16.2466   4.4
59.98   15.3075   4.4
60   14.6145   4.4
60.02   14.1393   4.4
60.04   13.8649   4.4
60.06   13.7839   4.4
60.08   13.8984   4.4
60.1   14.2198   4.4
60.12   14.771   4.4
60.14   15.5884   4.4
60.16   16.7269   4.4
60.18   18.2671   4.4
60.2   20.3276   4.50861
60.22   23.084   4.80458
60.24   26.8047   5.17732
60.26   31.9203   5.64981
60.28   39.1857   6.25985
60.3   49.7134   7.05077
60.32   67.1079   8.19194
60.34   96.3418   9.81539
60.36   145.451   12.0603
60.38   222.743   14.9246
60.4   325.634   18.0453
60.42   408.71   20.2166
60.44   391.753   19.7928
60.46   294.214   17.1527
60.48   196.613   14.0219
60.5   127.918   11.3101
60.52   85.3258   9.23719
60.54   60.0487   7.74911
60.56   44.8514   6.69712
60.58   35.0154   5.91738
60.6   28.2421   5.31433
60.62   23.3342   4.83055
60.64   19.6547   4.43336
60.66   16.8278   4.4
60.68   14.6133   4.4
60.7   12.8507   4.4
60.72   11.4289   4.4
60.74   10.2695   4.4
60.76   9.31637   4.4
60.78   8.52826   4.4
60.8   7.87488   4.4
60.82   7.33382   4.4
60.84   6.88859   4.4
60.86   6.52734   4.4
60.88   6.24205   4.4
60.9   6.02811   4.4
60.92   5.88415   4.4
60.94   5.81232   4.4
60.96   5.81889   4.4
60.98   5.91552   4.4
61   6.12143   4.4
61.02   6.46714   4.4
61.04   7.00168   4.4
61.06   7.80792   4.4
61.08   9.03928   4.4
61.1   11.0014   4.4
61.12   13.7038   4.4
61.14   19.3587   4.4
61.16   28.7211   5.35921
61.18   42.7153   6.5357
61.2   58.8217   7.66953
61.22   66.0813   8.12904
61.24   56.3753   7.50835
61.26   40.008   6.32519
61.28   26.6183   5.1593
61.3   17.8187   4.4
61.32   12.5044   4.4
61.34   10.1108   4.4
61.36   8.17445   4.4
61.38   6.89918   4.4
61.4   6.00989   4.4
61.42   5.36674   4.4
61.44   4.89214   4.4
61.46   4.53873   4.4
61.48   4.27581   4.4
61.5   4.08286   4.4
61.52   3.94591   4.4
61.54   3.8555   4.4
61.56   3.80532   4.4
61.58   3.79142   4.4
61.6   3.81174   4.4
61.62   3.86582   4.4
61.64   3.95474   4.4
61.66   4.08121   4.4
61.68   4.24977   4.4
61.7   4.46725   4.4
61.72   4.74353   4.4
61.74   5.09264   4.4
61.76   5.5346   4.4
61.78   6.09837   4.4
61.8   6.82663   4.4
61.82   7.78448   4.4
61.84   9.07728   4.4
61.86   10.8923   4.4
61.88   13.5948   4.4
61.9   17.5146   4.4
61.92   24.7435   4.97428
61.94   36.7445   6.06172
61.96   55.2347   7.43201
61.98   78.6813   8.87025
62   94.7305   9.73296
62.02   86.9758   9.32608
62.04   64.3419   8.02134
62.06   43.6526   6.60701
62.08   29.5822   5.43896
62.1   21.0457   4.58756
62.12   16.6101   4.4
62.14   13.6985   4.4
62.16   11.9101   4.4
62.18   10.7724   4.4
62.2   10.0495   4.4
62.22   9.61621   4.4
62.24   9.39964   4.4
62.26   9.35548   4.4
62.28   9.45687   4.4
62.3   9.68865   4.4
62.32   10.0442   4.4
62.34   10.5238   4.4
62.36   11.1337   4.4
62.38   11.8862   4.4
62.4   12.8001   4.4
62.42   13.9018   4.4
62.44   15.2272   4.4
62.46   16.8251   4.4
62.48   18.7609   4.4
62.5   21.1238   4.59606
62.52   24.0367   4.90272
62.54   27.6717   5.26039
62.56   32.2751   5.68111
62.58   38.2082   6.18128
62.6   46.0212   6.78389
62.62   56.604   7.52356
62.64   71.5405   8.45816
62.66   93.924   9.69144
62.68   129.815   11.3936
62.7   190.262   13.7936
62.72   290.902   17.0559
62.74   445.982   21.1183
62.76   641.795   25.3337
62.78   773.069   27.8041
62.8   703.972   26.5325
62.82   512.644   22.6416
62.84   338.872   18.4085
62.86   220.516   14.8498
62.88   148.162   12.1722
62.9   105.361   10.2645
62.92   79.3338   8.90695
62.94   62.4572   7.90299
62.96   50.7912   7.1268
62.98   42.354   6.50799
63   36.0731   6.00609
63.02   31.3067   5.59524
63.04   27.6422   5.25758
63.06   24.8032   4.98028
63.08   22.6003   4.75397
63.1   20.9018   4.57184
63.12   19.6157   4.42896
63.14   18.6785   4.4
63.16   18.0479   4.4
63.18   17.6987   4.4
63.2   17.6201   4.4
63.22   17.815   4.4
63.24   18.3007   4.4
63.26   19.111   4.4
63.28   20.3006   4.50562
63.3   21.9519   4.68529
63.32   24.1872   4.91805
63.34   27.1875   5.21417
63.36   31.2252   5.58795
63.38   36.7248   6.0601
63.4   44.3941   6.66289
63.42   55.5348   7.45217
63.44   72.732   8.5283
63.46   101.015   10.0506
63.48   148.83   12.1996
63.5   227.582   15.0858
63.52   344.415   18.5584
63.54   476.821   21.8362
63.56   532.513   23.0762
63.58   449.108   21.1922
63.6   314.582   17.7364
63.62   205.961   14.3513
63.64   134.816   11.611
63.66   91.9448   9.58879
63.68   66.4511   8.15175
63.7   50.6199   7.11476
63.72   40.0815   6.33099
63.74   32.6215   5.71152
63.76   27.1102   5.20674
63.78   22.9166   4.78713
63.8   19.6526   4.43313
63.82   17.0635   4.4
63.84   14.9759   4.4
63.86   13.2684   4.4
63.88   11.854   4.4
63.9   10.6693   4.4
63.92   9.66712   4.4
63.94   8.81172   4.4
63.96   8.07584   4.4
63.98   7.43828   4.4
64   6.88236   4.4
64.02   6.39486   4.4
64.04   5.96518   4.4
64.06   5.58473   4.4
64.08   5.2465   4.4
64.1   4.94474   4.4
64.12   4.6747   4.4
64.14   4.43241   4.4
64.16   4.21457   4.4
64.18   4.01839   4.4
64.2   3.84153   4.4
64.22   3.68201   4.4
64.24   3.53816   4.4
64.26   2.67588   4.4
64.28   2.57877   4.4
64.3   2.49295   4.4
64.32   2.41763   4.4
64.34   2.35216   4.4
64.36   2.29601   4.4
64.38   2.52975   4.4
64.4   2.49901   4.4
64.42   2.4771   4.4
64.44   2.464   4.4
64.46   2.45979   4.4
64.48   2.46468   4.4
64.5   2.47901   4.4
64.52   2.50328   4.4
64.54   2.53816   4.4
64.56   2.5845   4.4
64.58   2.64341   4.4
64.6   2.71627   4.4
64.62   2.8048   4.4
64.64   2.91118   4.4
64.66   3.03813   4.4
64.68   3.18904   4.4
64.7   3.36824   4.4
64.72   3.58123   4.4
64.74   3.83511   4.4
64.76   4.13909   4.4
64.78   4.50535   4.4
64.8   4.95017   4.4
64.82   5.49568   4.4
64.84   6.17256   4.4
64.86   7.02419   4.4
64.88   8.11346   4.4
64.9   9.53453   4.4
64.92   11.4356   4.4
64.94   14.07   4.4
64.96   17.9181   4.4
64.98   23.9384   4.89269
65   33.9329   5.8252
65.02   50.239   7.08795
65.04   77.1703   8.78466
65.06   114.702   10.7099
65.08   150.031   12.2487
65.1   152.341   12.3426
65.12   119.018   10.9096
65.14   80.8629   8.99238
65.16   52.9907   7.27947
65.18   35.3861   5.94862
65.2   24.9491   4.99491
65.22   18.7366   4.4
65.24   14.8423   4.4
65.26   12.24   4.4
65.28   10.4162   4.4
65.3   9.10326   4.4
65.32   8.14751   4.4
65.34   7.4531   4.4
65.36   6.95758   4.4
65.38   6.61956   4.4
65.4   6.41166   4.4
65.42   6.31642   4.4
65.44   6.3237   4.4
65.46   6.42934   4.4
65.48   6.63442   4.4
65.5   6.94522   4.4
65.52   7.37366   4.4
65.54   7.93849   4.4
65.56   8.66716   4.4
65.58   9.59899   4.4
65.6   10.7901   4.4
65.62   12.3213   4.4
65.64   14.3111   4.4
65.66   16.938   4.4
65.68   20.4844   4.52597
65.7   25.4359   5.0434
65.72   32.7157   5.71976
65.74   44.1672   6.64584
65.76   63.2463   7.95275
65.78   95.3841   9.76648
65.8   146.745   12.1138
65.82   217.946   14.763
65.84   283.733   16.8444
65.86   285.768   16.9047
65.88   221.684   14.8891
65.9   149.81   12.2397
65.92   97.3749   9.86787
65.94   64.4144   8.02586
65.96   44.8201   6.69478
65.98   33.0746   5.75105
66   25.6266   5.06227
66.02   20.5699   4.53541
66.04   16.9495   4.4
66.06   14.2653   4.4
66.08   12.2274   4.4
66.1   10.6533   4.4
66.12   9.4218   4.4
66.14   8.45024   4.4
66.16   7.68094   4.4
66.18   7.07329   4.4
66.2   6.59857   4.4
66.22   6.23673   4.4
66.24   5.97436   4.4
66.26   5.80343   4.4
66.28   5.72071   4.4
66.3   5.72761   4.4
66.32   5.83067   4.4
66.34   6.04261   4.4
66.36   6.38427   4.4
66.38   6.88802   4.4
66.4   7.60345   4.4
66.42   8.60766   4.4
66.44   10.0263   4.4
66.46   12.0826   4.4
66.48   15.2112   4.4
66.5   20.2775   4.50306
66.52   28.8505   5.37126
66.54   43.2478   6.5763
66.56   65.74   8.10802
66.58   94.8903   9.74116
66.6   116.78   10.8065
66.62   109.355   10.4573
66.64   81.054   9.003
66.66   54.1776   7.36054
66.68   35.4335   5.95261
66.7   23.8768   4.88639
66.72   17.0176   4.4
66.74   12.8479   4.4
66.76   10.1452   4.4
66.78   8.2717   4.4
66.8   6.90712   4.4
66.82   5.87958   4.4
66.84   5.08691   4.4
66.86   4.46346   4.4
66.88   3.96513   4.4
66.9   3.56137   4.4
66.92   3.23056   4.4
66.94   2.95706   4.4
66.96   2.72943   4.4
66.98   2.53917   4.4
67   2.37994   4.4
67.02   2.24699   4.4
67.04   2.13686   4.4
67.06   2.04708   4.4
67.08   1.9761   4.4
67.1   1.92322   4.4
67.12   1.88868   4.4
67.14   1.87383   4.4
67.16   1.88161   4.4
67.18   1.91731   4.4
67.2   1.99056   4.4
67.22   2.11987   4.4
67.24   2.34276   4.4
67.26   2.73223   4.4
67.28   3.41052   4.4
67.3   4.53418   4.4
67.32   6.18943   4.4
67.34   7.72814   4.4
67.36   8.36165   4.4
67.38   7.10028   4.4
67.4   5.44776   4.4
67.42   4.00809   4.4
67.44   3.09054   4.4
67.46   2.55836   4.4
67.48   2.26305   4.4
67.5   2.10203   4.4
67.52   2.01832   4.4
67.54   1.98362   4.4
67.56   1.98396   4.4
67.58   2.01211   4.4
67.6   2.06429   4.4
67.62   2.13878   4.4
67.64   2.23537   4.4
67.66   2.35498   4.4
67.68   2.49966   4.4
67.7   2.67256   4.4
67.72   2.87807   4.4
67.74   3.12216   4.4
67.76   3.41273   4.4
67.78   3.76034   4.4
67.8   4.17908   4.4
67.82   4.68803   4.4
67.84   5.31345   4.4
67.86   6.09206   4.4
67.88   7.07634   4.4
67.9   8.34338   4.4
67.92   10.0106   4.4
67.94   12.2685   4.4
67.96   15.4572   4.4
67.98   20.2424   4.49916
68   27.9396   5.2858
68.02   40.882   6.39391
68.04   62.3903   7.89875
68.06   95.3864   9.7666
68.08   136.462   11.6817
68.1   162.915   12.7638
68.12   146.96   12.1227
68.14   107.18   10.3528
68.16   71.1065   8.43247
68.18   46.6922   6.83317
68.2   31.822   5.6411
68.22   23.0491   4.80095
68.24   17.7292   4.4
68.26   14.2958   4.4
68.28   11.942   4.4
68.3   10.2619   4.4
68.32   9.03562   4.4
68.34   8.13158   4.4
68.36   7.46565   4.4
68.38   6.9821   4.4
68.4   6.64353   4.4
68.42   6.42494   4.4
68.44   6.31016   4.4
68.46   6.28965   4.4
68.48   6.35935   4.4
68.5   6.5201   4.4
68.52   6.77766   4.4
68.54   7.14333   4.4
68.56   7.63518   4.4
68.58   8.28029   4.4
68.6   9.11828   4.4
68.62   10.2072   4.4
68.64   11.6331   4.4
68.66   13.5276   4.4
68.68   16.1027   4.4
68.7   19.7329   4.44218
68.72   25.1448   5.01446
68.74   33.7832   5.81233
68.76   48.2662   6.94739
68.78   72.4632   8.51253
68.8   110.17   10.4962
68.82   159.25   12.6194
68.84   196.048   14.0017
68.86   183.95   13.5628
68.88   136.921   11.7013
68.9   91.9581   9.58948
68.92   60.8399   7.79999
68.94   41.7416   6.46077
68.96   30.5083   5.52343
68.98   23.7875   4.87725
69   19.5388   4.42027
69.02   16.6989   4.4
69.04   14.7365   4.4
69.06   13.3688   4.4
69.08   12.4307   4.4
69.1   11.819   4.4
69.12   11.4682   4.4
69.14   11.337   4.4
69.16   11.4013   4.4
69.18   11.6501   4.4
69.2   12.083   4.4
69.22   12.7098   4.4
69.24   13.5508   4.4
69.26   14.6383   4.4
69.28   16.0195   4.4
69.3   17.7618   4.4
69.32   19.9602   4.46769
69.34   22.7497   4.76966
69.36   26.3246   5.13075
69.38   30.9714   5.56519
69.4   37.1259   6.0931
69.42   45.4919   6.74477
69.44   57.3163   7.57075
69.46   75.0265   8.66178
69.48   103.439   10.1705
69.5   151.218   12.2971
69.52   231   15.1987
69.54   354.742   18.8346
69.56   513.567   22.662
69.58   626.396   25.0279
69.6   578.682   24.0558
69.62   424.531   20.6042
69.64   280.849   16.7585
69.66   182.082   13.4938
69.68   121.436   11.0198
69.7   85.4958   9.2464
69.72   63.6355   7.97719
69.74   49.4491   7.03201
69.76   39.6091   6.29357
69.78   32.4431   5.69588
69.8   27.0496   5.20092
69.82   22.8902   4.78437
69.84   19.618   4.42922
69.86   16.9996   4.4
69.88   14.8728   4.4
69.9   13.1224   4.4
69.92   11.665   4.4
69.94   10.4389   4.4
69.96   9.39756   4.4
69.98   8.50579   4.4
70   7.73625   4.4
