1.54056
5   0   4.4
5.02   0   4.4
5.04   0   4.4
5.06   0   4.4
5.08   0   4.4
5.1   0   4.4
5.12   0   4.4
5.14   0   4.4
5.16   0   4.4
5.18   0   4.4
5.2   0   4.4
5.22   0   4.4
5.24   0   4.4
5.26   0   4.4
5.28   0   4.4
5.3   0   4.4
5.32   0   4.4
5.34   0   4.4
5.36   0   4.4
5.38   0   4.4
5.4   0   4.4
5.42   0   4.4
5.44   0   4.4
5.46   0   4.4
5.48   0   4.4
5.5   0   4.4
5.52   0   4.4
5.54   0   4.4
5.56   0   4.4
5.58   0   4.4
5.6   0   4.4
5.62   0   4.4
5.64   0   4.4
5.66   0   4.4
5.68   0   4.4
5.7   0   4.4
5.72   0   4.4
5.74   0   4.4
5.76   0   4.4
5.78   0   4.4
5.8   0   4.4
5.82   0   4.4
5.84   0   4.4
5.86   0   4.4
5.88   0   4.4
5.9   0   4.4
5.92   0   4.4
5.94   0   4.4
5.96   0   4.4
5.98   0   4.4
6   0   4.4
6.02   0   4.4
6.04   0   4.4
6.06   0   4.4
6.08   0   4.4
6.1   0   4.4
6.12   0   4.4
6.14   0   4.4
6.16   0   4.4
6.18   0   4.4
6.2   0   4.4
6.22   0   4.4
6.24   0   4.4
6.26   0   4.4
6.28   0   4.4
6.3   0   4.4
6.32   0   4.4
6.34   0   4.4
6.36   0   4.4
6.38   0   4.4
6.4   0   4.4
6.42   0   4.4
6.44   0   4.4
6.46   0   4.4
6.48   0   4.4
6.5   0   4.4
6.52   0   4.4
6.54   0   4.4
6.56   0   4.4
6.58   0   4.4
6.6   0   4.4
6.62   0   4.4
6.64   0   4.4
6.66   0   4.4
6.68   0   4.4
6.7   0   4.4
6.72   0   4.4
6.74   0   4.4
6.76   0   4.4
6.78   0   4.4
6.8   0   4.4
6.82   0   4.4
6.84   0   4.4
6.86   0   4.4
6.88   0   4.4
6.9   0   4.4
6.92   0   4.4
6.94   0   4.4
6.96   0   4.4
6.98   0   4.4
7   0   4.4
7.02   0   4.4
7.04   0   4.4
7.06   0   4.4
7.08   0   4.4
7.1   0   4.4
7.12   0   4.4
7.14   0   4.4
7.16   0   4.4
7.18   0   4.4
7.2   0   4.4
7.22   0   4.4
7.24   0   4.4
7.26   0   4.4
7.28   0   4.4
7.3   0   4.4
7.32   0   4.4
7.34   0   4.4
7.36   0   4.4
7.38   0   4.4
7.4   0   4.4
7.42   0   4.4
7.44   0   4.4
7.46   0   4.4
7.48   0   4.4
7.5   0   4.4
7.52   0   4.4
7.54   0   4.4
7.56   0   4.4
7.58   0   4.4
7.6   0   4.4
7.62   0   4.4
7.64   0   4.4
7.66   0   4.4
7.68   0   4.4
7.7   0   4.4
7.72   0   4.4
7.74   0   4.4
7.76   0   4.4
7.78   0   4.4
7.8   0   4.4
7.82   0   4.4
7.84   0   4.4
7.86   0   4.4
7.88   0   4.4
7.9   0   4.4
7.92   0   4.4
7.94   0   4.4
7.96   0   4.4
7.98   0   4.4
8   0   4.4
8.02   0   4.4
8.04   0   4.4
8.06   0   4.4
8.08   0   4.4
8.1   0   4.4
8.12   0   4.4
8.14   0   4.4
8.16   0   4.4
8.18   0   4.4
8.2   0   4.4
8.22   0   4.4
8.24   0   4.4
8.26   0   4.4
8.28   0   4.4
8.3   0   4.4
8.32   0   4.4
8.34   0   4.4
8.36   0   4.4
8.38   0   4.4
8.4   0   4.4
8.42   0   4.4
8.44   0   4.4
8.46   0   4.4
8.48   0   4.4
8.5   0   4.4
8.52   0   4.4
8.54   0   4.4
8.56   0   4.4
8.58   0   4.4
8.6   0   4.4
8.62   0   4.4
8.64   0   4.4
8.66   0   4.4
8.68   0   4.4
8.7   0   4.4
8.72   0   4.4
8.74   0   4.4
8.76   0   4.4
8.78   0   4.4
8.8   0   4.4
8.82   0   4.4
8.84   0   4.4
8.86   0   4.4
8.88   0   4.4
8.9   0   4.4
8.92   0   4.4
8.94   0   4.4
8.96   0   4.4
8.98   0   4.4
9   0   4.4
9.02   0   4.4
9.04   0   4.4
9.06   0   4.4
9.08   0   4.4
9.1   0   4.4
9.12   0   4.4
9.14   0   4.4
9.16   0   4.4
9.18   0   4.4
9.2   0   4.4
9.22   0   4.4
9.24   0   4.4
9.26   0   4.4
9.28   0   4.4
9.3   0   4.4
9.32   0   4.4
9.34   0   4.4
9.36   0   4.4
9.38   0   4.4
9.4   0   4.4
9.42   0   4.4
9.44   0   4.4
9.46   0   4.4
9.48   0   4.4
9.5   0   4.4
9.52   0   4.4
9.54   0   4.4
9.56   0   4.4
9.58   0   4.4
9.6   0   4.4
9.62   0   4.4
9.64   0   4.4
9.66   0   4.4
9.68   0   4.4
9.7   0   4.4
9.72   0   4.4
9.74   0   4.4
9.76   0   4.4
9.78   0   4.4
9.8   0   4.4
9.82   0   4.4
9.84   0   4.4
9.86   0   4.4
9.88   0   4.4
9.9   0   4.4
9.92   0   4.4
9.94   0   4.4
9.96   0   4.4
9.98   0   4.4
10   0   4.4
10.02   0   4.4
10.04   0   4.4
10.06   0   4.4
10.08   0   4.4
10.1   0   4.4
10.12   0   4.4
10.14   0   4.4
10.16   0   4.4
10.18   0   4.4
10.2   0   4.4
10.22   0   4.4
10.24   0   4.4
10.26   0   4.4
10.28   0   4.4
10.3   0   4.4
10.32   0   4.4
10.34   0   4.4
10.36   0   4.4
10.38   0   4.4
10.4   0   4.4
10.42   0   4.4
10.44   0   4.4
10.46   0   4.4
10.48   0   4.4
10.5   0   4.4
10.52   0   4.4
10.54   0   4.4
10.56   0   4.4
10.58   0   4.4
10.6   0   4.4
10.62   0   4.4
10.64   0   4.4
10.66   0   4.4
10.68   0   4.4
10.7   0   4.4
10.72   0   4.4
10.74   0   4.4
10.76   0   4.4
10.78   0   4.4
10.8   0   4.4
10.82   0   4.4
10.84   0   4.4
10.86   0   4.4
10.88   0   4.4
10.9   0   4.4
10.92   0   4.4
10.94   0   4.4
10.96   0   4.4
10.98   0   4.4
11   0   4.4
11.02   0   4.4
11.04   0   4.4
11.06   0   4.4
11.08   0   4.4
11.1   0   4.4
11.12   0   4.4
11.14   0   4.4
11.16   0   4.4
11.18   0   4.4
11.2   0   4.4
11.22   0   4.4
11.24   0   4.4
11.26   0   4.4
11.28   0   4.4
11.3   0   4.4
11.32   0   4.4
11.34   0   4.4
11.36   0   4.4
11.38   0   4.4
11.4   0   4.4
11.42   0   4.4
11.44   0   4.4
11.46   0   4.4
11.48   0   4.4
11.5   0   4.4
11.52   0   4.4
11.54   0   4.4
11.56   0   4.4
11.58   0   4.4
11.6   0   4.4
11.62   0   4.4
11.64   0   4.4
11.66   0   4.4
11.68   0   4.4
11.7   0   4.4
11.72   0   4.4
11.74   0   4.4
11.76   0   4.4
11.78   0   4.4
11.8   0   4.4
11.82   0.0444856   4.4
11.84   0.0457419   4.4
11.86   0.0470521   4.4
11.88   0.0484193   4.4
11.9   0.0498471   4.4
11.92   0.0513388   4.4
11.94   0.0528986   4.4
11.96   0.0545304   4.4
11.98   0.201577   4.4
12   0.207442   4.4
12.02   0.213567   4.4
12.04   0.219969   4.4
12.06   0.226664   4.4
12.08   0.233671   4.4
12.1   0.241008   4.4
12.12   0.248698   4.4
12.14   0.256764   4.4
12.16   0.26523   4.4
12.18   1.05739   4.4
12.2   1.65002   4.4
12.22   1.69828   4.4
12.24   1.74871   4.4
12.26   1.80145   4.4
12.28   1.85662   4.4
12.3   1.91439   4.4
12.32   1.97493   4.4
12.34   2.03842   4.4
12.36   2.10505   4.4
12.38   2.17504   4.4
12.4   2.24863   4.4
12.42   2.32605   4.4
12.44   2.4076   4.4
12.46   2.49358   4.4
12.48   2.58431   4.4
12.5   2.68017   4.4
12.52   2.78154   4.4
12.54   2.88888   4.4
12.56   3.00268   4.4
12.58   3.12346   4.4
12.6   3.25184   4.4
12.62   3.38847   4.4
12.64   3.53411   4.4
12.66   3.68959   4.4
12.68   3.85585   4.4
12.7   4.03394   4.4
12.72   4.22507   4.4
12.74   4.43058   4.4
12.76   4.65203   4.4
12.78   4.8912   4.4
12.8   5.15013   4.4
12.82   5.4312   4.4
12.84   5.73719   4.4
12.86   6.07134   4.4
12.88   6.43752   4.4
12.9   6.84032   4.4
12.92   7.28529   4.4
12.94   7.77921   4.4
12.96   8.33044   4.4
12.98   8.94946   4.4
13   9.64963   4.4
13.02   10.4483   4.4
13.04   11.3685   4.4
13.06   12.4418   4.4
13.08   13.7126   4.4
13.1   15.2477   4.4
13.12   17.1566   4.4
13.14   19.6381   4.43149
13.16   23.0687   4.80299
13.18   28.1093   5.30182
13.2   35.7202   5.97664
13.22   46.8395   6.84394
13.24   60.967   7.80813
13.26   72.5351   8.51675
13.28   73.5763   8.57766
13.3   68.3502   8.26742
13.32   66.117   8.13124
13.34   71.0238   8.42756
13.36   85.2857   9.23503
13.38   111.319   10.5508
13.4   150.107   12.2518
13.42   192.876   13.888
13.44   211.894   14.5566
13.46   196.485   14.0173
13.48   175.637   13.2528
13.5   170.054   13.0405
13.52   185.875   13.6336
13.54   228.933   15.1305
13.56   312.548   17.679
13.58   460.584   21.4612
13.6   699.967   26.4569
13.62   1032.3   32.1295
13.64   1337.92   36.5776
13.66   1350.5   36.7491
13.68   1054.76   32.4771
13.7   716.863   26.7743
13.72   466.682   21.6028
13.74   308.59   17.5667
13.76   214.285   14.6385
13.78   157.644   12.5556
13.8   121.688   11.0312
13.82   97.2385   9.86096
13.84   79.6788   8.9263
13.86   66.5923   8.16041
13.88   56.5816   7.52208
13.9   48.7655   6.98323
13.92   42.5573   6.5236
13.94   37.5533   6.12807
13.96   33.4686   5.7852
13.98   30.0979   5.48615
14   27.2902   5.224
14.02   24.9329   4.99329
14.04   22.9405   4.78962
14.06   21.2472   4.60947
14.08   19.802   4.44994
14.1   18.5647   4.4
14.12   17.5034   4.4
14.14   16.5928   4.4
14.16   15.8122   4.4
14.18   15.1453   4.4
14.2   14.5784   4.4
14.22   14.1009   4.4
14.24   13.7038   4.4
14.26   13.3801   4.4
14.28   13.1241   4.4
14.3   12.9315   4.4
14.32   12.799   4.4
14.34   12.7242   4.4
14.36   12.7058   4.4
14.38   12.7432   4.4
14.4   12.8366   4.4
14.42   12.9871   4.4
14.44   13.1968   4.4
14.46   13.4685   4.4
14.48   13.8063   4.4
14.5   14.2151   4.4
14.52   14.7014   4.4
14.54   15.2732   4.4
14.56   15.9403   4.4
14.58   16.715   4.4
14.6   17.6122   4.4
14.62   18.6503   4.4
14.64   19.8523   4.45559
14.66   21.2466   4.60941
14.68   22.8694   4.78219
14.7   24.7661   4.97655
14.72   26.9956   5.19573
14.74   29.5918   5.43984
14.76   32.7424   5.7221
14.78   36.5399   6.04482
14.8   41.1719   6.41653
14.82   46.9026   6.84854
14.84   54.1176   7.35647
14.86   63.4122   7.96318
14.88   75.7898   8.70574
14.9   92.9591   9.64153
14.92   118.7   10.8949
14.94   158.865   12.6042
14.96   221.899   14.8963
14.98   315.437   17.7605
15   432.57   20.7983
15.02   522.735   22.8634
15.04   536.101   23.1539
15.06   535.466   23.1401
15.08   609.545   24.689
15.1   803.992   28.3548
15.12   1120.92   33.4802
15.14   1447.02   38.0397
15.16   1485.32   38.5398
15.18   1174.48   34.2708
15.2   801.811   28.3163
15.22   523.596   22.8822
15.24   346.587   18.6168
15.26   240.526   15.5089
15.28   176.667   13.2916
15.3   136.065   11.6647
15.32   108.4   10.4115
15.34   88.4743   9.40608
15.36   73.5721   8.57742
15.38   62.1262   7.88202
15.4   53.1484   7.2903
15.42   45.9804   6.78089
15.44   40.1686   6.33787
15.46   35.3923   5.94914
15.48   31.4199   5.60535
15.5   28.081   5.29915
15.52   25.2478   5.02472
15.54   22.8232   4.77736
15.56   20.7322   4.55326
15.58   18.9163   4.4
15.6   17.3294   4.4
15.62   15.9343   4.4
15.64   14.7015   4.4
15.66   13.6067   4.4
15.68   12.6299   4.4
15.7   11.7548   4.4
15.72   10.9678   4.4
15.74   10.2574   4.4
15.76   9.61393   4.4
15.78   9.02927   4.4
15.8   8.49645   4.4
15.82   8.0095   4.4
15.84   7.56332   4.4
15.86   7.15346   4.4
15.88   6.77608   4.4
15.9   6.42783   4.4
15.92   6.1058   4.4
15.94   5.80741   4.4
15.96   5.53039   4.4
15.98   5.27276   4.4
16   5.03274   4.4
16.02   4.80877   4.4
16.04   4.59943   4.4
16.06   4.40349   4.4
16.08   4.21983   4.4
16.1   4.04743   4.4
16.12   3.8854   4.4
16.14   3.73291   4.4
16.16   3.58924   4.4
16.18   3.45371   4.4
16.2   3.32573   4.4
16.22   3.20473   4.4
16.24   3.09023   4.4
16.26   2.98176   4.4
16.28   2.87891   4.4
16.3   2.78129   4.4
16.32   2.68856   4.4
16.34   2.60039   4.4
16.36   2.5165   4.4
16.38   2.4366   4.4
16.4   2.36045   4.4
16.42   2.28782   4.4
16.44   2.21849   4.4
16.46   2.15227   4.4
16.48   1.73333   4.4
16.5   1.68234   4.4
16.52   1.63355   4.4
16.54   1.58686   4.4
16.56   1.54215   4.4
16.58   1.49929   4.4
16.6   1.4582   4.4
16.62   1.41877   4.4
16.64   0   4.4
16.66   0   4.4
16.68   0   4.4
16.7   0   4.4
16.72   0   4.4
16.74   0   4.4
16.76   0   4.4
16.78   0   4.4
16.8   0   4.4
16.82   0   4.4
16.84   0   4.4
16.86   0   4.4
16.88   0   4.4
16.9   0   4.4
16.92   0   4.4
16.94   0   4.4
16.96   0   4.4
16.98   0   4.4
17   0   4.4
17.02   0   4.4
17.04   0   4.4
17.06   0   4.4
17.08   0   4.4
17.1   0   4.4
17.12   0   4.4
17.14   0   4.4
17.16   0   4.4
17.18   0   4.4
17.2   0   4.4
17.22   0   4.4
17.24   0   4.4
17.26   0   4.4
17.28   0   4.4
17.3   0   4.4
17.32   0   4.4
17.34   0   4.4
17.36   0   4.4
17.38   0   4.4
17.4   0   4.4
17.42   0   4.4
17.44   0   4.4
17.46   0   4.4
17.48   0   4.4
17.5   0   4.4
17.52   0   4.4
17.54   0   4.4
17.56   0   4.4
17.58   0   4.4
17.6   0   4.4
17.62   0   4.4
17.64   0   4.4
17.66   0   4.4
17.68   0   4.4
17.7   0   4.4
17.72   0   4.4
17.74   0   4.4
17.76   0   4.4
17.78   0   4.4
17.8   0   4.4
17.82   0   4.4
17.84   0   4.4
17.86   0   4.4
17.88   0.198899   4.4
17.9   0.532222   4.4
17.92   0.547135   4.4
17.94   0.562684   4.4
17.96   0.578904   4.4
17.98   0.595836   4.4
18   0.613522   4.4
18.02   0.632007   4.4
18.04   0.651339   4.4
18.06   0.671572   4.4
18.08   0.692762   4.4
18.1   0.714971   4.4
18.12   0.738264   4.4
18.14   0.762715   4.4
18.16   0.7884   4.4
18.18   0.815404   4.4
18.2   0.843818   4.4
18.22   0.873744   4.4
18.24   0.90529   4.4
18.26   0.938574   4.4
18.28   0.973727   4.4
18.3   1.01089   4.4
18.32   1.05022   4.4
18.34   1.0919   4.4
18.36   1.1361   4.4
18.38   1.18304   4.4
18.4   1.23294   4.4
18.42   1.28608   4.4
18.44   1.34271   4.4
18.46   1.40317   4.4
18.48   1.46781   4.4
18.5   1.53701   4.4
18.52   1.61122   4.4
18.54   1.69093   4.4
18.56   1.7767   4.4
18.58   1.86916   4.4
18.6   1.96902   4.4
18.62   2.0771   4.4
18.64   2.19431   4.4
18.66   2.32171   4.4
18.68   2.46053   4.4
18.7   2.61216   4.4
18.72   2.77823   4.4
18.74   2.96064   4.4
18.76   3.16157   4.4
18.78   3.38365   4.4
18.8   3.62992   4.4
18.82   3.90402   4.4
18.84   4.21032   4.4
18.86   4.55403   4.4
18.88   4.94149   4.4
18.9   5.38043   4.4
18.92   5.88036   4.4
18.94   6.45308   4.4
18.96   7.11337   4.4
18.98   7.87996   4.4
19   8.77682   4.4
19.02   9.83505   4.4
19.04   11.0955   4.4
19.06   12.6128   4.4
19.08   14.4611   4.4
19.1   16.743   4.4
19.12   19.6036   4.4276
19.14   23.2537   4.8222
19.16   28.01   5.29245
19.18   34.3774   5.86322
19.2   43.2308   6.57501
19.22   56.2214   7.4981
19.24   76.5344   8.7484
19.26   109.878   10.4823
19.28   164.897   12.8412
19.3   250.631   15.8313
19.32   364.02   19.0793
19.34   466.834   21.6063
19.36   503.256   22.4334
19.38   442.052   21.025
19.4   321.974   17.9436
19.42   213.897   14.6252
19.44   140.051   11.8343
19.46   94.5515   9.72376
19.48   67.2773   8.20228
19.5   50.4526   7.103
19.52   39.4067   6.27747
19.54   37.7327   6.14269
19.56   32.2421   5.67821
19.58   28.1373   5.30446
19.6   25.0052   5.00052
19.62   22.5785   4.75169
19.64   20.6763   4.54712
19.66   19.1728   4.4
19.68   17.9783   4.4
19.7   17.0277   4.4
19.72   16.2729   4.4
19.74   15.6778   4.4
19.76   15.2152   4.4
19.78   14.8639   4.4
19.8   14.6078   4.4
19.82   14.4343   4.4
19.84   14.3335   4.4
19.86   14.2978   4.4
19.88   14.3211   4.4
19.9   14.3988   4.4
19.92   14.5276   4.4
19.94   14.7048   4.4
19.96   14.9289   4.4
19.98   15.1987   4.4
20   15.5139   4.4
20.02   15.8746   4.4
20.04   16.2816   4.4
20.06   16.7361   4.4
20.08   17.2398   4.4
20.1   17.7948   4.4
20.12   18.4041   4.4
20.14   19.0708   4.4
20.16   19.799   4.44961
20.18   20.5932   4.53797
20.2   21.4587   4.63235
20.22   22.4017   4.73304
20.24   23.4292   4.84037
20.26   24.5494   4.95473
20.28   25.7716   5.07657
20.3   27.1066   5.2064
20.32   28.5668   5.34479
20.34   30.1666   5.49242
20.36   31.9227   5.65001
20.38   33.8543   5.81844
20.4   35.9841   5.99867
20.42   38.3385   6.19181
20.44   40.9489   6.39913
20.46   43.8521   6.62209
20.48   47.0921   6.86237
20.5   50.7215   7.12191
20.52   54.8038   7.40296
20.54   59.4158   7.70817
20.56   64.6517   8.04063
20.58   70.6272   8.404
20.6   77.4864   8.80264
20.62   85.4102   9.24177
20.64   94.6279   9.72769
20.66   105.434   10.2681
20.68   118.21   10.8724
20.7   133.46   11.5525
20.72   151.857   12.323
20.74   174.318   13.203
20.76   202.113   14.2167
20.78   237.042   15.3962
20.8   281.521   16.7786
20.82   339.871   18.4356
20.84   418.084   20.4471
20.86   526.507   22.9457
20.88   686.099   26.1935
20.9   937.074   30.6117
20.92   1355.12   36.8119
20.94   2058.3   45.3685
20.96   3179.43   56.3864
20.98   4721.16   68.7107
21   6113.55   78.1892
21.02   6100.88   78.1081
21.04   4697.87   68.541
21.06   3160.33   56.2168
21.08   2048.05   45.2554
21.1   1349.96   36.7418
21.12   935.094   30.5793
21.14   685.924   26.1901
21.16   527.353   22.9642
21.18   419.23   20.4751
21.2   341.436   18.478
21.22   283.398   16.8344
21.24   238.964   15.4584
21.26   204.235   14.2911
21.28   176.615   13.2896
21.3   154.311   12.4222
21.32   136.062   11.6645
21.34   120.953   10.9979
21.36   108.316   10.4075
21.38   97.6496   9.88178
21.4   88.5726   9.4113
21.42   80.7929   8.98849
21.44   74.0824   8.60711
21.46   68.2615   8.26205
21.48   63.1872   7.94904
21.5   58.7449   7.66452
21.52   54.8416   7.40551
21.54   51.4013   7.16947
21.56   48.362   6.95428
21.58   49.465   7.03314
21.6   47.1876   6.86932
21.62   45.1861   6.72206
21.64   43.4312   6.59024
21.66   41.8986   6.47292
21.68   40.5681   6.36931
21.7   39.4228   6.27876
21.72   38.4491   6.20073
21.74   37.6359   6.13481
21.76   36.9747   6.08068
21.78   36.459   6.03813
21.8   36.0842   6.00701
21.82   35.848   5.98732
21.84   35.7499   5.97912
21.86   35.7912   5.98257
21.88   35.9754   5.99795
21.9   36.3085   6.02565
21.92   36.7986   6.06618
21.94   37.457   6.12021
21.96   38.2983   6.18856
21.98   39.3412   6.27226
22   42.1508   6.49236
22.02   43.7177   6.61194
22.04   45.5793   6.75125
22.06   47.7835   6.91256
22.08   50.3912   7.09868
22.1   53.4808   7.31306
22.12   57.1543   7.56005
22.14   61.5456   7.8451
22.16   66.8339   8.1752
22.18   73.2629   8.55938
22.2   81.1707   9.00948
22.22   91.0375   9.54136
22.24   103.568   10.1768
22.26   119.845   10.9474
22.28   143.244   11.9685
22.3   173.997   13.1908
22.32   220.099   14.8357
22.34   293.482   17.1313
22.36   412.802   20.3175
22.38   599.516   24.485
22.4   857.613   29.285
22.42   1108.08   33.2878
22.44   1170.78   34.2167
22.46   1059.94   32.5567
22.48   991.959   31.4954
22.5   1074.84   32.7848
22.52   1309.69   36.1897
22.54   1516.7   38.9448
22.56   1416.99   37.6429
22.58   1073.45   32.7635
22.6   742.43   27.2476
22.62   511.865   22.6244
22.64   369.889   19.2325
22.66   286.804   16.9353
22.68   238.333   15.438
22.7   209.589   14.4772
22.72   192.844   13.8868
22.74   184.368   13.5782
22.76   182.397   13.5055
22.78   186.207   13.6458
22.8   195.767   13.9917
22.82   211.667   14.5488
22.84   235.205   15.3364
22.86   268.655   16.3907
22.88   315.881   17.773
22.9   383.808   19.591
22.92   485.915   22.0435
22.94   649.206   25.4795
22.96   923.544   30.3899
22.98   1384.93   37.2147
23   2113.88   45.9769
23.02   3094.25   55.626
23.04   3916.3   62.5803
23.06   3800.44   61.6477
23.08   2884.08   53.7036
23.1   1944.69   44.0987
23.12   1279.79   35.7741
23.14   868.394   29.4685
23.16   626.904   25.038
23.18   484.472   22.0107
23.2   397.037   19.9258
23.22   341.648   18.4837
23.24   307.314   17.5304
23.26   288.982   16.9995
23.28   284.926   16.8798
23.3   297.701   17.254
23.32   329.84   18.1615
23.34   395.084   19.8767
23.36   516.098   22.7178
23.38   724.652   26.9194
23.4   1045.94   32.3411
23.42   1435.28   37.8851
23.44   1651.33   40.6365
23.46   1459.32   38.2011
23.48   1070.99   32.7261
23.5   742.444   27.2478
23.52   527.323   22.9635
23.54   403.311   20.0826
23.56   339.17   18.4166
23.58   313.052   17.6933
23.6   315.21   17.7542
23.62   347.015   18.6283
23.64   421.298   20.5255
23.66   563.318   23.7343
23.68   806.142   28.3926
23.7   1165.83   34.1443
23.72   1551.76   39.3924
23.74   1663.21   40.7824
23.76   1366.41   36.965
23.78   956.826   30.9326
23.8   638.535   25.2693
23.82   432.929   20.807
23.84   309.18   17.5835
23.86   235.499   15.346
23.88   188.846   13.7421
23.9   157.439   12.5475
23.92   134.201   11.5845
23.94   117.752   10.8513
23.96   105.372   10.2651
23.98   95.9438   9.79509
24   88.7352   9.41994
24.02   81.9608   9.05322
24.04   77.8997   8.82608
24.06   74.9945   8.65994
24.08   73.0912   8.54934
24.1   72.0934   8.49078
24.12   71.9516   8.48243
24.14   78.5391   8.86223
24.16   80.2872   8.96031
24.18   82.9933   9.11006
24.2   86.7803   9.3156
24.22   96.7575   9.83654
24.24   103.486   10.1728
24.26   112.143   10.5897
24.28   123.286   11.1034
24.3   137.733   11.736
24.32   156.714   12.5185
24.34   182.174   13.4972
24.36   217.45   14.7462
24.38   268.88   16.3976
24.4   349.085   18.6838
24.42   481.612   21.9457
24.44   703.234   26.5186
24.46   1055.19   32.4837
24.48   1539.64   39.2382
24.5   1980.98   44.5082
24.52   1988.77   44.5956
24.54   1560.26   39.5001
24.56   1094.52   33.0836
24.58   764.594   27.6513
24.6   570.494   23.885
24.62   474.999   21.7945
24.64   449.159   21.1934
24.66   484.304   22.0069
24.68   592.317   24.3376
24.7   797.585   28.2415
24.72   1111.79   33.3435
24.74   1452.12   38.1067
24.76   1549.15   39.3592
24.78   1285.07   35.8478
24.8   924.258   30.4016
24.82   648.526   25.4662
24.84   478.046   21.8643
24.86   388.443   19.709
24.88   357.021   18.895
24.9   372.145   19.291
24.92   436.531   20.8933
24.94   543.17   23.306
24.96   642.242   25.3425
24.98   630.953   25.1188
25   511.805   22.6231
25.02   385.445   19.6328
25.04   295.607   17.1932
25.06   241.121   15.5281
25.08   211.26   14.5348
25.1   196.679   14.0242
25.12   191.617   13.8426
25.14   193.322   13.904
25.16   200.989   14.1771
25.18   215.257   14.6716
25.2   236.978   15.3941
25.22   274.441   16.5663
25.24   339.204   18.4175
25.26   433.556   20.822
25.28   567.302   23.8181
25.3   711.879   26.6811
25.32   773.499   27.8118
25.34   714.503   26.7302
25.36   630.405   25.1079
25.38   586.592   24.2197
25.4   593.321   24.3582
25.42   647.183   25.4398
25.44   748.442   27.3577
25.46   908.795   30.1462
25.48   1160.24   34.0623
25.5   1568.6   39.6056
25.52   2245.84   47.3903
25.54   3340.87   57.8003
25.56   4957.76   70.4113
25.58   6830.94   82.6495
25.6   7936.42   89.0866
25.62   7869.46   88.71
25.64   7604.39   87.2032
25.66   7183.67   84.7565
25.68   5879.52   76.678
25.7   4181.25   64.6626
25.72   2821.38   53.1167
25.74   1919.37   43.8106
25.76   1359.92   36.8771
25.78   1015.1   31.8606
25.8   793.777   28.1741
25.82   642.684   25.3512
25.84   533.724   23.1025
25.86   452.072   21.262
25.88   389.253   19.7295
25.9   339.959   18.438
25.92   300.662   17.3396
25.94   268.921   16.3988
25.96   243.009   15.5887
25.98   221.673   14.8887
26   202.16   14.2183
26.02   187.491   13.6927
26.04   185.068   13.604
26.06   175.152   13.2345
26.08   166.98   12.9221
26.1   160.312   12.6614
26.12   154.966   12.4486
26.14   150.803   12.2802
26.16   147.717   12.1539
26.18   145.634   12.0679
26.2   144.507   12.0211
26.22   142.928   11.9552
26.24   143.696   11.9873
26.26   145.415   12.0588
26.28   148.132   12.1709
26.3   151.921   12.3256
26.32   156.893   12.5257
26.34   163.198   12.7749
26.36   171.04   13.0782
26.38   180.691   13.4421
26.4   192.515   13.875
26.42   207.005   14.3877
26.44   224.832   14.9944
26.46   246.452   15.6988
26.48   274.141   16.5572
26.5   309.312   17.5873
26.52   354.797   18.8361
26.54   415.039   20.3725
26.56   497.596   22.3069
26.58   616.727   24.834
26.6   800.823   28.2988
26.62   1103.3   33.216
26.64   1608.9   40.1111
26.66   2415.77   49.1505
26.68   3542.18   59.5162
26.7   4616.36   67.9438
26.72   4720.62   68.7068
26.74   3753.12   61.2627
26.76   2631.8   51.3011
26.78   1815.4   42.6075
26.8   1316.2   36.2795
26.82   1040   32.2491
26.84   901.1   30.0183
26.86   845.826   29.0831
26.88   848.869   29.1354
26.9   903.817   30.0636
26.92   1018.61   31.9157
26.94   1219.51   34.9215
26.96   1564.23   39.5503
26.98   2159.47   46.4701
27   3163.53   56.2453
27.02   4728.61   68.7649
27.04   6747.86   82.1454
27.06   8299.72   91.1028
27.08   8089.82   89.9434
27.1   6320.45   79.5012
27.12   4355.15   65.9936
27.14   2916.07   54.0006
27.16   2013.58   44.8729
27.18   1483.4   38.5149
27.2   1175.8   34.2899
27.22   994.516   31.5359
27.24   888.287   29.8041
27.26   832.663   28.8559
27.28   816.987   28.583
27.3   838.236   28.9523
27.32   899.25   29.9875
27.34   1009.89   31.7788
27.36   1192.18   34.5279
27.38   1492.54   38.6335
27.4   2002.54   44.7497
27.42   2877.73   53.6445
27.44   4322.77   65.7478
27.46   6464   80.399
27.48   8878.65   94.2266
27.5   10000   100
27.52   8731.67   93.4434
27.54   6302.73   79.3897
27.56   4181.13   64.6616
27.58   2747.37   52.4154
27.6   1869.77   43.2408
27.62   1345.31   36.6785
27.64   1021.14   31.9553
27.66   807.139   28.4102
27.68   656.587   25.624
27.7   545.67   23.3596
27.72   461.316   21.4783
27.74   395.615   19.8901
27.76   343.427   18.5318
27.78   301.268   17.3571
27.8   266.704   16.3311
27.82   237.997   15.4271
27.84   213.879   14.6246
27.86   193.407   13.9071
27.88   175.871   13.2616
27.9   160.724   12.6777
27.92   147.544   12.1468
27.94   135.998   11.6618
27.96   125.82   11.2169
27.98   116.797   10.8073
28   108.757   10.4287
28.02   101.56   10.0777
28.04   95.0874   9.75128
28.06   89.2436   9.44688
28.08   83.9476   9.16229
28.1   79.1311   8.89557
28.12   74.7364   8.64502
28.14   70.7144   8.40919
28.16   67.023   8.18676
28.18   63.626   7.97659
28.2   56.1625   7.49416
28.22   53.3781   7.30603
28.24   50.8015   7.12752
28.26   52.0021   7.21125
28.28   49.8831   7.06279
28.3   47.9216   6.92254
28.32   46.104   6.78999
28.34   44.4179   6.66468
28.36   42.8528   6.5462
28.38   41.3989   6.4342
28.4   40.0478   6.32833
28.42   38.792   6.22832
28.44   37.6247   6.1339
28.46   36.54   6.04483
28.48   35.5325   5.96091
28.5   34.5974   5.88196
28.52   33.6684   5.80245
28.54   29.088   5.39333
28.56   28.6856   5.3559
28.58   28.3384   5.32338
28.6   28.0445   5.29571
28.62   27.8026   5.27282
28.64   27.6116   5.25468
28.66   27.4707   5.24125
28.68   27.3793   5.23253
28.7   27.3375   5.22852
28.72   27.3452   5.22926
28.74   27.4029   5.23478
28.76   27.5115   5.24514
28.78   27.672   5.26042
28.8   27.8858   5.2807
28.82   28.1548   5.30611
28.84   28.5954   5.34747
28.86   28.9851   5.38378
28.88   29.4382   5.4257
28.9   29.9584   5.47342
28.92   30.5499   5.5272
28.94   31.2179   5.58729
28.96   31.9679   5.65402
28.98   26.9039   5.1869
29   24.4634   4.94605
29.02   25.7462   5.07407
29.04   27.1351   5.20914
29.06   28.6425   5.35187
29.08   30.2824   5.50294
29.1   32.0712   5.66314
29.12   34.028   5.83335
29.14   36.2056   6.01711
29.16   38.5697   6.21045
29.18   41.181   6.41724
29.2   44.0761   6.63898
29.22   47.2987   6.87741
29.24   50.9017   7.13455
29.26   54.9492   7.41277
29.28   59.5196   7.71489
29.3   64.7098   8.04424
29.32   70.6407   8.4048
29.34   79.6652   8.92554
29.36   87.7608   9.36807
29.38   98.3975   9.91955
29.4   109.554   10.4668
29.42   122.698   11.0769
29.44   138.552   11.7708
29.46   157.943   12.5675
29.48   182.037   13.4921
29.5   212.534   14.5785
29.52   251.99   15.8742
29.54   304.493   17.4497
29.56   377.219   19.4221
29.58   484.036   22.0008
29.6   652.401   25.5421
29.62   931.812   30.5256
29.64   1394.93   37.3488
29.66   2111.96   45.9561
29.68   3038.36   55.1214
29.7   3721.94   61.0077
29.72   3490.65   59.0817
29.74   2630.7   51.2904
29.76   1825.75   42.7287
29.78   1287.66   35.884
29.8   983.797   31.3655
29.82   843.258   29.0389
29.84   816.301   28.571
29.86   889.622   29.8265
29.88   1089.83   33.0125
29.9   1482.03   38.4971
29.92   2151.85   46.3881
29.94   3129.1   55.9384
29.96   4127.01   64.2418
29.98   4319.05   65.7195
30   3466.81   58.8796
30.02   2390.27   48.8904
30.04   1574.92   39.6853
30.06   1053.68   32.4605
30.08   741.377   27.2282
30.1   554.232   23.5421
30.12   436.346   20.8889
30.14   357.147   18.8983
30.16   301.39   17.3606
30.18   261.443   16.1692
30.2   233.494   15.2805
30.22   216.114   14.7008
30.24   209.645   14.4791
30.26   215.255   14.6716
30.28   231.984   15.231
30.3   247.916   15.7453
30.32   238.984   15.4591
30.34   206.26   14.3618
30.36   173.163   13.1591
30.38   149.609   12.2315
30.4   135.224   11.6286
30.42   127.508   11.2919
30.44   124.354   11.1514
30.46   124.59   11.162
30.48   127.893   11.309
30.5   134.638   11.6034
30.52   145.489   12.0619
30.54   161.254   12.6986
30.56   181.253   13.463
30.58   201.079   14.1802
30.6   218.24   14.7729
30.62   239.656   15.4808
30.64   272.94   16.5209
30.66   324.055   18.0015
30.68   402.202   20.055
30.7   525.776   22.9298
30.72   729.569   27.0105
30.74   1069.55   32.704
30.76   1613.3   40.1659
30.78   2380.41   48.7895
30.8   3157.38   56.1906
30.82   3469.78   58.9049
30.84   3232.31   56.8534
30.86   2627.61   51.2602
30.88   1874   43.2897
30.9   1254.59   35.4202
30.92   841.693   29.0119
30.94   586.895   24.2259
30.96   431.58   20.7745
30.98   332.708   18.2403
31   266.045   16.3109
31.02   218.46   14.7804
31.04   183.039   13.5292
31.06   155.885   12.4854
31.08   134.6   11.6017
31.1   117.604   10.8446
31.12   103.818   10.1891
31.14   92.481   9.6167
31.16   83.0436   9.11283
31.18   71.6574   8.46507
31.2   65.0054   8.06259
31.22   59.3178   7.7018
31.24   54.4188   7.37691
31.26   50.1716   7.08319
31.28   46.4683   6.81677
31.3   43.2231   6.57443
31.32   40.3672   6.35352
31.34   37.8449   6.15182
31.36   35.6109   5.96748
31.38   33.6283   5.79899
31.4   31.867   5.64508
31.42   30.3024   5.50476
31.44   28.915   5.37726
31.46   23.6968   4.86794
31.48   22.7259   4.76717
31.5   21.8931   4.67901
31.52   21.1949   4.6038
31.54   20.633   4.54235
31.56   20.2153   4.49615
31.58   19.9604   4.46771
31.6   19.9051   4.46152
31.62   20.1246   4.48604
31.64   20.7719   4.55762
31.66   22.131   4.70436
31.68   24.6374   4.96361
31.7   28.7585   5.3627
31.72   34.4314   5.86782
31.74   39.3811   6.27544
31.76   39.2232   6.26284
31.78   34.6805   5.88902
31.8   30.1396   5.48996
31.82   27.6856   5.26171
31.84   27.3592   5.2306
31.86   29.189   5.40269
31.88   33.6129   5.79766
31.9   41.4733   6.43997
31.92   53.3185   7.30195
31.94   66.8103   8.17376
31.96   73.0061   8.54436
31.98   66.4769   8.15334
32   55.9703   7.48133
32.02   48.7212   6.98006
32.04   45.9524   6.77882
32.06   47.2233   6.87192
32.08   52.168   7.22274
32.1   61.2728   7.82769
32.12   76.2628   8.73286
32.14   100.466   10.0233
32.16   138.437   11.7659
32.18   195.262   13.9736
32.2   276.538   16.6294
32.22   370.572   19.2502
32.24   415.757   20.3901
32.26   367.499   19.1703
32.28   287.866   16.9666
32.3   233.263   15.273
32.32   224.498   14.9833
32.34   261.686   16.1767
32.36   347.509   18.6416
32.38   459.691   21.4404
32.4   516.854   22.7344
32.42   446.927   21.1407
32.44   319.536   17.8756
32.46   212.543   14.5789
32.48   141.195   11.8825
32.5   97.5572   9.87711
32.52   71.2891   8.44329
32.54   54.8168   7.40384
32.56   43.7552   6.61477
32.58   35.8535   5.98778
32.6   29.9599   5.47357
32.62   25.4321   5.04303
32.64   21.8746   4.67702
32.66   19.0269   4.4
32.68   16.7109   4.4
32.7   14.801   4.4
32.72   13.2066   4.4
32.74   11.8613   4.4
32.76   10.7152   4.4
32.78   9.73049   4.4
32.8   8.87785   4.4
32.82   8.13444   4.4
32.84   7.48217   4.4
32.86   7.71932   4.4
32.88   7.23167   4.4
32.9   6.80046   4.4
32.92   6.41791   4.4
32.94   6.0776   4.4
32.96   5.77419   4.4
32.98   5.50321   4.4
33   5.26088   4.4
33.02   5.04404   4.4
33.04   5.82917   4.4
33.06   5.68308   4.4
33.08   5.55669   4.4
33.1   5.69949   4.4
33.12   5.61497   4.4
33.14   5.54635   4.4
33.16   8.29473   4.4
33.18   8.3339   4.4
33.2   8.38998   4.4
33.22   8.46263   4.4
33.24   8.53086   4.4
33.26   8.63682   4.4
33.28   8.7592   4.4
33.3   8.89817   4.4
33.32   9.05403   4.4
33.34   9.22722   4.4
33.36   9.41826   4.4
33.38   9.8054   4.4
33.4   10.0392   4.4
33.42   10.2447   4.4
33.44   10.5218   4.4
33.46   10.8216   4.4
33.48   11.1455   4.4
33.5   11.4952   4.4
33.52   11.8724   4.4
33.54   12.2793   4.4
33.56   12.7182   4.4
33.58   13.5948   4.4
33.6   14.1173   4.4
33.62   14.6815   4.4
33.64   15.5151   4.4
33.66   16.1675   4.4
33.68   19.2465   4.4
33.7   19.738   4.44275
33.72   20.6668   4.54608
33.74   21.6737   4.6555
33.76   22.7677   4.77155
33.78   23.9596   4.89486
33.8   25.2618   5.02611
33.82   26.6889   5.16613
33.84   28.2581   5.31584
33.86   29.5172   5.43297
33.88   31.4497   5.608
33.9   33.5995   5.79651
33.92   36.0035   6.0003
33.94   38.7073   6.22152
33.96   41.7679   6.46281
33.98   45.2577   6.72738
34   49.2696   7.01923
34.02   54.2211   7.3635
34.04   59.6903   7.72595
34.06   66.1849   8.13541
34.08   74.0098   8.6029
34.1   83.6012   9.14337
34.12   95.6054   9.7778
34.14   111.041   10.5376
34.16   131.672   11.4748
34.18   160.865   12.6833
34.2   205.198   14.3248
34.22   276.362   16.6241
34.24   391.582   19.7884
34.26   565.937   23.7894
34.28   787.118   28.0556
34.3   946.977   30.773
34.32   900.103   30.0017
34.34   726.166   26.9475
34.36   578.779   24.0578
34.38   506.688   22.5097
34.4   512.502   22.6385
34.42   598.471   24.4637
34.44   776.201   27.8604
34.46   1053.22   32.4534
34.48   1375.11   37.0825
34.5   1569.82   39.621
34.52   1605.93   40.074
34.54   1711.5   41.3703
34.56   2019.17   44.9351
34.58   2529.45   50.2936
34.6   3061.75   55.3331
34.62   3072.41   55.4293
34.64   2431.08   49.306
34.66   1683.47   41.0302
34.68   1129.35   33.6058
34.7   779.123   27.9128
34.72   572.495   23.9269
34.74   453.574   21.2973
34.76   387.056   19.6737
34.78   356.003   18.8681
34.8   354.211   18.8205
34.82   377.246   19.4228
34.84   407.332   20.1825
34.86   406.493   20.1617
34.88   371.304   19.2692
34.9   339.991   18.4388
34.92   334.238   18.2822
34.94   361.543   19.0143
34.96   428.203   20.6931
34.98   544.052   23.3249
35   711.296   26.6701
35.02   898.075   29.9679
35.04   1064.19   32.6219
35.06   1293.43   35.9642
35.08   1709.88   41.3507
35.1   2294.81   47.9041
35.12   2713.73   52.0935
35.14   2500.08   50.0008
35.16   1852.07   43.0357
35.18   1244.67   35.2799
35.2   825.149   28.7254
35.22   566.474   23.8007
35.24   413.168   20.3265
35.26   319.966   17.8876
35.28   260.349   16.1353
35.3   220.43   14.8469
35.32   193.498   13.9104
35.34   176.503   13.2854
35.36   168.744   12.9902
35.38   171.828   13.1083
35.4   189.891   13.7801
35.42   228.757   15.1247
35.44   291.366   17.0695
35.46   361.186   19.0049
35.48   382   19.5448
35.5   326.866   18.0794
35.52   251.131   15.8471
35.54   194.958   13.9627
35.56   164.373   12.8208
35.58   156.756   12.5202
35.6   171.382   13.0913
35.62   211.22   14.5334
35.64   278.754   16.6959
35.66   359.684   18.9653
35.68   394.172   19.8538
35.7   340.191   18.4443
35.72   252.668   15.8955
35.74   182.204   13.4983
35.76   137.285   11.7169
35.78   111.727   10.5701
35.8   101.116   10.0556
35.82   101.737   10.0865
35.84   114.36   10.6939
35.86   142.377   11.9322
35.88   188.346   13.7239
35.9   242.859   15.5839
35.92   266.498   16.3248
35.94   230.493   15.182
35.96   169.623   13.0239
35.98   121.436   11.0198
36   89.2906   9.44937
36.02   69.6471   8.34548
36.04   58.2362   7.63126
36.06   51.3986   7.16928
36.08   47.2111   6.87103
36.1   42.0494   6.48455
36.12   40.8821   6.39391
36.14   40.7665   6.38487
36.16   41.6534   6.45394
36.18   43.6119   6.60393
36.2   46.8425   6.84416
36.22   51.7362   7.19279
36.24   59.0344   7.68338
36.26   70.1976   8.3784
36.28   88.0745   9.3848
36.3   117.758   10.8517
36.32   166.178   12.891
36.34   239.909   15.489
36.36   333.742   18.2686
36.38   404.769   20.1189
36.4   410.388   20.258
36.42   392.064   19.8006
36.44   381.091   19.5216
36.46   341.081   18.4684
36.48   264.289   16.257
36.5   191.711   13.846
36.52   142.431   11.9344
36.54   113.844   10.6698
36.56   100.612   10.0305
36.58   97.9192   9.89542
36.6   102.881   10.143
36.62   123.478   11.1121
36.64   163.725   12.7955
36.66   231.73   15.2227
36.68   328.444   18.123
36.7   419.736   20.4875
36.72   424.285   20.5982
36.74   335.661   18.321
36.76   234.964   15.3285
36.78   161.455   12.7065
36.8   115.614   10.7524
36.82   88.9931   9.43362
36.84   73.8959   8.59627
36.86   65.3886   8.08632
36.88   60.8927   7.80338
36.9   59.236   7.69649
36.92   59.9835   7.7449
36.94   62.8591   7.92837
36.96   68.909   8.30115
36.98   78.9737   8.88671
37   95.5368   9.77429
37.02   123.524   11.1142
37.04   171.22   13.0851
37.06   249.221   15.7867
37.08   363.278   19.0599
37.1   487.687   22.0836
37.12   531.347   23.051
37.14   447.916   21.164
37.16   326.373   18.0658
37.18   233.016   15.2649
37.2   177.135   13.3092
37.22   148.091   12.1693
37.24   137.762   11.7372
37.26   140.89   11.8697
37.28   156.761   12.5204
37.3   189.395   13.7621
37.32   248.131   15.7522
37.34   347.498   18.6413
37.36   502.256   22.4111
37.38   703.358   26.5209
37.4   879.086   29.6494
37.42   975.449   31.2322
37.44   1014.34   31.8488
37.46   920.349   30.3373
37.48   695.161   26.3659
37.5   475.569   21.8075
37.52   320.669   17.9072
37.54   223.809   14.9602
37.56   165.797   12.8762
37.58   130.886   11.4405
37.6   109.34   10.4566
37.62   96.2511   9.81076
37.64   89.786   9.47555
37.66   90.0608   9.49004
37.68   98.3852   9.91893
37.7   115.866   10.7641
37.72   138.839   11.783
37.74   150.392   12.2635
37.76   135.474   11.6393
37.78   109.134   10.4467
37.8   88.1118   9.38679
37.82   75.9022   8.71219
37.84   70.9821   8.42509
37.86   72.6031   8.52075
37.88   80.5364   8.97421
37.9   97.1776   9.85787
37.92   128.008   11.3141
37.94   181.061   13.4559
37.96   264.199   16.2542
37.98   368.923   19.2074
38   436.853   20.901
38.02   396.292   19.9071
38.04   292.296   17.0967
38.06   199.115   14.1108
38.08   137.036   11.7062
38.1   98.6883   9.9342
38.12   76.2141   8.73007
38.14   62.8015   7.92474
38.16   54.4137   7.37656
38.18   48.9796   6.99854
38.2   45.0886   6.71481
38.22   42.9738   6.55544
38.24   41.9395   6.47607
38.26   41.8163   6.46655
38.28   42.5232   6.52098
38.3   44.047   6.63679
38.32   46.4349   6.81431
38.34   49.7968   7.05668
38.36   54.3174   7.37003
38.38   60.2803   7.76404
38.4   68.1106   8.25292
38.42   78.4484   8.85711
38.44   92.2886   9.60669
38.46   111.277   10.5488
38.48   138.381   11.7635
38.5   179.27   13.3892
38.52   244.566   15.6386
38.54   352.109   18.7646
38.56   526.164   22.9383
38.58   783.962   27.9993
38.6   1085.48   32.9466
38.62   1314.5   36.256
38.64   1371.57   37.0347
38.66   1177.67   34.3172
38.68   847.523   29.1122
38.7   564.186   23.7526
38.72   373.999   19.339
38.74   257.579   16.0493
38.76   187.727   13.7013
38.78   144.648   12.027
38.8   115.569   10.7503
38.82   95.0694   9.75035
38.84   80.0638   8.94784
38.86   68.3095   8.26496
38.88   59.6808   7.72533
38.9   52.9679   7.2779
38.92   47.686   6.9055
38.94   42.8492   6.54593
38.96   39.5436   6.28837
38.98   36.9302   6.07702
39   34.8879   5.9066
39.02   33.3298   5.7732
39.04   32.7759   5.72503
39.06   32.04   5.66039
39.08   31.6649   5.62716
39.1   32.3113   5.68431
39.12   32.6807   5.7167
39.14   33.4618   5.78462
39.16   34.7317   5.89336
39.18   36.6087   6.05051
39.2   39.1407   6.25625
39.22   42.6892   6.5337
39.24   47.1527   6.86679
39.26   52.1638   7.22245
39.28   57.9097   7.60984
39.3   65.1702   8.0728
39.32   73.57   8.5773
39.34   82.9039   9.10516
39.36   95.5918   9.77711
39.38   115.086   10.7278
39.4   146.172   12.0902
39.42   198.051   14.0731
39.44   285.742   16.9039
39.46   430.956   20.7595
39.48   649.793   25.491
39.5   911.173   30.1856
39.52   1050.63   32.4135
39.54   917.124   30.2841
39.56   657.263   25.6371
39.58   437.793   20.9235
39.6   292.422   17.1003
39.62   205.674   14.3413
39.64   154.588   12.4333
39.66   124   11.1355
39.68   104.774   10.2359
39.7   92.2888   9.60671
39.72   84.2585   9.17924
39.74   79.4943   8.91596
39.76   77.8432   8.82288
39.78   78.0701   8.83573
39.8   80.6142   8.97854
39.82   85.7045   9.25767
39.84   93.8833   9.68934
39.86   106.176   10.3042
39.88   124.527   11.1592
39.9   152.822   12.3621
39.92   198.828   14.1006
39.94   276.484   16.6278
39.96   405.969   20.1487
39.98   605.955   24.6161
40   860.394   29.3325
40.02   1036.84   32.2
40.04   957.478   30.9431
40.06   717.354   26.7835
40.08   498.813   22.3341
40.1   354.971   18.8407
40.12   274.548   16.5695
40.14   241.735   15.5478
40.16   245.462   15.6672
40.18   285.925   16.9093
40.2   369.135   19.2129
40.22   492.774   22.1985
40.24   606.755   24.6324
40.26   604.313   24.5828
40.28   487.872   22.0878
40.3   364.318   19.0871
40.32   284.1   16.8553
40.34   243.532   15.6055
40.36   237.579   15.4136
40.38   261.864   16.1822
40.4   317.011   17.8048
40.42   407.347   20.1828
40.44   545.759   23.3615
40.46   729.032   27.0006
40.48   879.872   29.6626
40.5   926.011   30.4304
40.52   943.283   30.7129
40.54   945.157   30.7434
40.56   822.234   28.6746
40.58   609.232   24.6826
40.6   422.678   20.5591
40.62   295.892   17.2015
40.64   217.826   14.7589
40.66   171.571   13.0985
40.68   144.293   12.0122
40.7   128.45   11.3336
40.72   120.485   10.9766
40.74   119.474   10.9304
40.76   126.668   11.2547
40.78   146.399   12.0995
40.8   182.549   13.5111
40.82   240.447   15.5063
40.84   312.512   17.678
40.86   355.809   18.8629
40.88   326.404   18.0667
40.9   261.64   16.1753
40.92   209.664   14.4798
40.94   182.366   13.5043
40.96   178.244   13.3508
40.98   195.641   13.9872
41   241.802   15.55
41.02   327.668   18.1016
41.04   467.096   21.6124
41.06   655.528   25.6033
41.08   813.582   28.5234
41.1   804.282   28.3599
41.12   671.473   25.9128
41.14   566.707   23.8056
41.16   547.819   23.4055
41.18   594.797   24.3885
41.2   616.133   24.822
41.22   527.332   22.9637
41.24   389.043   19.7242
41.26   275.049   16.5846
41.28   199.088   14.1099
41.3   154.967   12.4486
41.32   127.139   11.2756
41.34   110.179   10.4966
41.36   99.5557   9.97776
41.38   92.9457   9.64083
41.4   89.4079   9.45557
41.42   87.8902   9.37498
41.44   88.3071   9.39719
41.46   90.5476   9.51565
41.48   94.658   9.72924
41.5   99.8984   9.99492
41.52   108.588   10.4206
41.54   120.452   10.9751
41.56   136.632   11.689
41.58   159.166   12.6161
41.6   189.959   13.7826
41.62   232.214   15.2386
41.64   288.052   16.9721
41.66   360.168   18.9781
41.68   466.681   21.6028
41.7   648.152   25.4588
41.72   957.958   30.9509
41.74   1444.16   38.0021
41.76   2082.14   45.6304
41.78   2612.48   51.1125
41.8   2566.46   50.6602
41.82   1978.55   44.4808
41.84   1342.55   36.6409
41.86   881.892   29.6967
41.88   593.243   24.3566
41.9   421.972   20.542
41.92   319.714   17.8806
41.94   254.963   15.9675
41.96   212.329   14.5715
41.98   182.988   13.5273
42   162.697   12.7553
42.02   148.492   12.1857
42.04   140.399   11.849
42.06   137.214   11.7139
42.08   139.02   11.7907
42.1   146.748   12.114
42.12   162.789   12.7589
42.14   193.523   13.9112
42.16   246.938   15.7143
42.18   339.549   18.4269
42.2   488.903   22.1112
42.22   694.404   26.3515
42.24   876.497   29.6057
42.26   867.94   29.4608
42.28   678.653   26.051
42.3   475.952   21.8163
42.32   330.763   18.1869
42.34   241.895   15.553
42.36   190.731   13.8105
42.38   162.238   12.7373
42.4   146.758   12.1144
42.42   139.317   11.8033
42.44   137.677   11.7336
42.46   141.025   11.8754
42.48   149.427   12.224
42.5   163.829   12.7996
42.52   186.52   13.6572
42.54   222.105   14.9032
42.56   277.872   16.6695
42.58   366.423   19.1422
42.6   497.226   22.2986
42.62   661.588   25.7214
42.64   799.014   28.2668
42.66   867.961   29.4612
42.68   971.484   31.1686
42.7   1227.94   35.0419
42.72   1677.63   40.9588
42.74   2217.73   47.0928
42.76   2542.44   50.4227
42.78   2378.01   48.7649
42.8   1860.62   43.1349
42.82   1363.87   36.9307
42.84   1000.8   31.6354
42.86   725.753   26.9398
42.88   525.475   22.9232
42.9   393.715   19.8422
42.92   311.849   17.6593
42.94   264.386   16.26
42.96   243.276   15.5973
42.98   246.957   15.7149
43   277.504   16.6584
43.02   332.931   18.2464
43.04   385.679   19.6387
43.06   376.086   19.3929
43.08   302.842   17.4024
43.1   224.232   14.9744
43.12   166.635   12.9087
43.14   129.58   11.3833
43.16   106.803   10.3346
43.18   92.6356   9.62474
43.2   83.4615   9.13572
43.22   77.3407   8.79436
43.24   73.1135   8.55064
43.26   70.6876   8.40759
43.28   67.2958   8.2034
43.3   67.5381   8.21816
43.32   69.0384   8.30894
43.34   71.8892   8.47875
43.36   76.3124   8.7357
43.38   82.6745   9.09255
43.4   91.5628   9.56884
43.42   103.908   10.1935
43.44   121.201   11.0091
43.46   146.482   12.103
43.48   183.15   13.5333
43.5   239.887   15.4883
43.52   332.035   18.2218
43.54   485.492   22.0339
43.56   728.468   26.9901
43.58   1056.07   32.4972
43.6   1334.32   36.5283
43.62   1320.05   36.3325
43.64   1043.29   32.3
43.66   733.342   27.0803
43.68   505.897   22.4922
43.7   370.296   19.2431
43.72   305.923   17.4906
43.74   294.781   17.1692
43.76   330.073   18.1679
43.78   400.783   20.0196
43.8   463.489   21.5288
43.82   441.677   21.0161
43.84   346.873   18.6245
43.86   251.26   15.8512
43.88   183.768   13.5561
43.9   142.226   11.9259
43.92   118.563   10.8887
43.94   106.065   10.2988
43.96   100.761   10.038
43.98   100.982   10.049
44   106.705   10.3298
44.02   119.486   10.931
44.04   143.122   11.9634
44.06   184.728   13.5915
44.08   255.136   15.973
44.1   365.129   19.1083
44.12   512.117   22.63
44.14   651.737   25.5291
44.16   727.056   26.964
44.18   716.192   26.7618
44.2   598.069   24.4555
44.22   429.128   20.7154
44.24   290.144   17.0336
44.26   196.025   14.0009
44.28   139.118   11.7948
44.3   104.312   10.2133
44.32   82.4975   9.08281
44.34   68.4074   8.27088
44.36   58.0366   7.61817
44.38   50.3945   7.09891
44.4   44.6292   6.68051
44.42   40.2187   6.34182
44.44   36.8229   6.06819
44.46   34.2132   5.84921
44.48   32.2337   5.67748
44.5   30.7786   5.54785
44.52   29.7782   5.45694
44.54   28.9154   5.37731
44.56   29.1597   5.39997
44.58   29.3849   5.42079
44.6   30.0371   5.48061
44.62   31.1733   5.58331
44.64   32.8922   5.73517
44.66   35.3559   5.94609
44.68   38.8221   6.23074
44.7   43.6772   6.60887
44.72   51.0663   7.14607
44.74   60.421   7.77309
44.76   72.9359   8.54025
44.78   90.2525   9.50013
44.8   118.001   10.8628
44.82   165.876   12.8793
44.84   245.573   15.6708
44.86   364.327   19.0874
44.88   498.97   22.3376
44.9   555.523   23.5695
44.92   471.226   21.7077
44.94   335.728   18.3229
44.96   226.743   15.058
44.98   156.168   12.4967
45   114.554   10.703
45.02   90.9244   9.53543
45.04   77.5744   8.80763
45.06   70.237   8.38075
45.08   65.7764   8.11026
45.1   65.6746   8.10399
45.12   68.4973   8.27631
45.14   74.9813   8.65917
45.16   86.4503   9.29787
45.18   103.476   10.1723
45.2   129.776   11.3919
45.22   173.122   13.1576
45.24   247.579   15.7347
45.26   369.093   19.2118
45.28   541.218   23.2641
45.3   707.79   26.6043
45.32   726.521   26.9541
45.34   574.979   23.9787
45.36   395.771   19.894
45.38   263.103   16.2204
45.4   179.47   13.3966
45.42   130.066   11.4047
45.44   101.018   10.0508
45.46   83.2637   9.12489
45.48   71.9696   8.48349
45.5   65.2006   8.07469
45.52   60.702   7.79115
45.54   58.404   7.64225
45.56   58.0232   7.6173
45.58   59.4933   7.71319
45.6   62.7701   7.92276
45.62   68.9205   8.30184
45.64   78.6217   8.86689
45.66   94.6209   9.72733
45.68   120.517   10.978
45.7   164.548   12.8276
45.72   237.979   15.4266
45.74   350.778   18.7291
45.76   491.967   22.1803
45.78   584.158   24.1694
45.8   533.306   23.0934
45.82   399.982   19.9996
45.84   282.261   16.8006
45.86   205.741   14.3437
45.88   164.089   12.8097
45.9   147.085   12.1279
45.92   148.648   12.1921
45.94   168.851   12.9943
45.96   213.446   14.6098
45.98   290.843   17.0541
46   402.051   20.0512
46.02   510.405   22.5921
46.04   526.94   22.9552
46.06   449.691   21.2059
46.08   374.181   19.3438
46.1   353.097   18.7909
46.12   400.298   20.0075
46.14   512.909   22.6475
46.16   647.084   25.4378
46.18   680.308   26.0827
46.2   558.523   23.6331
46.22   395.525   19.8878
46.24   269.565   16.4184
46.26   188.698   13.7367
46.28   140.118   11.8371
46.3   111.448   10.5569
46.32   94.0797   9.69947
46.34   83.2755   9.12554
46.36   76.196   8.72903
46.38   72.8115   8.53297
46.4   72.1441   8.49377
46.42   74.1773   8.61263
46.44   79.3356   8.90705
46.46   88.739   9.42014
46.48   104.868   10.2405
46.5   132.737   11.5212
46.52   181.135   13.4586
46.54   261.453   16.1695
46.56   381.811   19.54
46.58   521.028   22.826
46.6   585.619   24.1996
46.62   504.853   22.4689
46.64   366.373   19.1409
46.66   253.583   15.9243
46.68   180.811   13.4466
46.7   138.799   11.7813
46.72   116.343   10.7862
46.74   105.587   10.2755
46.76   102.381   10.1184
46.78   105.215   10.2574
46.8   113.764   10.666
46.82   131.772   11.4792
46.84   163.976   12.8053
46.86   219.954   14.8308
46.88   312.448   17.6762
46.9   449.598   21.2037
46.92   606.226   24.6216
46.94   681.979   26.1147
46.96   606.72   24.6317
46.98   478.194   21.8676
47   392.462   19.8107
47.02   376.769   19.4105
47.04   437.056   20.9059
47.06   574.016   23.9586
47.08   756.227   27.4996
47.1   855.992   29.2573
47.12   751.049   27.4053
47.14   547.498   23.3987
47.16   374.725   19.3578
47.18   259.937   16.1226
47.2   191.018   13.8209
47.22   151.44   12.3061
47.24   129.032   11.3592
47.26   116.367   10.7873
47.28   111.277   10.5488
47.3   112.129   10.5891
47.32   119.272   10.9212
47.34   134.736   11.6076
47.36   163.325   12.7799
47.38   214.111   14.6325
47.4   300.786   17.3432
47.42   437.419   20.9146
47.44   618.385   24.8673
47.46   767.81   27.7094
47.48   778.589   27.9032
47.5   699.378   26.4457
47.52   600.64   24.508
47.54   475.317   21.8018
47.56   348.786   18.6758
47.58   256.57   16.0178
47.6   203.84   14.2772
47.62   184.415   13.5799
47.64   194.097   13.9319
47.66   233.388   15.277
47.68   294.59   17.1636
47.7   339.973   18.4384
47.72   314.45   17.7327
47.74   239.379   15.4719
47.76   169.101   13.0039
47.78   120.454   10.9752
47.8   90.5147   9.51392
47.82   73.1311   8.55167
47.84   63.5472   7.97165
47.86   59.2784   7.69925
47.88   59.8609   7.73698
47.9   66.4096   8.14921
47.92   80.9643   8.99802
47.94   104.684   10.2315
47.96   131.849   11.4825
47.98   141.457   11.8936
48   120.465   10.9756
48.02   89.0113   9.43458
48.04   63.8251   7.98906
48.06   46.6893   6.83296
48.08   36.5348   6.0444
48.1   30.4273   5.5161
48.12   26.5183   5.14959
48.14   23.902   4.88897
48.16   22.0896   4.69996
48.18   20.8356   4.5646
48.2   20.0097   4.47322
48.22   19.5428   4.42072
48.24   19.4129   4.40601
48.26   19.6079   4.42808
48.28   20.1723   4.49136
48.3   21.1885   4.60309
48.32   22.8151   4.77652
48.34   25.3935   5.0392
48.36   29.5053   5.43188
48.38   36.3858   6.03206
48.4   47.3939   6.88432
48.42   66.0363   8.12627
48.44   92.4179   9.61342
48.46   118.807   10.8999
48.48   124.426   11.1546
48.5   105.559   10.2742
48.52   83.7742   9.15283
48.54   70.6912   8.40781
48.56   64.3704   8.02311
48.58   59.2675   7.69854
48.6   51.1772   7.15383
48.62   43.7081   6.61121
48.64   39.0819   6.25155
48.66   37.2133   6.10027
48.68   37.5297   6.12615
48.7   39.6015   6.29297
48.72   43.2852   6.57915
48.74   48.7335   6.98094
48.76   56.4102   7.51067
48.78   67.2218   8.19889
48.8   82.9584   9.10815
48.82   106.933   10.3409
48.84   145.472   12.0612
48.86   208.528   14.4405
48.88   307.903   17.5472
48.9   447.864   21.1628
48.92   592.603   24.3434
48.94   660.688   25.7039
48.96   668.401   25.8535
48.98   695.223   26.3671
49   701.802   26.4916
49.02   598.276   24.4597
49.04   438.86   20.949
49.06   306.106   17.4959
49.08   212.822   14.5884
49.1   150.186   12.255
49.12   109.941   10.4853
49.14   84.1797   9.17495
49.16   69.6661   8.34662
49.18   57.704   7.59631
49.2   49.3983   7.0284
49.22   43.3868   6.58686
49.24   39.0626   6.25001
49.26   37.2145   6.10037
49.28   35.5891   5.96566
49.3   35.5261   5.96038
49.32   37.1659   6.09638
49.34   42.2153   6.49733
49.36   48.4715   6.96215
49.38   55.12   7.42429
49.4   59.881   7.73828
49.42   64.3373   8.02105
49.44   69.1495   8.31562
49.46   73.3923   8.56693
49.48   77.9264   8.82759
49.5   83.3695   9.13069
49.52   91.4682   9.5639
49.54   96.0067   9.7983
49.56   85.7697   9.26119
49.58   67.0715   8.18972
49.6   51.1933   7.15495
49.62   40.9619   6.40015
49.64   35.8312   5.98592
49.66   33.8031   5.81404
49.68   34.0972   5.83928
49.7   35.3333   5.94418
49.72   35.9412   5.9951
49.74   36.6368   6.05284
49.76   39.4722   6.28269
49.78   45.2437   6.72635
49.8   50.9217   7.13595
49.82   50.8805   7.13306
49.84   44.7651   6.69067
49.86   38.1449   6.17615
49.88   33.6038   5.79688
49.9   31.1191   5.57845
49.92   30.1105   5.4873
49.94   30.0075   5.47791
49.96   30.3944   5.51311
49.98   31.3068   5.59525
50   32.5738   5.70735
50.02   34.1813   5.84648
50.04   36.1489   6.01239
50.06   38.5019   6.20499
50.08   41.376   6.43242
50.1   44.897   6.70052
50.12   49.3376   7.02407
50.14   55.2015   7.42977
50.16   63.3475   7.95911
50.18   75.0044   8.66051
50.2   91.3881   9.55971
50.22   111.918   10.5791
50.24   130.313   11.4155
50.26   140.253   11.8428
50.28   148.678   12.1934
50.3   160.477   12.6679
50.32   167.519   12.9429
50.34   166.817   12.9158
50.36   168.636   12.986
50.38   179.752   13.4072
50.4   202.47   14.2292
50.42   238.711   15.4503
50.44   293.961   17.1453
50.46   372.287   19.2947
50.48   480.933   21.9302
50.5   626.003   25.0201
50.52   843.633   29.0454
50.54   1205.25   34.7168
50.56   1762.33   41.9801
50.58   2436.57   49.3616
50.6   2823.42   53.1359
50.62   2578.7   50.7809
50.64   2101.01   45.8367
50.66   1817.07   42.6271
50.68   1792.65   42.3397
50.7   1855.74   43.0783
50.72   1797.15   42.3929
50.74   1697.16   41.1966
50.76   1700.94   41.2425
50.78   1702.48   41.2611
50.8   1490.12   38.6021
50.82   1122.65   33.5059
50.84   790.541   28.1166
50.86   556.94   23.5996
50.88   406.868   20.171
50.9   313.577   17.7081
50.92   255.166   15.9739
50.94   217.742   14.7561
50.96   194.114   13.9325
50.98   181.316   13.4654
51   179.503   13.3979
51.02   191.796   13.8491
51.04   224.393   14.9797
51.06   283.954   16.8509
51.08   368.405   19.1939
51.1   439.73   20.9697
51.12   429.889   20.7338
51.14   355.84   18.8637
51.16   291.452   17.072
51.18   267.497   16.3553
51.2   284.171   16.8574
51.22   319.701   17.8802
51.24   321.542   17.9316
51.26   266.41   16.3221
51.28   197.979   14.0705
51.3   146.304   12.0956
51.32   114.207   10.6868
51.34   96.7939   9.83839
51.36   87.8917   9.37505
51.38   79.5262   8.91775
51.4   69.0638   8.31046
51.42   59.3263   7.70236
51.44   51.985   7.21006
51.46   46.8685   6.84606
51.48   43.3912   6.5872
51.5   41.0467   6.40677
51.52   39.5036   6.28519
51.54   38.5802   6.21129
51.56   38.2198   6.18222
51.58   38.3404   6.19196
51.6   38.9842   6.24373
51.62   40.2043   6.34069
51.64   42.0973   6.48824
51.66   44.8633   6.69801
51.68   48.6489   6.97488
51.7   53.8202   7.33622
51.72   61.0702   7.81474
51.74   71.4057   8.45019
51.76   86.8654   9.32016
51.78   111.535   10.561
51.8   152.369   12.3438
51.82   219.917   14.8296
51.84   323.911   17.9975
51.86   457.038   21.3784
51.88   554.049   23.5383
51.9   527.401   22.9652
51.92   427.934   20.6866
51.94   351.098   18.7376
51.96   320.661   17.907
51.98   309.88   17.6034
52   281.595   16.7808
52.02   247.603   15.7354
52.04   239.137   15.4641
52.06   266.938   16.3382
52.08   334.086   18.278
52.1   404.637   20.1156
52.12   404.615   20.115
52.14   326.576   18.0714
52.16   241.205   15.5308
52.18   185.321   13.6133
52.2   156.242   12.4997
52.22   138.543   11.7704
52.24   118.626   10.8915
52.26   100.59   10.0295
52.28   85.2815   9.2348
52.3   72.4589   8.51228
52.32   63.7777   7.98609
52.34   59.8719   7.7377
52.36   58.9354   7.67694
52.38   57.2367   7.56549
52.4   55.3085   7.43697
52.42   55.7957   7.46965
52.44   60.5305   7.78014
52.46   71.585   8.46079
52.48   92.5983   9.6228
52.5   128.885   11.3528
52.52   184.98   13.6007
52.54   254.264   15.9457
52.56   297.783   17.2564
52.58   273.823   16.5476
52.6   213.496   14.6115
52.62   158.629   12.5948
52.64   123.714   11.1227
52.66   109.026   10.4416
52.68   111.931   10.5798
52.7   130.933   11.4426
52.72   164.802   12.8375
52.74   205.503   14.3354
52.76   249.851   15.8067
52.78   306.921   17.5191
52.8   354.107   18.8177
52.82   340.138   18.4428
52.84   270.152   16.4363
52.86   191.169   13.8264
52.88   131.328   11.4598
52.9   93.2369   9.65593
52.92   71.038   8.4284
52.94   59.1707   7.69225
52.96   54.1401   7.358
52.98   54.5451   7.38547
53   59.7146   7.72752
53.02   66.4153   8.14956
53.04   69.6062   8.34303
53.06   70.6595   8.40592
53.08   74.7569   8.64621
53.1   78.4628   8.85793
53.12   73.4686   8.57138
53.14   63.7852   7.98656
53.16   58.8503   7.6714
53.18   62.5572   7.90931
53.2   74.9808   8.65914
53.22   90.4507   9.51056
53.24   93.4081   9.66479
53.26   77.3895   8.79713
53.28   56.6514   7.52671
53.3   40.6993   6.3796
53.32   30.5295   5.52535
53.34   24.3003   4.92953
53.36   20.0939   4.48262
53.38   17.8026   4.4
53.4   16.3432   4.4
53.42   15.4185   4.4
53.44   14.8799   4.4
53.46   14.6099   4.4
53.48   14.6566   4.4
53.5   14.96   4.4
53.52   15.5283   4.4
53.54   16.3906   4.4
53.56   17.6077   4.4
53.58   19.2521   4.4
53.6   21.1293   4.59666
53.62   24.1325   4.91248
53.64   28.5798   5.34601
53.66   34.4972   5.87343
53.68   43.4232   6.58963
53.7   57.7685   7.60056
53.72   81.5916   9.03281
53.74   120.349   10.9704
53.76   178.35   13.3548
53.78   247.222   15.7233
53.8   284.024   16.853
53.82   250.329   15.8218
53.84   185.155   13.6072
53.86   131.708   11.4764
53.88   98.92   9.94585
53.9   83.46   9.13565
53.92   81.6015   9.03336
53.94   92.7543   9.6309
53.96   119.971   10.9531
53.98   168.05   12.9634
54   236.234   15.3699
54.02   297.011   17.234
54.04   293.756   17.1393
54.06   228.188   15.1059
54.08   157.307   12.5422
54.1   106.186   10.3046
54.12   74.266   8.61777
54.14   55.4742   7.4481
54.16   44.4563   6.66755
54.18   37.8185   6.14968
54.2   33.9561   5.82719
54.22   31.6813   5.62862
54.24   30.7974   5.54954
54.26   31.2181   5.58732
54.28   32.8817   5.73426
54.3   36.6967   6.05778
54.32   43.6701   6.60834
54.34   55.5778   7.45505
54.36   74.8995   8.65445
54.38   103.789   10.1877
54.4   138.622   11.7738
54.42   171.741   13.105
54.44   205.502   14.3353
54.46   230.428   15.1799
54.48   212.629   14.5818
54.5   161.157   12.6948
54.52   112.43   10.6033
54.54   78.9619   8.88605
54.56   58.7865   7.66723
54.58   48.1028   6.93562
54.6   42.3098   6.5046
54.62   39.9812   6.32307
54.64   40.3731   6.35399
54.66   43.7134   6.61161
54.68   51.2693   7.16026
54.7   65.3721   8.0853
54.72   89.2898   9.44933
54.74   124.39   11.153
54.76   161.908   12.7243
54.78   173.833   13.1846
54.8   149.414   12.2235
54.82   117.266   10.8289
54.84   97.1302   9.85547
54.86   92.9936   9.64332
54.88   104.641   10.2294
54.9   129.846   11.395
54.92   157.509   12.5503
54.94   163.367   12.7815
54.96   144.816   12.0339
54.98   127.271   11.2814
55   126.327   11.2395
55.02   147.418   12.1416
55.04   193.529   13.9115
55.06   264.582   16.266
55.08   338.232   18.3911
55.1   353.266   18.7954
55.12   296.785   17.2274
55.14   226.595   15.0531
55.16   167.333   12.9357
55.18   119.804   10.9455
55.2   86.339   9.29188
55.22   65.1527   8.07172
55.24   52.3266   7.23371
55.26   44.5372   6.67362
55.28   40.2131   6.34138
55.3   37.3273   6.1096
55.32   36.2913   6.02422
55.34   35.1358   5.92754
55.36   35.4959   5.95785
55.38   36.5675   6.0471
55.4   36.5519   6.04582
55.42   35.2161   5.93431
55.44   34.2419   5.85166
55.46   34.6021   5.88235
55.48   36.4964   6.04122
55.5   40.1409   6.33568
55.52   45.7778   6.76593
55.54   55.1737   7.4279
55.56   70.6414   8.40485
55.58   96.5202   9.82447
55.6   138.183   11.7551
55.62   198.323   14.0827
55.64   262.68   16.2074
55.66   284.28   16.8606
55.68   243.553   15.6062
55.7   187.96   13.7099
55.72   150.618   12.2726
55.74   137.313   11.718
55.76   146.78   12.1153
55.78   176.677   13.292
55.8   221.277   14.8754
55.82   270.178   16.4371
55.84   300.807   17.3438
55.86   304.131   17.4394
55.88   305.414   17.4761
55.9   300.225   17.327
55.92   270.435   16.4449
55.94   241.777   15.5492
55.96   244.466   15.6354
55.98   293.036   17.1183
56   396.432   19.9106
56.02   547.264   23.3937
56.04   673.221   25.9465
56.06   646.312   25.4227
56.08   491.854   22.1778
56.1   335.42   18.3145
56.12   224.215   14.9738
56.14   155.211   12.4584
56.16   113.882   10.6716
56.18   88.9436   9.43099
56.2   73.0934   8.54947
56.22   62.4718   7.90391
56.24   55.0181   7.41742
56.26   50.0549   7.07495
56.28   46.9674   6.85328
56.3   45.654   6.75677
56.32   46.3705   6.80959
56.34   49.7779   7.05535
56.36   56.2942   7.50294
56.38   65.4264   8.08866
56.4   72.4578   8.51221
56.42   70.7303   8.41013
56.44   63.7954   7.9872
56.46   58.7239   7.66315
56.48   56.8901   7.54255
56.5   58.1033   7.62255
56.52   61.8081   7.86181
56.54   68.6165   8.28351
56.56   79.6582   8.92515
56.58   95.7009   9.78268
56.6   117.069   10.8198
56.62   139.033   11.7912
56.64   158.097   12.5736
56.66   183.895   13.5608
56.68   231.9   15.2283
56.7   320.524   17.9032
56.72   475.058   21.7958
56.74   721.624   26.8631
56.76   1053.16   32.4525
56.78   1329.08   36.4565
56.8   1287.99   35.8886
56.82   976.491   31.2489
56.84   656.423   25.6207
56.86   429.002   20.7124
56.88   287.663   16.9606
56.9   204.09   14.286
56.92   154.199   12.4177
56.94   123.041   11.0924
56.96   102.957   10.1468
56.98   90.4946   9.51286
57   84.1689   9.17436
57.02   82.8343   9.10133
57.04   83.1752   9.12005
57.06   78.7013   8.87138
57.08   68.6779   8.28721
57.1   59.0303   7.68312
57.12   52.4661   7.24335
57.14   49.8075   7.05744
57.16   50.7233   7.12203
57.18   55.2395   7.43233
57.2   63.1047   7.94385
57.22   70.4366   8.39265
57.24   73.6241   8.58045
57.26   75.9141   8.71287
57.28   84.8592   9.21191
57.3   103.319   10.1646
57.32   127.588   11.2955
57.34   140.953   11.8724
57.36   132.919   11.529
57.38   121.11   11.005
57.4   120.365   10.9711
57.42   130.763   11.4352
57.44   140.737   11.8633
57.46   142.943   11.9559
57.48   146.508   12.1041
57.5   154.3   12.4218
57.52   165.723   12.8733
57.54   195.905   13.9966
57.56   258.683   16.0836
57.58   354.982   18.841
57.6   445.512   21.1072
57.62   444.411   21.0811
57.64   350.407   18.7192
57.66   248.235   15.7555
57.68   176.792   13.2963
57.7   136.903   11.7006
57.72   121.491   11.0223
57.74   124.444   11.1555
57.76   139.768   11.8224
57.78   153.974   12.4086
57.8   150.373   12.2627
57.82   137.433   11.7232
57.84   135.36   11.6344
57.86   155.131   12.4552
57.88   202.965   14.2466
57.9   278.84   16.6985
57.92   355.31   18.8497
57.94   363.273   19.0597
57.96   289.63   17.0185
57.98   202.111   14.2166
58   137.029   11.7059
58.02   95.8613   9.79088
58.04   71.612   8.46239
58.06   57.7729   7.60085
58.08   50.2565   7.08918
58.1   47.2214   6.87178
58.12   47.7403   6.90943
58.14   50.2141   7.08619
58.16   50.2583   7.08931
58.18   44.8715   6.69862
58.2   37.734   6.1428
58.22   32.1437   5.66954
58.24   28.5807   5.34609
58.26   26.1445   5.11317
58.28   24.4982   4.94957
58.3   24.4443   4.94412
58.32   25.0397   5.00397
58.34   26.2748   5.1259
58.36   28.2509   5.31516
58.38   31.1591   5.58203
58.4   35.2361   5.936
58.42   40.6398   6.37493
58.44   47.7588   6.91077
58.46   57.5976   7.58931
58.48   70.2937   8.38413
58.5   82.9538   9.1079
58.52   93.7089   9.68034
58.54   109.055   10.4429
58.56   138.867   11.7842
58.58   191.864   13.8515
58.6   278.67   16.6934
58.62   401.695   20.0423
58.64   529.23   23.005
58.66   609.511   24.6883
58.68   642.472   25.347
58.7   603.938   24.5752
58.72   485.521   22.0345
58.74   350.705   18.7271
58.76   241.391   15.5368
58.78   167.642   12.9477
58.8   122.318   11.0598
58.82   95.7282   9.78408
58.84   80.8776   8.9932
58.86   74.0875   8.60741
58.88   74.4198   8.62669
58.9   82.4535   9.08039
58.92   99.0444   9.95211
58.94   120.845   10.9929
58.96   138.388   11.7638
58.98   150.268   12.2584
59   158.267   12.5804
59.02   152.267   12.3397
59.04   125.968   11.2236
59.06   93.4578   9.66736
59.08   68.4864   8.27565
59.1   52.5061   7.24611
59.12   44.3156   6.657
59.14   41.7649   6.46257
59.16   44.8622   6.69793
59.18   53.5199   7.31573
59.2   69.0272   8.30826
59.22   88.6077   9.41317
59.24   98.8466   9.94216
59.26   87.6544   9.36239
59.28   65.565   8.09722
59.3   46.8689   6.84609
59.32   34.4052   5.86559
59.34   26.884   5.18498
59.36   22.5916   4.75306
59.38   20.3745   4.51381
59.4   19.5322   4.41952
59.42   19.4674   4.41218
59.44   20.2426   4.49917
59.46   20.1176   4.48526
59.48   18.3359   4.4
59.5   16.2007   4.4
59.52   14.607   4.4
59.54   13.6387   4.4
59.56   13.1501   4.4
59.58   13.0043   4.4
59.6   13.0833   4.4
59.62   13.3269   4.4
59.64   13.7652   4.4
59.66   14.3795   4.4
59.68   15.1885   4.4
59.7   16.2247   4.4
59.72   17.6016   4.4
59.74   19.2638   4.4
59.76   21.391   4.62504
59.78   24.123   4.91152
59.8   27.7256   5.26551
59.82   32.6093   5.71046
59.84   39.4299   6.27933
59.86   49.2253   7.01608
59.88   63.6073   7.97542
59.9   84.8836   9.21323
59.92   116.776   10.8063
59.94   167.747   12.9517
59.96   247.166   15.7215
59.98   348.531   18.669
60   416.272   20.4027
60.02   379.365   19.4773
60.04   279.276   16.7115
60.06   188.921   13.7448
60.08   127.849   11.307
60.1   91.1466   9.54707
60.12   69.8701   8.35884
60.14   58.0557   7.61943
60.16   51.7162   7.1914
60.18   48.8874   6.99195
60.2   50.0589   7.07523
60.22   55.543   7.45272
60.24   65.8256   8.1133
60.26   79.1327   8.89566
60.28   87.091   9.33225
60.3   83.8475   9.15683
60.32   73.5386   8.57546
60.34   66.5352   8.15691
60.36   64.9927   8.06181
60.38   68.9821   8.30554
60.4   79.0752   8.89243
60.42   97.4179   9.87005
60.44   127.693   11.3001
60.46   173.702   13.1796
60.48   232.331   15.2424
60.5   280.501   16.7482
60.52   291.463   17.0723
60.54   289.596   17.0175
60.56   318.027   17.8333
60.58   396.323   19.9079
60.6   516.673   22.7304
60.62   622.32   24.9463
60.64   649.564   25.4865
60.66   650.127   25.4976
60.68   706.444   26.579
60.7   793.835   28.1751
60.72   776.776   27.8707
60.74   616.379   24.827
60.76   436.563   20.8941
60.78   307.712   17.5417
60.8   232.233   15.2392
60.82   192.808   13.8855
60.84   167.648   12.9479
60.86   145.825   12.0758
60.88   129.508   11.3802
60.9   114.884   10.7184
60.92   96.6468   9.83091
60.94   79.3463   8.90765
60.96   67.1926   8.19711
60.98   60.3132   7.76616
61   58.3149   7.63642
61.02   56.3806   7.5087
61.04   53.5406   7.31714
61.06   51.4931   7.17587
61.08   52.6218   7.25409
61.1   58.4671   7.64638
61.12   70.0767   8.37118
61.14   86.3178   9.29074
61.16   98.6546   9.9325
61.18   95.4723   9.77099
61.2   82.881   9.1039
61.22   71.3883   8.44916
61.24   62.5769   7.91056
61.26   56.5005   7.51668
61.28   54.6211   7.39061
61.3   57.5074   7.58337
61.32   64.942   8.05866
61.34   74.59   8.63655
61.36   79.407   8.91106
61.38   75.7779   8.70505
61.4   69.6746   8.34713
61.42   66.7646   8.17096
61.44   68.1496   8.25528
61.46   73.9668   8.60039
61.48   84.508   9.19282
61.5   102.13   10.106
61.52   128.358   11.3295
61.54   162.744   12.7571
61.56   195.611   13.9861
61.58   212.51   14.5777
61.6   222.739   14.9244
61.62   249.048   15.7813
61.64   309.122   17.5819
61.66   424.557   20.6048
61.68   627.228   25.0445
61.7   950.755   30.8343
61.72   1384.46   37.2083
61.74   1741.42   41.7304
61.76   1687.71   41.0818
61.78   1284.8   35.8441
61.8   868.741   29.4744
61.82   573.224   23.9421
61.84   388.399   19.7078
61.86   276.145   16.6176
61.88   206.877   14.3832
61.9   162.32   12.7405
61.92   132.147   11.4955
61.94   110.867   10.5293
61.96   95.4088   9.76774
61.98   84.0025   9.16529
62   75.7616   8.70411
62.02   69.9246   8.36209
62.04   66.1863   8.1355
62.06   64.5758   8.03591
62.08   65.4018   8.08714
62.1   69.3987   8.33059
62.12   77.8686   8.82432
62.14   89.897   9.4814
62.16   99.6778   9.98388
62.18   98.757   9.93766
62.2   90.7496   9.52626
62.22   86.1099   9.27954
62.24   87.089   9.33215
62.26   94.0735   9.69915
62.28   105.64   10.2781
62.3   120.607   10.9821
62.32   141.688   11.9033
62.34   176.524   13.2862
62.36   236.786   15.3879
62.38   341.025   18.4668
62.4   513.021   22.65
62.42   767.115   27.6968
62.44   1049.06   32.3892
62.46   1157.88   34.0276
62.48   977.058   31.2579
62.5   697.824   26.4164
62.52   474.473   21.7824
62.54   333.807   18.2704
62.56   259.469   16.1081
62.58   233.188   15.2705
62.6   241.377   15.5363
62.62   268.962   16.4001
62.64   280.479   16.7475
62.66   246.81   15.7102
62.68   194.699   13.9535
62.7   154.449   12.4278
62.72   133.087   11.5363
62.74   130.364   11.4177
62.76   147.367   12.1395
62.78   188.009   13.7116
62.8   254.875   15.9648
62.82   332.176   18.2257
62.84   361.447   19.0117
62.86   305.412   17.476
62.88   219.67   14.8213
62.9   150.871   12.2829
62.92   105.781   10.285
62.94   78.5935   8.8653
62.96   62.3276   7.89478
62.98   53.102   7.28711
63   46.93   6.85055
63.02   43.113   6.56605
63.04   40.6495   6.3757
63.06   38.7263   6.22305
63.08   37.3732   6.11337
63.1   37.4458   6.1193
63.12   39.9741   6.32251
63.14   45.897   6.77473
63.16   56.9796   7.54848
63.18   74.3108   8.62037
63.2   94.5486   9.72361
63.22   102.398   10.1192
63.24   89.2277   9.44604
63.26   68.264   8.2622
63.28   51.3245   7.16411
63.3   40.4502   6.36005
63.32   34.255   5.85277
63.34   31.0455   5.57185
63.36   29.6459   5.4448
63.38   30.1756   5.49323
63.4   30.943   5.56264
63.42   32.714   5.71961
63.44   35.7877   5.98228
63.46   40.7382   6.38265
63.48   48.3295   6.95194
63.5   59.0357   7.68347
63.52   71.3138   8.44475
63.54   80.0895   8.94927
63.56   84.8456   9.21117
63.58   93.8616   9.68822
63.6   114.878   10.7181
63.62   153.63   12.3947
63.64   212.802   14.5877
63.66   280.899   16.76
63.68   321.716   17.9364
63.7   321.809   17.939
63.72   303.945   17.434
63.74   268.467   16.3849
63.76   229.41   15.1463
63.78   213.675   14.6176
63.8   232.729   15.2554
63.82   287.786   16.9643
63.84   363.574   19.0676
63.86   403.907   20.0974
63.88   370.283   19.2427
63.9   316.246   17.7833
63.92   294.602   17.164
63.94   322.831   17.9675
63.96   392.659   19.8156
63.98   460.998   21.4709
64   469.711   21.6728
64.02   445.652   21.1105
64.04   433.424   20.8188
64.06   407.379   20.1836
64.08   342.151   18.4973
64.1   262.913   16.2146
64.12   200.997   14.1773
64.14   164.482   12.8251
64.16   148.215   12.1744
64.18   143.785   11.991
64.2   145.672   12.0695
64.22   153.986   12.4091
64.24   163.35   12.7808
64.26   163.721   12.7954
64.28   161.596   12.712
64.3   170.935   13.0742
64.32   202.102   14.2162
64.34   264.014   16.2485
64.36   365.064   19.1067
64.38   500.921   22.3813
64.4   654.91   25.5912
64.42   791.227   28.1288
64.44   792.701   28.155
64.46   633.373   25.1669
64.48   450.838   21.2329
64.5   321.418   17.9281
64.52   249.925   15.809
64.54   224.093   14.9697
64.56   230.488   15.1818
64.58   248.805   15.7735
64.6   245.222   15.6596
64.62   213.038   14.5958
64.64   181.36   13.467
64.66   165.539   12.8662
64.68   162.986   12.7666
64.7   163.216   12.7756
64.72   164.796   12.8373
64.74   179.039   13.3805
64.76   218.228   14.7726
64.78   296.303   17.2135
64.8   428.27   20.6947
64.82   613.842   24.7758
64.84   782.98   27.9818
64.86   782.032   27.9648
64.88   609.968   24.6975
64.9   421.363   20.5271
64.92   285.271   16.89
64.94   200.948   14.1756
64.96   152.386   12.3445
64.98   125.394   11.1979
65   110.855   10.5288
65.02   103.293   10.1633
65.04   99.489   9.97442
65.06   99.4364   9.97178
65.08   105.192   10.2563
65.1   118.824   10.9007
65.12   142.14   11.9222
65.14   174.42   13.2068
65.16   209.052   14.4586
65.18   244.665   15.6418
65.2   304.823   17.4592
65.22   418.549   20.4585
65.24   600.107   24.4971
65.26   819.297   28.6234
65.28   951.288   30.843
65.3   858.117   29.2936
65.32   628.254   25.065
65.34   420.878   20.5153
65.36   279.72   16.7248
65.38   193.517   13.911
65.4   142.893   11.9538
65.42   113.011   10.6307
65.44   95.4294   9.7688
65.46   86.0484   9.27623
65.48   84.0747   9.16923
65.5   87.8168   9.37106
65.52   91.9815   9.5907
65.54   87.1624   9.33608
65.56   74.4652   8.62932
65.58   62.3622   7.89697
65.6   54.4393   7.3783
65.62   50.434   7.10169
65.64   51.2618   7.15973
65.66   57.589   7.58874
65.68   69.6077   8.34312
65.7   84.1162   9.17149
65.72   90.723   9.52486
65.74   83.3318   9.12863
65.76   68.6497   8.28551
65.78   53.8601   7.33894
65.8   43.0458   6.56093
65.82   36.7079   6.05871
65.84   33.7481   5.80931
65.86   33.3517   5.7751
65.88   33.9117   5.82337
65.9   33.4795   5.78615
65.92   31.2288   5.58828
65.94   30.0759   5.48415
65.96   30.1213   5.48829
65.98   31.5145   5.61378
66   34.3579   5.86156
66.02   39.1164   6.25431
66.04   45.8211   6.76913
66.06   55.872   7.47475
66.08   71.4912   8.45524
66.1   94.761   9.73452
66.12   122.216   11.0551
66.14   139.386   11.8062
66.16   137.482   11.7253
66.18   130.524   11.4247
66.2   132.074   11.4923
66.22   149.853   12.2414
66.24   190.057   13.7861
66.26   261.864   16.1822
66.28   380.003   19.4937
66.3   545.975   23.3661
66.32   695.142   26.3656
66.34   688.106   26.2318
66.36   531.585   23.0561
66.38   362.259   19.0331
66.4   239.156   15.4647
66.42   161.6   12.7122
66.44   115.438   10.7442
66.46   87.9808   9.37981
66.48   70.8596   8.41781
66.5   59.818   7.73421
66.52   52.8173   7.26755
66.54   48.8688   6.99062
66.56   47.1822   6.86893
66.58   46.7657   6.83855
66.6   45.5994   6.75273
66.62   43.6428   6.60627
66.64   41.5813   6.44836
66.66   40.987   6.40211
66.68   43.2335   6.57522
66.7   48.8862   6.99187
66.72   57.2592   7.56698
66.74   64.6893   8.04297
66.76   65.423   8.08845
66.78   64.5666   8.03534
66.8   66.0191   8.12521
66.82   69.6049   8.34295
66.84   75.0156   8.66115
66.86   82.2893   9.07135
66.88   91.9087   9.5869
66.9   107.843   10.3848
66.92   134.729   11.6073
66.94   179.15   13.3847
66.96   250.205   15.8179
66.98   351.445   18.7469
67   466.121   21.5898
67.02   554.44   23.5465
67.04   572.053   23.9176
67.06   484.342   22.0078
67.08   347.394   18.6385
67.1   233.661   15.286
67.12   158.402   12.5858
67.14   112.97   10.6287
67.16   86.2907   9.28928
67.18   70.345   8.38719
67.2   60.9945   7.8099
67.22   56.2744   7.50162
67.24   55.5143   7.45079
67.26   58.6091   7.65566
67.28   64.3484   8.02175
67.3   68.2521   8.26148
67.32   66.8647   8.17708
67.34   65.1587   8.0721
67.36   69.2664   8.32265
67.38   83.2584   9.12461
67.4   111.165   10.5435
67.42   155.62   12.4748
67.44   208.753   14.4483
67.46   234.973   15.3288
67.48   205.608   14.339
67.5   151.784   12.3201
67.52   106.758   10.3324
67.54   77.3662   8.79581
67.56   60.3666   7.7696
67.58   51.4754   7.17464
67.6   47.6141   6.9003
67.62   47.3903   6.88406
67.64   49.9173   7.06522
67.66   54.0641   7.35283
67.68   58.2824   7.63429
67.7   63.9498   7.99686
67.72   74.9453   8.65709
67.74   95.1198   9.75294
67.76   127.746   11.3025
67.78   172.456   13.1322
67.8   224.216   14.9739
67.82   272.486   16.5072
67.84   286.119   16.915
67.86   257.864   16.0582
67.88   229.412   15.1464
67.9   219.543   14.817
67.92   215.995   14.6968
67.94   216.065   14.6991
67.96   240.159   15.4971
67.98   301.871   17.3744
68   391.228   19.7795
68.02   449.054   21.1909
68.04   413.794   20.3419
68.06   331.755   18.2141
68.08   256.733   16.0229
68.1   193.647   13.9157
68.12   146.97   12.1231
68.14   120.814   10.9915
68.16   113.365   10.6473
68.18   121.572   11.026
68.2   138.924   11.7866
68.22   149.166   12.2133
68.24   139.834   11.8251
68.26   122.692   11.0766
68.28   111.667   10.5673
68.3   106.591   10.3243
68.32   96.4469   9.82074
68.34   78.5449   8.86256
68.36   61.7316   7.85695
68.38   50.264   7.08971
68.4   43.805   6.61854
68.42   41.1403   6.41407
68.44   41.431   6.43669
68.46   44.6655   6.68323
68.48   51.5605   7.18056
68.5   64.764   8.04761
68.52   87.3226   9.34465
68.54   124.388   11.1529
68.56   175.716   13.2558
68.58   225.414   15.0138
68.6   246.567   15.7025
68.62   230.072   15.1681
68.64   187.114   13.679
68.66   144.939   12.0391
68.68   112.547   10.6088
68.7   86.097   9.27885
68.72   66.688   8.16627
68.74   55.2735   7.43462
68.76   49.9447   7.06716
68.78   50.1072   7.07864
68.8   56.3417   7.50611
68.82   70.7993   8.41423
68.84   95.896   9.79265
68.86   130.044   11.4037
68.88   158.255   12.5799
68.9   156.396   12.5058
68.92   124.613   11.163
68.94   88.4571   9.40516
68.96   61.6579   7.85225
68.98   44.7935   6.6928
69   34.9119   5.90863
69.02   29.2824   5.41132
69.04   26.1473   5.11345
69.06   24.598   4.95964
69.08   24.2599   4.92543
69.1   25.0785   5.00784
69.12   27.2542   5.22055
69.14   31.2949   5.59419
69.16   38.1672   6.17796
69.18   49.4706   7.03353
69.2   67.2667   8.20163
69.22   94.7578   9.73436
69.24   135.322   11.6328
69.26   181.181   13.4603
69.28   198.79   14.0993
69.3   167.059   12.9251
69.32   118.265   10.875
69.34   79.454   8.9137
69.36   54.2255   7.3638
69.38   39.121   6.25468
69.4   30.1644   5.49221
69.42   24.7805   4.978
69.44   21.3551   4.62116
69.46   19.1209   4.4
69.48   17.3253   4.4
69.5   16.528   4.4
69.52   16.2468   4.4
69.54   16.383   4.4
69.56   17.0871   4.4
69.58   18.3729   4.4
69.6   20.4044   4.51712
69.62   23.4942   4.84708
69.64   28.2642   5.31641
69.66   35.9728   5.99773
69.68   48.9709   6.99792
69.7   70.8134   8.41507
69.72   105.71   10.2815
69.74   153.455   12.3877
69.76   195.852   13.9947
69.78   194.603   13.95
69.8   152.046   12.3307
69.82   106.826   10.3357
69.84   75.5633   8.69272
69.86   58.402   7.64212
69.88   52.2296   7.227
69.9   54.4195   7.37696
69.92   62.2044   7.88698
69.94   68.6554   8.28585
69.96   64.4275   8.02667
69.98   52.7625   7.26378
70   42.4881   6.51829
