1.54056
5   0   4.4
5.02   0   4.4
5.04   0   4.4
5.06   0   4.4
5.08   0   4.4
5.1   0   4.4
5.12   0   4.4
5.14   0   4.4
5.16   0   4.4
5.18   0   4.4
5.2   0   4.4
5.22   0   4.4
5.24   0   4.4
5.26   0   4.4
5.28   0   4.4
5.3   0   4.4
5.32   0   4.4
5.34   0   4.4
5.36   0   4.4
5.38   0   4.4
5.4   0   4.4
5.42   0   4.4
5.44   0   4.4
5.46   0   4.4
5.48   0   4.4
5.5   0   4.4
5.52   0   4.4
5.54   0   4.4
5.56   0   4.4
5.58   0   4.4
5.6   0   4.4
5.62   0   4.4
5.64   0   4.4
5.66   0   4.4
5.68   0   4.4
5.7   0   4.4
5.72   0   4.4
5.74   0   4.4
5.76   0   4.4
5.78   0   4.4
5.8   0   4.4
5.82   0   4.4
5.84   0   4.4
5.86   0   4.4
5.88   0   4.4
5.9   0   4.4
5.92   0   4.4
5.94   0   4.4
5.96   0   4.4
5.98   0   4.4
6   0   4.4
6.02   0   4.4
6.04   0   4.4
6.06   0   4.4
6.08   0   4.4
6.1   0   4.4
6.12   0   4.4
6.14   0   4.4
6.16   0   4.4
6.18   0   4.4
6.2   0   4.4
6.22   0   4.4
6.24   0   4.4
6.26   0   4.4
6.28   0   4.4
6.3   0   4.4
6.32   0   4.4
6.34   0   4.4
6.36   0   4.4
6.38   0   4.4
6.4   0   4.4
6.42   0   4.4
6.44   0   4.4
6.46   0   4.4
6.48   0   4.4
6.5   0   4.4
6.52   0   4.4
6.54   0   4.4
6.56   0   4.4
6.58   0   4.4
6.6   0   4.4
6.62   0   4.4
6.64   0   4.4
6.66   0   4.4
6.68   0   4.4
6.7   0   4.4
6.72   0   4.4
6.74   0   4.4
6.76   0   4.4
6.78   0   4.4
6.8   0   4.4
6.82   0   4.4
6.84   0   4.4
6.86   0   4.4
6.88   0   4.4
6.9   0   4.4
6.92   0   4.4
6.94   0   4.4
6.96   0   4.4
6.98   0   4.4
7   0   4.4
7.02   0   4.4
7.04   0   4.4
7.06   0   4.4
7.08   0   4.4
7.1   0   4.4
7.12   0   4.4
7.14   0   4.4
7.16   0   4.4
7.18   0   4.4
7.2   0   4.4
7.22   0   4.4
7.24   0   4.4
7.26   0   4.4
7.28   0   4.4
7.3   0   4.4
7.32   0   4.4
7.34   0   4.4
7.36   0   4.4
7.38   0   4.4
7.4   0   4.4
7.42   0   4.4
7.44   0   4.4
7.46   0   4.4
7.48   0   4.4
7.5   0   4.4
7.52   0   4.4
7.54   0   4.4
7.56   0   4.4
7.58   0   4.4
7.6   0   4.4
7.62   0   4.4
7.64   0   4.4
7.66   0   4.4
7.68   0   4.4
7.7   0   4.4
7.72   0   4.4
7.74   0   4.4
7.76   0   4.4
7.78   0   4.4
7.8   0   4.4
7.82   0   4.4
7.84   0   4.4
7.86   0   4.4
7.88   0   4.4
7.9   0   4.4
7.92   0   4.4
7.94   0   4.4
7.96   0   4.4
7.98   0   4.4
8   0   4.4
8.02   0   4.4
8.04   0   4.4
8.06   0   4.4
8.08   0   4.4
8.1   0   4.4
8.12   0   4.4
8.14   0   4.4
8.16   0   4.4
8.18   0   4.4
8.2   0   4.4
8.22   0   4.4
8.24   0   4.4
8.26   0   4.4
8.28   0   4.4
8.3   0   4.4
8.32   0   4.4
8.34   0   4.4
8.36   0   4.4
8.38   0   4.4
8.4   0   4.4
8.42   0   4.4
8.44   0   4.4
8.46   0   4.4
8.48   0   4.4
8.5   0   4.4
8.52   0   4.4
8.54   0   4.4
8.56   0   4.4
8.58   0   4.4
8.6   0   4.4
8.62   0   4.4
8.64   0   4.4
8.66   0   4.4
8.68   0   4.4
8.7   0   4.4
8.72   0   4.4
8.74   0   4.4
8.76   0   4.4
8.78   0   4.4
8.8   0   4.4
8.82   0   4.4
8.84   0   4.4
8.86   0   4.4
8.88   0   4.4
8.9   0   4.4
8.92   0   4.4
8.94   0   4.4
8.96   0   4.4
8.98   0   4.4
9   0   4.4
9.02   0   4.4
9.04   0   4.4
9.06   0   4.4
9.08   0   4.4
9.1   0   4.4
9.12   0   4.4
9.14   0   4.4
9.16   0   4.4
9.18   0   4.4
9.2   0   4.4
9.22   0   4.4
9.24   0   4.4
9.26   0   4.4
9.28   0   4.4
9.3   0   4.4
9.32   0   4.4
9.34   0   4.4
9.36   0   4.4
9.38   0   4.4
9.4   0   4.4
9.42   0   4.4
9.44   0   4.4
9.46   0   4.4
9.48   0   4.4
9.5   0   4.4
9.52   0   4.4
9.54   0   4.4
9.56   0   4.4
9.58   0   4.4
9.6   0   4.4
9.62   0   4.4
9.64   0   4.4
9.66   0   4.4
9.68   0   4.4
9.7   0   4.4
9.72   0   4.4
9.74   0   4.4
9.76   0   4.4
9.78   0   4.4
9.8   0   4.4
9.82   0   4.4
9.84   0   4.4
9.86   0   4.4
9.88   0   4.4
9.9   0   4.4
9.92   0   4.4
9.94   0   4.4
9.96   0   4.4
9.98   0   4.4
10   0   4.4
10.02   0   4.4
10.04   0   4.4
10.06   0   4.4
10.08   0   4.4
10.1   0   4.4
10.12   0   4.4
10.14   0   4.4
10.16   0   4.4
10.18   0   4.4
10.2   0   4.4
10.22   0   4.4
10.24   0   4.4
10.26   0   4.4
10.28   0   4.4
10.3   0   4.4
10.32   0   4.4
10.34   0   4.4
10.36   0   4.4
10.38   0   4.4
10.4   0   4.4
10.42   0   4.4
10.44   0   4.4
10.46   0   4.4
10.48   0   4.4
10.5   0   4.4
10.52   0   4.4
10.54   0   4.4
10.56   0   4.4
10.58   0   4.4
10.6   0   4.4
10.62   0   4.4
10.64   0   4.4
10.66   0   4.4
10.68   0   4.4
10.7   0   4.4
10.72   0   4.4
10.74   0   4.4
10.76   0   4.4
10.78   0   4.4
10.8   0   4.4
10.82   0   4.4
10.84   0   4.4
10.86   0   4.4
10.88   0   4.4
10.9   0   4.4
10.92   0   4.4
10.94   0   4.4
10.96   0   4.4
10.98   0   4.4
11   0   4.4
11.02   0   4.4
11.04   0   4.4
11.06   0   4.4
11.08   0   4.4
11.1   0   4.4
11.12   0   4.4
11.14   0   4.4
11.16   0   4.4
11.18   0   4.4
11.2   0   4.4
11.22   0   4.4
11.24   0   4.4
11.26   0   4.4
11.28   0   4.4
11.3   0   4.4
11.32   0   4.4
11.34   0   4.4
11.36   0   4.4
11.38   0   4.4
11.4   0   4.4
11.42   0   4.4
11.44   0   4.4
11.46   0   4.4
11.48   0   4.4
11.5   0   4.4
11.52   0   4.4
11.54   0   4.4
11.56   0   4.4
11.58   0   4.4
11.6   0   4.4
11.62   0   4.4
11.64   0   4.4
11.66   0   4.4
11.68   0   4.4
11.7   0   4.4
11.72   0   4.4
11.74   0   4.4
11.76   0   4.4
11.78   0   4.4
11.8   0   4.4
11.82   0   4.4
11.84   0   4.4
11.86   0   4.4
11.88   0   4.4
11.9   0   4.4
11.92   0   4.4
11.94   0   4.4
11.96   0   4.4
11.98   0   4.4
12   0   4.4
12.02   0   4.4
12.04   0   4.4
12.06   0   4.4
12.08   0   4.4
12.1   0   4.4
12.12   0   4.4
12.14   0   4.4
12.16   0   4.4
12.18   0   4.4
12.2   0   4.4
12.22   0   4.4
12.24   0   4.4
12.26   0   4.4
12.28   0   4.4
12.3   0   4.4
12.32   0   4.4
12.34   0   4.4
12.36   0   4.4
12.38   0   4.4
12.4   0   4.4
12.42   0   4.4
12.44   0   4.4
12.46   0   4.4
12.48   0   4.4
12.5   0   4.4
12.52   0   4.4
12.54   0   4.4
12.56   0   4.4
12.58   0   4.4
12.6   0   4.4
12.62   0   4.4
12.64   0   4.4
12.66   0   4.4
12.68   0   4.4
12.7   0   4.4
12.72   0   4.4
12.74   0   4.4
12.76   0   4.4
12.78   0   4.4
12.8   0   4.4
12.82   0   4.4
12.84   0   4.4
12.86   0   4.4
12.88   0   4.4
12.9   0   4.4
12.92   0   4.4
12.94   0   4.4
12.96   0   4.4
12.98   0   4.4
13   0   4.4
13.02   0   4.4
13.04   0   4.4
13.06   0   4.4
13.08   0   4.4
13.1   0   4.4
13.12   0   4.4
13.14   0   4.4
13.16   0   4.4
13.18   0   4.4
13.2   0   4.4
13.22   0   4.4
13.24   0   4.4
13.26   0   4.4
13.28   0   4.4
13.3   0   4.4
13.32   0   4.4
13.34   0   4.4
13.36   0   4.4
13.38   0   4.4
13.4   0   4.4
13.42   0   4.4
13.44   0   4.4
13.46   0   4.4
13.48   0   4.4
13.5   0   4.4
13.52   0   4.4
13.54   0   4.4
13.56   0   4.4
13.58   0   4.4
13.6   0   4.4
13.62   0   4.4
13.64   0   4.4
13.66   0   4.4
13.68   0   4.4
13.7   0   4.4
13.72   0   4.4
13.74   0   4.4
13.76   0   4.4
13.78   0   4.4
13.8   0   4.4
13.82   0   4.4
13.84   0   4.4
13.86   0   4.4
13.88   0   4.4
13.9   0   4.4
13.92   0   4.4
13.94   0   4.4
13.96   0   4.4
13.98   0   4.4
14   0   4.4
14.02   0   4.4
14.04   0   4.4
14.06   0   4.4
14.08   0   4.4
14.1   0   4.4
14.12   0   4.4
14.14   0   4.4
14.16   0   4.4
14.18   0   4.4
14.2   0   4.4
14.22   0   4.4
14.24   0   4.4
14.26   0   4.4
14.28   0   4.4
14.3   0   4.4
14.32   0   4.4
14.34   0   4.4
14.36   0   4.4
14.38   0   4.4
14.4   0   4.4
14.42   0   4.4
14.44   0   4.4
14.46   0   4.4
14.48   0   4.4
14.5   0   4.4
14.52   0   4.4
14.54   0   4.4
14.56   0   4.4
14.58   0   4.4
14.6   0   4.4
14.62   0   4.4
14.64   0   4.4
14.66   0   4.4
14.68   0   4.4
14.7   0   4.4
14.72   0   4.4
14.74   0   4.4
14.76   0   4.4
14.78   0   4.4
14.8   0   4.4
14.82   0   4.4
14.84   0   4.4
14.86   0   4.4
14.88   0   4.4
14.9   0   4.4
14.92   0   4.4
14.94   0   4.4
14.96   9.72965   4.4
14.98   10.0019   4.4
15   10.2858   4.4
15.02   10.5819   4.4
15.04   10.891   4.4
15.06   11.2138   4.4
15.08   11.5512   4.4
15.1   11.9041   4.4
15.12   12.2733   4.4
15.14   12.66   4.4
15.16   13.0653   4.4
15.18   13.4903   4.4
15.2   13.9364   4.4
15.22   14.4049   4.4
15.24   14.8975   4.4
15.26   15.4158   4.4
15.28   15.9616   4.4
15.3   16.5369   4.4
15.32   17.1438   4.4
15.34   17.7847   4.4
15.36   18.4622   4.4
15.38   19.1792   4.4
15.4   19.9387   4.46528
15.42   20.7442   4.55458
15.44   21.5995   4.64752
15.46   22.5087   4.74433
15.48   23.4765   4.84526
15.5   24.5081   4.95056
15.52   25.609   5.06054
15.54   26.7858   5.1755
15.56   28.0455   5.2958
15.58   29.3961   5.42182
15.6   30.8465   5.55397
15.62   32.4069   5.6927
15.64   34.0885   5.83854
15.66   35.9043   5.99202
15.68   37.8689   6.15377
15.7   39.999   6.32447
15.72   42.3137   6.5049
15.74   44.8349   6.69588
15.76   47.5878   6.89839
15.78   50.6018   7.11349
15.8   53.9108   7.3424
15.82   57.5545   7.58647
15.84   61.5795   7.84726
15.86   66.0407   8.12654
15.88   71.0034   8.42635
15.9   76.5454   8.74902
15.92   82.7602   9.09726
15.94   89.7607   9.47421
15.96   97.6847   9.88356
15.98   106.701   10.3296
16   117.02   10.8176
16.02   128.902   11.3535
16.04   142.679   11.9448
16.06   158.773   12.6005
16.08   177.729   13.3315
16.1   200.263   14.1514
16.12   227.326   15.0773
16.14   260.202   16.1308
16.16   300.658   17.3395
16.18   351.179   18.7398
16.2   415.332   20.3797
16.22   498.399   22.3248
16.24   608.53   24.6684
16.26   759.246   27.5544
16.28   975.365   31.2308
16.3   1306.1   36.14
16.32   1847.08   42.9777
16.34   2760.16   52.5373
16.36   4257.56   65.25
16.38   6473.48   80.4579
16.4   8972.35   94.7225
16.42   10000   100
16.44   8405.99   91.6842
16.46   5868.83   76.6083
16.48   3825.05   61.847
16.5   2490.51   49.905
16.52   1687.32   41.077
16.54   1210.19   34.7878
16.56   914.215   30.236
16.58   717.449   26.7852
16.6   578.401   24.05
16.62   475.892   21.815
16.64   398.082   19.952
16.66   337.683   18.3761
16.68   289.912   17.0268
16.7   251.512   15.8591
16.72   220.205   14.8393
16.74   194.357   13.9412
16.76   172.778   13.1445
16.78   154.583   12.4331
16.8   139.103   11.7942
16.82   125.826   11.2172
16.84   114.355   10.6937
16.86   104.378   10.2165
16.88   95.6467   9.77991
16.9   87.9635   9.37889
16.92   81.1675   9.0093
16.94   75.1274   8.66761
16.96   69.7355   8.35078
16.98   64.9025   8.05621
17   60.5539   7.78164
17.02   56.6272   7.5251
17.04   53.0696   7.28489
17.06   49.8365   7.05949
17.08   46.8895   6.84759
17.1   44.1959   6.648
17.12   41.7276   6.45969
17.14   39.4601   6.28173
17.16   37.3723   6.11329
17.18   35.4456   5.95362
17.2   33.664   5.80207
17.22   32.0133   5.65803
17.24   30.4809   5.52095
17.26   29.0559   5.39035
17.28   27.7284   5.26577
17.3   26.4897   5.14682
17.32   25.3322   5.03311
17.34   24.2488   4.92431
17.36   23.2334   4.8201
17.38   22.2804   4.72021
17.4   21.3848   4.62437
17.42   20.5421   4.53234
17.44   19.7483   4.4439
17.46   18.9995   4.4
17.48   18.2925   4.4
17.5   17.6242   4.4
17.52   16.9918   4.4
17.54   16.3929   4.4
17.56   15.825   4.4
17.58   15.2862   4.4
17.6   14.7744   4.4
17.62   14.2878   4.4
17.64   13.8249   4.4
17.66   13.3841   4.4
17.68   12.9641   4.4
17.7   12.5635   4.4
17.72   12.1812   4.4
17.74   11.816   4.4
17.76   11.4671   4.4
17.78   11.1333   4.4
17.8   10.8139   4.4
17.82   10.5081   4.4
17.84   10.2151   4.4
17.86   9.93409   4.4
17.88   0   4.4
17.9   0   4.4
17.92   0   4.4
17.94   0   4.4
17.96   0   4.4
17.98   0   4.4
18   0   4.4
18.02   0   4.4
18.04   0   4.4
18.06   0   4.4
18.08   0   4.4
18.1   0   4.4
18.12   0   4.4
18.14   0   4.4
18.16   0   4.4
18.18   0   4.4
18.2   0   4.4
18.22   0   4.4
18.24   0   4.4
18.26   0   4.4
18.28   0   4.4
18.3   0   4.4
18.32   0   4.4
18.34   0   4.4
18.36   0   4.4
18.38   0   4.4
18.4   0   4.4
18.42   0   4.4
18.44   0   4.4
18.46   0   4.4
18.48   0   4.4
18.5   0   4.4
18.52   0   4.4
18.54   0   4.4
18.56   0   4.4
18.58   0   4.4
18.6   0   4.4
18.62   0   4.4
18.64   0   4.4
18.66   0   4.4
18.68   0   4.4
18.7   0   4.4
18.72   0   4.4
18.74   0   4.4
18.76   0   4.4
18.78   0   4.4
18.8   0   4.4
18.82   0   4.4
18.84   0   4.4
18.86   0   4.4
18.88   0   4.4
18.9   0   4.4
18.92   0   4.4
18.94   0   4.4
18.96   0   4.4
18.98   0   4.4
19   0   4.4
19.02   0   4.4
19.04   0   4.4
19.06   0   4.4
19.08   0   4.4
19.1   0   4.4
19.12   0   4.4
19.14   0   4.4
19.16   0   4.4
19.18   0   4.4
19.2   0   4.4
19.22   0   4.4
19.24   0   4.4
19.26   0   4.4
19.28   0   4.4
19.3   0   4.4
19.32   0   4.4
19.34   0   4.4
19.36   0   4.4
19.38   0   4.4
19.4   0   4.4
19.42   0   4.4
19.44   0   4.4
19.46   0   4.4
19.48   0   4.4
19.5   0   4.4
19.52   0   4.4
19.54   0   4.4
19.56   0   4.4
19.58   0   4.4
19.6   0   4.4
19.62   0   4.4
19.64   0   4.4
19.66   0   4.4
19.68   0   4.4
19.7   0   4.4
19.72   0   4.4
19.74   0   4.4
19.76   0   4.4
19.78   0   4.4
19.8   0   4.4
19.82   0   4.4
19.84   0   4.4
19.86   0   4.4
19.88   0   4.4
19.9   0   4.4
19.92   0   4.4
19.94   0   4.4
19.96   0   4.4
19.98   0   4.4
20   0   4.4
20.02   0   4.4
20.04   0   4.4
20.06   0   4.4
20.08   0   4.4
20.1   0   4.4
20.12   0   4.4
20.14   0   4.4
20.16   0   4.4
20.18   0   4.4
20.2   0   4.4
20.22   0   4.4
20.24   0   4.4
20.26   0   4.4
20.28   0   4.4
20.3   0   4.4
20.32   0   4.4
20.34   0   4.4
20.36   0   4.4
20.38   0   4.4
20.4   0   4.4
20.42   0   4.4
20.44   0   4.4
20.46   0   4.4
20.48   0   4.4
20.5   0   4.4
20.52   0   4.4
20.54   0   4.4
20.56   0   4.4
20.58   0   4.4
20.6   0   4.4
20.62   0   4.4
20.64   0   4.4
20.66   0   4.4
20.68   0   4.4
20.7   0   4.4
20.72   0   4.4
20.74   0   4.4
20.76   0   4.4
20.78   0   4.4
20.8   0   4.4
20.82   0   4.4
20.84   0   4.4
20.86   0   4.4
20.88   0   4.4
20.9   0   4.4
20.92   0   4.4
20.94   0   4.4
20.96   0   4.4
20.98   0   4.4
21   0   4.4
21.02   0   4.4
21.04   0   4.4
21.06   0   4.4
21.08   0   4.4
21.1   0   4.4
21.12   0   4.4
21.14   0   4.4
21.16   0   4.4
21.18   0   4.4
21.2   0   4.4
21.22   0   4.4
21.24   0   4.4
21.26   0   4.4
21.28   0   4.4
21.3   0   4.4
21.32   0   4.4
21.34   0   4.4
21.36   0   4.4
21.38   0   4.4
21.4   0   4.4
21.42   0   4.4
21.44   0   4.4
21.46   0   4.4
21.48   0   4.4
21.5   0   4.4
21.52   0   4.4
21.54   0   4.4
21.56   0   4.4
21.58   0   4.4
21.6   0   4.4
21.62   0   4.4
21.64   0   4.4
21.66   0   4.4
21.68   0   4.4
21.7   0.143843   4.4
21.72   0.147923   4.4
21.74   0.152179   4.4
21.76   0.156621   4.4
21.78   0.16126   4.4
21.8   0.166109   4.4
21.82   0.171179   4.4
21.84   0.176485   4.4
21.86   0.182041   4.4
21.88   0.187864   4.4
21.9   0.193971   4.4
21.92   0.20038   4.4
21.94   0.207112   4.4
21.96   0.214189   4.4
21.98   0.221634   4.4
22   0.229475   4.4
22.02   0.797937   4.4
22.04   0.822549   4.4
22.06   0.848335   4.4
22.08   0.875372   4.4
22.1   0.903743   4.4
22.12   0.933541   4.4
22.14   0.964862   4.4
22.16   0.997817   4.4
22.18   1.03252   4.4
22.2   1.0691   4.4
22.22   1.10771   4.4
22.24   1.14849   4.4
22.26   1.19161   4.4
22.28   1.23727   4.4
22.3   1.28566   4.4
22.32   1.33703   4.4
22.34   1.39162   4.4
22.36   1.44973   4.4
22.38   1.51166   4.4
22.4   1.57776   4.4
22.42   1.64845   4.4
22.44   1.72416   4.4
22.46   1.8054   4.4
22.48   1.89275   4.4
22.5   1.98685   4.4
22.52   2.08845   4.4
22.54   2.19841   4.4
22.56   2.31771   4.4
22.58   2.44749   4.4
22.6   2.58908   4.4
22.62   2.74404   4.4
22.64   2.9142   4.4
22.66   3.10174   4.4
22.68   3.30926   4.4
22.7   3.53989   4.4
22.72   3.79743   4.4
22.74   4.08655   4.4
22.76   4.41302   4.4
22.78   4.78408   4.4
22.8   5.2089   4.4
22.82   5.69929   4.4
22.84   6.27064   4.4
22.86   6.94341   4.4
22.88   7.74527   4.4
22.9   8.71446   4.4
22.92   9.90514   4.4
22.94   11.3962   4.4
22.96   13.3079   4.4
22.98   15.8361   4.4
23   19.3353   4.4
23.02   24.501   4.94985
23.04   32.683   5.7169
23.06   46.1809   6.79565
23.08   68.0563   8.24962
23.1   100.411   10.0205
23.12   137.672   11.7334
23.14   155.395   12.4657
23.16   135.368   11.6348
23.18   100.662   10.033
23.2   73.0041   8.54424
23.22   56.171   7.49473
23.24   47.8941   6.92055
23.26   45.4856   6.7443
23.28   47.2642   6.8749
23.3   52.7623   7.26376
23.32   62.7324   7.92038
23.34   79.5746   8.92046
23.36   108.397   10.4114
23.38   158.074   12.5728
23.4   240.407   15.5051
23.42   363.16   19.0568
23.44   503.211   22.4324
23.46   563.708   23.7425
23.48   476.792   21.8356
23.5   334.301   18.2839
23.52   218.586   14.7847
23.54   142.759   11.9482
23.56   97.0227   9.85001
23.58   69.8192   8.35579
23.6   52.9315   7.27541
23.62   41.6955   6.4572
23.64   33.745   5.80905
23.66   27.8735   5.27954
23.68   23.4077   4.83815
23.7   19.9333   4.46467
23.72   17.1789   4.4
23.74   14.9593   4.4
23.76   13.1451   4.4
23.78   11.6434   4.4
23.8   10.3864   4.4
23.82   9.32375   4.4
23.84   8.41728   4.4
23.86   7.63778   4.4
23.88   6.96255   4.4
23.9   6.37375   4.4
23.92   5.85718   4.4
23.94   5.40146   4.4
23.96   4.99736   4.4
23.98   4.63734   4.4
24   4.31518   4.4
24.02   4.02574   4.4
24.04   3.76471   4.4
24.06   3.52847   4.4
24.08   3.31397   4.4
24.1   3.1186   4.4
24.12   2.94015   4.4
24.14   2.77671   4.4
24.16   2.62663   4.4
24.18   2.48849   4.4
24.2   2.36104   4.4
24.22   2.24321   4.4
24.24   2.13406   4.4
24.26   2.03273   4.4
24.28   1.9385   4.4
24.3   1.85072   4.4
24.32   1.76881   4.4
24.34   1.69226   4.4
24.36   1.6206   4.4
24.38   1.55343   4.4
24.4   1.49037   4.4
24.42   1.4311   4.4
24.44   1.37532   4.4
24.46   1.32275   4.4
24.48   1.27316   4.4
24.5   1.22633   4.4
24.52   4.31787   4.4
24.54   4.36315   4.4
24.56   4.41432   4.4
24.58   4.47144   4.4
24.6   4.39525   4.4
24.62   4.46828   4.4
24.64   4.54746   4.4
24.66   4.63297   4.4
24.68   4.72501   4.4
24.7   4.82383   4.4
24.72   4.9297   4.4
24.74   5.04292   4.4
24.76   10.8275   4.4
24.78   11.1167   4.4
24.8   11.4213   4.4
24.82   11.7422   4.4
24.84   12.0804   4.4
24.86   12.4368   4.4
24.88   12.8126   4.4
24.9   13.209   4.4
24.92   13.0855   4.4
24.94   13.5419   4.4
24.96   14.0228   4.4
24.98   14.53   4.4
25   15.0656   4.4
25.02   15.6315   4.4
25.04   16.2303   4.4
25.06   16.8645   4.4
25.08   17.5371   4.4
25.1   18.2511   4.4
25.12   19.0102   4.4
25.14   19.8182   4.45176
25.16   20.6795   4.54747
25.18   21.5989   4.64746
25.2   22.5819   4.75204
25.22   23.6345   4.86154
25.24   24.7637   4.97631
25.26   25.977   5.09676
25.28   27.2832   5.22333
25.3   28.6921   5.3565
25.32   30.2151   5.49683
25.34   31.8651   5.64492
25.36   33.6567   5.80144
25.38   35.607   5.96716
25.4   37.7358   6.14295
25.42   40.0659   6.32976
25.44   42.6241   6.52871
25.46   45.442   6.74107
25.48   48.5567   6.96827
25.5   52.0127   7.21198
25.52   55.863   7.47416
25.54   60.1717   7.75704
25.56   65.0169   8.06331
25.58   70.4943   8.39609
25.6   76.7226   8.75915
25.62   83.8505   9.15699
25.64   92.0661   9.59511
25.66   101.611   10.0802
25.68   112.8   10.6207
25.7   126.048   11.2271
25.72   141.914   11.9128
25.74   161.166   12.6951
25.76   184.878   13.597
25.78   214.598   14.6492
25.8   252.635   15.8945
25.82   302.628   17.3962
25.84   370.86   19.2577
25.86   469.314   21.6637
25.88   621.64   24.9327
25.9   870.876   29.5106
25.92   1281.52   35.7983
25.94   1919.65   43.8139
25.96   2762.49   52.5594
25.98   3443.72   58.6832
26   3336.87   57.7656
26.02   2620.41   51.1899
26.04   1933.48   43.9714
26.06   1508.89   38.8445
26.08   1346.1   36.6892
26.1   1422.72   37.7189
26.12   1764.42   42.005
26.14   2453.06   49.5284
26.16   3570.41   59.7529
26.18   4978.3   70.557
26.2   5842.44   76.4359
26.22   5215.87   72.221
26.24   3771.73   61.4144
26.26   2500.07   50.0007
26.28   1640.61   40.5045
26.3   1114.58   33.3854
26.32   800.722   28.297
26.34   606.956   24.6365
26.36   478.983   21.8857
26.38   388.82   19.7185
26.4   322.299   17.9527
26.42   271.658   16.4821
26.44   232.189   15.2377
26.46   200.827   14.1713
26.48   175.491   13.2473
26.5   154.725   12.4388
26.52   137.487   11.7255
26.54   123.017   11.0913
26.56   110.749   10.5237
26.58   100.254   10.0127
26.6   91.2036   9.55006
26.62   83.3426   9.12922
26.64   76.4696   8.74469
26.66   70.4242   8.39191
26.68   65.0776   8.06707
26.7   60.3252   7.76693
26.72   56.0814   7.48875
26.74   52.2755   7.23018
26.76   48.8488   6.98919
26.78   45.752   6.76403
26.8   42.9439   6.55316
26.82   40.3893   6.35526
26.84   38.0584   6.16915
26.86   35.9257   5.9938
26.88   33.969   5.82829
26.9   32.1694   5.67181
26.92   30.5104   5.52362
26.94   28.9776   5.38309
26.96   27.5585   5.24962
26.98   26.242   5.12269
27   25.0184   5.00183
27.02   23.879   4.88662
27.04   22.8163   4.77665
27.06   21.8236   4.67157
27.08   20.8947   4.57107
27.1   20.0243   4.47485
27.12   19.2075   4.4
27.14   18.44   4.4
27.16   17.7179   4.4
27.18   17.0376   4.4
27.2   16.3961   4.4
27.22   15.7903   4.4
27.24   15.2176   4.4
27.26   14.6757   4.4
27.28   14.1624   4.4
27.3   13.6757   4.4
27.32   13.2138   4.4
27.34   12.7751   4.4
27.36   12.3579   4.4
27.38   11.9609   4.4
27.4   11.5829   4.4
27.42   11.2225   4.4
27.44   10.8788   4.4
27.46   7.44294   4.4
27.48   7.21213   4.4
27.5   6.99188   4.4
27.52   6.78157   4.4
27.54   6.5806   4.4
27.56   6.38843   4.4
27.58   6.20455   4.4
27.6   6.02849   4.4
27.62   5.85982   4.4
27.64   5.69813   4.4
27.66   0   4.4
27.68   0   4.4
27.7   0   4.4
27.72   0   4.4
27.74   0   4.4
27.76   0   4.4
27.78   0   4.4
27.8   0   4.4
27.82   0   4.4
27.84   0   4.4
27.86   0   4.4
27.88   0   4.4
27.9   0   4.4
27.92   0   4.4
27.94   0   4.4
27.96   0   4.4
27.98   0   4.4
28   0   4.4
28.02   0   4.4
28.04   0   4.4
28.06   0   4.4
28.08   0   4.4
28.1   0   4.4
28.12   0   4.4
28.14   0   4.4
28.16   0   4.4
28.18   0   4.4
28.2   0   4.4
28.22   0   4.4
28.24   0   4.4
28.26   0   4.4
28.28   0   4.4
28.3   0   4.4
28.32   0   4.4
28.34   0   4.4
28.36   0   4.4
28.38   0   4.4
28.4   0   4.4
28.42   0   4.4
28.44   0   4.4
28.46   0   4.4
28.48   0   4.4
28.5   0   4.4
28.52   0   4.4
28.54   0   4.4
28.56   0   4.4
28.58   0   4.4
28.6   0   4.4
28.62   0   4.4
28.64   0   4.4
28.66   0   4.4
28.68   0   4.4
28.7   0   4.4
28.72   0   4.4
28.74   0   4.4
28.76   0   4.4
28.78   0   4.4
28.8   0   4.4
28.82   0   4.4
28.84   0   4.4
28.86   0   4.4
28.88   0   4.4
28.9   0   4.4
28.92   0   4.4
28.94   0   4.4
28.96   0   4.4
28.98   0   4.4
29   0   4.4
29.02   0   4.4
29.04   0   4.4
29.06   0   4.4
29.08   0   4.4
29.1   0   4.4
29.12   0   4.4
29.14   0   4.4
29.16   0   4.4
29.18   0   4.4
29.2   0   4.4
29.22   0   4.4
29.24   0   4.4
29.26   0   4.4
29.28   0   4.4
29.3   0   4.4
29.32   0   4.4
29.34   0   4.4
29.36   0   4.4
29.38   0   4.4
29.4   0   4.4
29.42   0   4.4
29.44   0   4.4
29.46   0   4.4
29.48   0   4.4
29.5   0.585906   4.4
29.52   0.602312   4.4
29.54   0.619416   4.4
29.56   0.637259   4.4
29.58   0.655884   4.4
29.6   0.675337   4.4
29.62   0.695669   4.4
29.64   0.716932   4.4
29.66   0.739184   4.4
29.68   0.762488   4.4
29.7   0.786912   4.4
29.72   0.812527   4.4
29.74   0.839413   4.4
29.76   0.867654   4.4
29.78   0.897345   4.4
29.8   0.928585   4.4
29.82   0.961485   4.4
29.84   0.996163   4.4
29.86   1.03275   4.4
29.88   1.07139   4.4
29.9   1.11224   4.4
29.92   1.15546   4.4
29.94   1.20126   4.4
29.96   1.24983   4.4
29.98   1.3014   4.4
30   1.35623   4.4
30.02   1.41459   4.4
30.04   1.4768   4.4
30.06   1.54321   4.4
30.08   1.61418   4.4
30.1   1.69017   4.4
30.12   1.77164   4.4
30.14   1.85914   4.4
30.16   1.95328   4.4
30.18   2.05475   4.4
30.2   2.16431   4.4
30.22   2.28287   4.4
30.24   2.41143   4.4
30.26   2.55114   4.4
30.28   2.70332   4.4
30.3   2.86952   4.4
30.32   3.05149   4.4
30.34   3.2513   4.4
30.36   3.47135   4.4
30.38   3.71445   4.4
30.4   3.98395   4.4
30.42   4.28378   4.4
30.44   4.61866   4.4
30.46   4.99427   4.4
30.48   5.41744   4.4
30.5   5.89654   4.4
30.52   6.44181   4.4
30.54   7.06597   4.4
30.56   7.78492   4.4
30.58   8.61874   4.4
30.6   9.59309   4.4
30.62   10.7412   4.4
30.64   12.1064   4.4
30.66   13.7468   4.4
30.68   15.7405   4.4
30.7   18.1954   4.4
30.72   21.2628   4.61116
30.74   25.1608   5.01605
30.76   30.2123   5.49657
30.78   36.9171   6.07594
30.8   46.1068   6.7902
30.82   59.3148   7.70161
30.84   79.5861   8.9211
30.86   112.816   10.6215
30.88   168.909   12.9965
30.9   260.661   16.145
30.92   395.568   19.8889
30.94   544.88   23.3427
30.96   600.465   24.5044
30.98   499.65   22.3529
31   347.205   18.6334
31.02   226.042   15.0347
31.04   147.318   12.1375
31.06   100.023   10.0011
31.08   71.9057   8.47972
31.1   54.4185   7.37689
31.12   42.7606   6.53916
31.14   34.5052   5.87411
31.16   28.4107   5.33017
31.18   23.78   4.87647
31.2   20.1825   4.49249
31.22   17.3352   4.4
31.24   15.045   4.4
31.26   13.1768   4.4
31.28   11.6337   4.4
31.3   10.3449   4.4
31.32   9.25774   4.4
31.34   8.3325   4.4
31.36   7.53869   4.4
31.38   6.85266   4.4
31.4   6.25582   4.4
31.42   5.73342   4.4
31.44   5.2736   4.4
31.46   4.86679   4.4
31.48   4.50517   4.4
31.5   4.1823   4.4
31.52   3.89285   4.4
31.54   3.63237   4.4
31.56   3.39713   4.4
31.58   3.18398   4.4
31.6   2.99024   4.4
31.62   2.81363   4.4
31.64   2.65219   4.4
31.66   2.50423   4.4
31.68   2.3683   4.4
31.7   2.24313   4.4
31.72   2.12761   4.4
31.74   5.5962   4.4
31.76   5.59817   4.4
31.78   5.61156   4.4
31.8   5.63597   4.4
31.82   5.67109   4.4
31.84   5.71667   4.4
31.86   5.77258   4.4
31.88   5.83873   4.4
31.9   5.91512   4.4
31.92   6.0018   4.4
31.94   6.09889   4.4
31.96   6.20659   4.4
31.98   6.32514   4.4
32   6.45487   4.4
32.02   6.59615   4.4
32.04   6.74944   4.4
32.06   6.91527   4.4
32.08   7.09424   4.4
32.1   7.28704   4.4
32.12   7.49444   4.4
32.14   7.71733   4.4
32.16   7.95667   4.4
32.18   8.21358   4.4
32.2   8.48927   4.4
32.22   8.78513   4.4
32.24   9.10269   4.4
32.26   9.44366   4.4
32.28   9.80996   4.4
32.3   10.2037   4.4
32.32   10.6274   4.4
32.34   11.0837   4.4
32.36   11.5756   4.4
32.38   12.1066   4.4
32.4   12.6806   4.4
32.42   12.7213   4.4
32.44   13.4106   4.4
32.46   14.1574   4.4
32.48   14.9682   4.4
32.5   15.8507   4.4
32.52   16.8133   4.4
32.54   17.8662   4.4
32.56   19.021   4.4
32.58   20.2912   4.50457
32.6   21.6927   4.65754
32.62   23.2441   4.82121
32.64   24.9676   4.99676
32.66   26.8896   5.18552
32.68   29.0415   5.38902
32.7   31.4615   5.60906
32.72   34.1959   5.84772
32.74   37.3012   6.10747
32.76   40.8473   6.39119
32.78   44.9215   6.70235
32.8   49.6333   7.04509
32.82   55.1221   7.42443
32.84   61.5673   7.84648
32.86   69.2028   8.31882
32.88   78.3376   8.85085
32.9   89.3871   9.45447
32.92   102.919   10.1449
32.94   119.724   10.9418
32.96   140.929   11.8713
32.98   168.183   12.9685
33   203.986   14.2824
33.02   252.363   15.8859
33.04   320.422   17.9003
33.06   421.989   20.5424
33.08   584.503   24.1765
33.1   857.398   29.2814
33.12   1313.01   36.2354
33.14   2020.4   44.9488
33.16   2931.47   54.1431
33.18   3588.03   59.9002
33.2   3325.84   57.6701
33.22   2443.81   49.4349
33.24   1616.63   40.2073
33.26   1046.9   32.3558
33.28   696.842   26.3978
33.3   489.434   22.1231
33.32   363.406   19.0632
33.34   281.729   16.7848
33.36   225.148   15.0049
33.38   183.988   13.5642
33.4   153.041   12.371
33.42   129.199   11.3666
33.44   110.463   10.5102
33.46   95.4871   9.77175
33.48   83.3366   9.12889
33.5   73.3487   8.56438
33.52   65.0425   8.06489
33.54   58.063   7.61991
33.56   52.1435   7.22105
33.58   47.0808   6.86155
33.6   42.7179   6.53589
33.62   38.9321   6.23956
33.64   35.6263   5.96877
33.66   32.7229   5.72039
33.68   30.1593   5.49175
33.7   27.8848   5.2806
33.72   25.8575   5.08502
33.74   24.0429   4.90336
33.76   22.4124   4.73418
33.78   24.5994   4.95977
33.8   23.3712   4.83437
33.82   22.27   4.71911
33.84   21.2816   4.61319
33.86   20.3935   4.51592
33.88   19.5955   4.42669
33.9   18.8786   4.4
33.92   18.235   4.4
33.94   17.658   4.4
33.96   17.142   4.4
33.98   16.6821   4.4
34   16.2739   4.4
34.02   15.9137   4.4
34.04   15.5985   4.4
34.06   15.3256   4.4
34.08   15.0925   4.4
34.1   14.8975   4.4
34.12   14.739   4.4
34.14   14.6156   4.4
34.16   14.5264   4.4
34.18   14.4707   4.4
34.2   14.448   4.4
34.22   14.4582   4.4
34.24   14.5012   4.4
34.26   14.5773   4.4
34.28   14.6871   4.4
34.3   14.8315   4.4
34.32   15.0114   4.4
34.34   15.2283   4.4
34.36   15.4839   4.4
34.38   15.7801   4.4
34.4   16.1194   4.4
34.42   16.5047   4.4
34.44   16.9391   4.4
34.46   17.4266   4.4
34.48   17.9716   4.4
34.5   18.5793   4.4
34.52   19.2555   4.4
34.54   20.0072   4.47294
34.56   20.8423   4.56534
34.58   21.7703   4.66586
34.6   22.8018   4.77512
34.62   23.9495   4.89382
34.64   25.2283   5.02278
34.66   23.2262   4.81936
34.68   24.9138   4.99138
34.7   26.7917   5.17607
34.72   28.8895   5.3749
34.74   31.2428   5.58952
34.76   33.8946   5.82191
34.78   36.8975   6.07433
34.8   40.316   6.34948
34.82   44.23   6.65056
34.84   48.7396   6.98137
34.86   53.9712   7.34651
34.88   60.0866   7.75156
34.9   67.2949   8.20335
34.92   75.8705   8.71037
34.94   86.1785   9.28324
34.96   98.7133   9.93546
34.98   114.156   10.6844
35   133.465   11.5527
35.02   158.02   12.5706
35.04   189.87   13.7793
35.06   232.191   15.2378
35.08   290.291   17.0379
35.1   373.993   19.3389
35.12   502.832   22.4239
35.14   714.496   26.7301
35.16   1071.77   32.738
35.18   1654.61   40.6769
35.2   2505.77   50.0577
35.22   3429.21   58.5595
35.24   3735.53   61.1189
35.26   3077.12   55.4718
35.28   2128.52   46.1359
35.3   1384.33   37.2066
35.32   903.149   30.0524
35.34   614.554   24.7902
35.36   442.832   21.0436
35.38   335.748   18.3234
35.4   264.158   16.2529
35.42   213.358   14.6068
35.44   175.803   13.2591
35.46   147.239   12.1342
35.48   125.03   11.1817
35.5   107.44   10.3653
35.52   93.2832   9.65832
35.54   81.7285   9.04038
35.56   72.9807   8.54287
35.58   65.0244   8.06377
35.6   58.3149   7.63642
35.62   52.607   7.25307
35.64   47.713   6.90746
35.66   43.4868   6.59445
35.68   39.8136   6.3098
35.7   36.6025   6.05
35.72   33.7802   5.81207
35.74   31.2877   5.59354
35.76   29.0766   5.39227
35.78   27.1072   5.20646
35.8   25.3467   5.03455
35.82   23.7675   4.8752
35.84   22.3469   4.72725
35.86   21.0652   4.58969
35.88   19.9062   4.46164
35.9   18.8559   4.4
35.92   17.9022   4.4
35.94   17.0349   4.4
35.96   16.2452   4.4
35.98   15.5254   4.4
36   14.8846   4.4
36.02   14.2863   4.4
36.04   13.7406   4.4
36.06   13.2433   4.4
36.08   12.7907   4.4
36.1   12.3795   4.4
36.12   12.0069   4.4
36.14   11.6706   4.4
36.16   11.3686   4.4
36.18   11.0991   4.4
36.2   10.8608   4.4
36.22   10.6527   4.4
36.24   10.474   4.4
36.26   10.3241   4.4
36.28   10.2028   4.4
36.3   10.1103   4.4
36.32   10.0467   4.4
36.34   10.0129   4.4
36.36   10.0098   4.4
36.38   10.0388   4.4
36.4   10.1019   4.4
36.42   10.2012   4.4
36.44   10.3398   4.4
36.46   10.5213   4.4
36.48   10.75   4.4
36.5   11.0314   4.4
36.52   11.3722   4.4
36.54   11.7804   4.4
36.56   12.266   4.4
36.58   12.8413   4.4
36.6   13.5217   4.4
36.62   14.3263   4.4
36.64   15.2792   4.4
36.66   16.4112   4.4
36.68   17.7621   4.4
36.7   15.7665   4.4
36.72   17.8231   4.4
36.74   20.3059   4.5062
36.76   23.3399   4.83114
36.78   27.0987   5.20565
36.8   31.8289   5.64171
36.82   37.8893   6.15543
36.84   45.8207   6.7691
36.86   56.4834   7.51555
36.88   71.3738   8.4483
36.9   93.367   9.66266
36.92   128.194   11.3223
36.94   186.41   13.6532
36.96   284.088   16.8549
36.98   438.21   20.9335
37   645.228   25.4013
37.02   817.835   28.5978
37.04   792.34   28.1485
37.06   598.234   24.4588
37.08   399.554   19.9888
37.1   258.737   16.0853
37.12   171.227   13.0854
37.14   119.327   10.9237
37.16   88.0436   9.38315
37.18   68.0163   8.2472
37.2   54.3024   7.36902
37.22   44.4278   6.66542
37.24   37.0845   6.08971
37.26   31.5104   5.61341
37.28   27.2298   5.21822
37.3   23.943   4.89316
37.32   21.4809   4.63475
37.34   19.7988   4.44959
37.36   18.9915   4.4
37.38   19.2859   4.4
37.4   20.9246   4.57434
37.42   23.6884   4.86707
37.44   25.6301   5.06262
37.46   23.7577   4.87419
37.48   19.1684   4.4
37.5   14.8368   4.4
37.52   11.7035   4.4
37.54   9.60966   4.4
37.56   8.37385   4.4
37.58   7.39183   4.4
37.6   6.65162   4.4
37.62   6.06121   4.4
37.64   5.57248   4.4
37.66   5.15815   4.4
37.68   4.80096   4.4
37.7   4.48911   4.4
37.72   4.2141   4.4
37.74   3.96964   4.4
37.76   5.30944   4.4
37.78   5.15673   4.4
37.8   5.0249   4.4
37.82   4.91165   4.4
37.84   4.81511   4.4
37.86   4.73376   4.4
37.88   4.66636   4.4
37.9   4.6119   4.4
37.92   4.56954   4.4
37.94   4.53862   4.4
37.96   4.51858   4.4
37.98   4.50902   4.4
38   4.5096   4.4
38.02   4.5201   4.4
38.04   4.54039   4.4
38.06   4.57039   4.4
38.08   4.61013   4.4
38.1   4.6597   4.4
38.12   4.71926   4.4
38.14   4.78906   4.4
38.16   4.86942   4.4
38.18   4.96073   4.4
38.2   5.06349   4.4
38.22   5.17826   4.4
38.24   5.30574   4.4
38.26   5.4467   4.4
38.28   5.60207   4.4
38.3   5.77288   4.4
38.32   5.96035   4.4
38.34   6.16584   4.4
38.36   6.39094   4.4
38.38   6.63745   4.4
38.4   6.90745   4.4
38.42   7.20333   4.4
38.44   7.52783   4.4
38.46   7.88413   4.4
38.48   8.27594   4.4
38.5   8.70754   4.4
38.52   8.40899   4.4
38.54   8.95651   4.4
38.56   9.561   4.4
38.58   10.2308   4.4
38.6   10.9761   4.4
38.62   11.8088   4.4
38.64   12.7438   4.4
38.66   13.7993   4.4
38.68   14.9979   4.4
38.7   16.3681   4.4
38.72   17.9463   4.4
38.74   19.7798   4.44745
38.76   21.931   4.68306
38.78   24.4845   4.94818
38.8   27.5572   5.2495
38.82   31.3174   5.5962
38.84   36.0207   6.00173
38.86   42.0926   6.48788
38.88   50.3138   7.09322
38.9   62.1598   7.88415
38.92   80.1765   8.95413
38.94   108.036   10.394
38.96   149.078   12.2097
38.98   200.525   14.1607
39   239.854   15.4872
39.02   239.719   15.4828
39.04   219.971   14.8314
39.06   213.373   14.6073
39.08   233.886   15.2933
39.1   291.894   17.0849
39.12   406.171   20.1537
39.14   605.977   24.6166
39.16   918.498   30.3067
39.18   1314.02   36.2495
39.2   1576.12   39.7004
39.22   1430.47   37.8216
39.24   1039.66   32.2438
39.26   686.313   26.1976
39.28   445.809   21.1142
39.3   298.622   17.2807
39.32   211.299   14.5361
39.34   157.936   12.5672
39.36   123.1   11.0951
39.38   102.825   10.1403
39.4   85.1881   9.22974
39.42   71.9076   8.47984
39.44   61.6726   7.85319
39.46   53.635   7.32359
39.48   47.2218   6.87181
39.5   42.0347   6.48342
39.52   37.7901   6.14737
39.54   35.275   5.93928
39.56   32.3791   5.69026
39.58   29.9541   5.47303
39.6   27.9127   5.28325
39.62   26.1876   5.11738
39.64   24.7262   4.97255
39.66   23.487   4.84634
39.68   22.437   4.73677
39.7   21.5497   4.64216
39.72   20.8037   4.56111
39.74   20.1819   4.49243
39.76   19.6701   4.4351
39.78   19.2569   4.4
39.8   18.9331   4.4
39.82   18.6911   4.4
39.84   18.5249   4.4
39.86   18.4297   4.4
39.88   18.402   4.4
39.9   18.4389   4.4
39.92   18.5387   4.4
39.94   18.7004   4.4
39.96   18.9236   4.4
39.98   19.2087   4.4
40   19.5568   4.42231
40.02   19.9699   4.46877
40.04   20.4503   4.5222
40.06   21.0015   4.58274
40.08   21.6275   4.65053
40.1   22.3333   4.72581
40.12   23.125   4.80884
40.14   24.0097   4.89997
40.16   24.9958   4.99958
40.18   26.0933   5.10816
40.2   27.3138   5.22626
40.22   28.671   5.35453
40.24   30.1808   5.49371
40.26   31.8622   5.64466
40.28   33.7376   5.80841
40.3   35.8334   5.9861
40.32   38.1813   6.1791
40.34   40.819   6.38897
40.36   43.7922   6.61757
40.38   47.1561   6.86703
40.4   50.9782   7.1399
40.42   55.3417   7.4392
40.44   60.3496   7.7685
40.46   66.1314   8.13212
40.48   72.6935   8.52605
40.5   80.5643   8.97576
40.52   89.8543   9.47915
40.54   100.921   10.046
40.56   114.244   10.6885
40.58   130.471   11.4224
40.6   150.502   12.2679
40.62   175.611   13.2518
40.64   207.646   14.4099
40.66   249.383   15.7919
40.68   303.74   17.4281
40.7   381.373   19.5288
40.72   495.383   22.2572
40.74   674.843   25.9777
40.76   973.15   31.1953
40.78   1471.35   38.3581
40.8   2254.71   47.4838
40.82   3304.03   57.4807
40.84   4177.59   64.6343
40.86   4061.64   63.731
40.88   3124.16   55.8942
40.9   2195.3   46.854
40.92   1599.76   39.997
40.94   1334.58   36.5319
40.96   1316.94   36.2897
40.98   1397.35   37.3811
41   1330.47   36.4756
41.02   1053.42   32.4564
41.04   752.19   27.4261
41.06   527.344   22.964
41.08   379.761   19.4875
41.1   286.421   16.924
41.12   226.133   15.0377
41.14   187.407   13.6897
41.16   157.493   12.5496
41.18   134.746   11.608
41.2   116.912   10.8126
41.22   102.624   10.1303
41.24   90.9776   9.53822
41.26   81.3492   9.01938
41.28   73.2919   8.56107
41.3   66.4786   8.15344
41.32   60.6651   7.78878
41.34   55.8191   7.47122
41.36   51.4943   7.17595
41.38   47.7278   6.90853
41.4   44.4306   6.66563
41.42   41.5313   6.44447
41.44   38.9721   6.24276
41.46   36.7059   6.05854
41.48   34.694   5.89016
41.5   32.9042   5.73622
41.52   31.3099   5.59553
41.54   29.8887   5.46706
41.56   28.6218   5.34994
41.58   27.4935   5.24342
41.6   26.4903   5.14687
41.62   25.601   5.05974
41.64   24.8161   4.98158
41.66   24.1277   4.912
41.68   23.5291   4.85068
41.7   23.0149   4.79739
41.72   22.5807   4.75192
41.74   22.223   4.71413
41.76   21.9392   4.68393
41.78   21.7275   4.66128
41.8   21.5871   4.6462
41.82   21.5178   4.63873
41.84   21.5203   4.639
41.86   21.596   4.64715
41.88   21.7473   4.6634
41.9   21.9777   4.68803
41.92   22.2914   4.72137
41.94   22.6941   4.76383
41.96   23.1928   4.81589
41.98   23.7961   4.87812
42   24.5144   4.9512
42.02   25.3603   5.0359
42.04   26.3494   5.13316
42.06   27.5001   5.24406
42.08   28.8353   5.36985
42.1   30.3826   5.51204
42.12   32.1759   5.67238
42.14   34.2573   5.85297
42.16   36.6788   6.0563
42.18   39.5058   6.28537
42.2   42.821   6.54378
42.22   46.7301   6.83594
42.24   51.3697   7.16726
42.26   56.919   7.54447
42.28   63.6162   7.97598
42.3   71.7828   8.47248
42.32   77.8795   8.82494
42.34   90.5968   9.51823
42.36   106.735   10.3312
42.38   127.611   11.2965
42.4   155.258   12.4603
42.42   193.038   13.8938
42.44   247.105   15.7196
42.46   329.652   18.1563
42.48   463.455   21.528
42.5   690.757   26.2823
42.52   1063.84   32.6166
42.54   1617.7   40.2207
42.56   2248.44   47.4177
42.58   2521.4   50.2136
42.6   2133.34   46.188
42.62   1496.92   38.6901
42.64   981.179   31.3238
42.66   644.91   25.3951
42.68   444.655   21.0868
42.7   329.597   18.1548
42.72   264.792   16.2724
42.74   232.301   15.2414
42.76   224.917   14.9972
42.78   237.735   15.4187
42.8   254.448   15.9514
42.82   241.36   15.5358
42.84   194.738   13.9549
42.86   145.584   12.0658
42.88   108.737   10.4277
42.9   83.9768   9.16388
42.92   67.6802   8.2268
42.94   56.5851   7.52231
42.96   48.556   6.96821
42.98   42.4045   6.51187
43   37.4994   6.12368
43.02   33.4843   5.78656
43.04   30.136   5.48963
43.06   27.303   5.22523
43.08   24.8773   4.98771
43.1   22.7793   4.77276
43.12   20.9491   4.57701
43.14   19.3405   4.4
43.16   17.9176   4.4
43.18   16.6515   4.4
43.2   15.5192   4.4
43.22   14.5017   4.4
43.24   13.5835   4.4
43.26   12.7519   4.4
43.28   11.9959   4.4
43.3   11.3064   4.4
43.32   10.6757   4.4
43.34   10.0971   4.4
43.36   9.56504   4.4
43.38   9.07447   4.4
43.4   8.62115   4.4
43.42   8.20134   4.4
43.44   7.81178   4.4
43.46   7.4496   4.4
43.48   7.11226   4.4
43.5   6.79752   4.4
43.52   6.50338   4.4
43.54   6.22807   4.4
43.56   5.96999   4.4
43.58   5.72774   4.4
43.6   5.50002   4.4
43.62   5.2857   4.4
43.64   5.08374   4.4
43.66   4.89319   4.4
43.68   4.71321   4.4
43.7   4.54302   4.4
43.72   4.38193   4.4
43.74   4.2293   4.4
43.76   4.08453   4.4
43.78   3.9471   4.4
43.8   3.81652   4.4
43.82   3.69233   4.4
43.84   3.57413   4.4
43.86   3.46153   4.4
43.88   3.35418   4.4
43.9   3.25177   4.4
43.92   3.15399   4.4
43.94   3.06057   4.4
43.96   2.97124   4.4
43.98   2.88578   4.4
44   2.80397   4.4
44.02   2.72559   4.4
44.04   0.219738   4.4
44.06   0.212768   4.4
44.08   0.206125   4.4
44.1   0.199788   4.4
44.12   0.193739   4.4
44.14   0.18796   4.4
44.16   0.182436   4.4
44.18   0.177151   4.4
44.2   0.172093   4.4
44.22   0.167249   4.4
44.24   0.162606   4.4
44.26   0.158153   4.4
44.28   0.153881   4.4
44.3   0   4.4
44.32   0   4.4
44.34   0   4.4
44.36   0   4.4
44.38   0   4.4
44.4   0   4.4
44.42   0   4.4
44.44   0   4.4
44.46   0   4.4
44.48   0   4.4
44.5   0   4.4
44.52   0   4.4
44.54   0   4.4
44.56   0.197796   4.4
44.58   0.20334   4.4
44.6   0.20912   4.4
44.62   0.21515   4.4
44.64   0.221444   4.4
44.66   0.228019   4.4
44.68   0.234891   4.4
44.7   0.242078   4.4
44.72   0.2496   4.4
44.74   0.257478   4.4
44.76   0.265734   4.4
44.78   0.274394   4.4
44.8   0.283484   4.4
44.82   0.293033   4.4
44.84   0.303072   4.4
44.86   0.313636   4.4
44.88   0.324762   4.4
44.9   0.33649   4.4
44.92   0.348865   4.4
44.94   0.361934   4.4
44.96   0.375751   4.4
44.98   0.390375   4.4
45   0.405868   4.4
45.02   0.422301   4.4
45.04   0.439752   4.4
45.06   0.458306   4.4
45.08   0.478059   4.4
45.1   0.499115   4.4
45.12   0.521593   4.4
45.14   0.545622   4.4
45.16   0.571348   4.4
45.18   0.598936   4.4
45.2   0.628569   4.4
45.22   0.660453   4.4
45.24   0.694822   4.4
45.26   0.731942   4.4
45.28   0.772114   4.4
45.3   0.815679   4.4
45.32   0.863032   4.4
45.34   0.914624   4.4
45.36   0.970974   4.4
45.38   1.03269   4.4
45.4   1.10046   4.4
45.42   1.17511   4.4
45.44   1.25761   4.4
45.46   1.34908   4.4
45.48   1.45088   4.4
45.5   1.56461   4.4
45.52   1.69221   4.4
45.54   1.83602   4.4
45.56   1.99888   4.4
45.58   2.18432   4.4
45.6   2.39667   4.4
45.62   2.64139   4.4
45.64   2.92535   4.4
45.66   3.25735   4.4
45.68   3.64878   4.4
45.7   4.11459   4.4
45.72   4.67468   4.4
45.74   5.35601   4.4
45.76   6.19572   4.4
45.78   7.24615   4.4
45.8   8.58271   4.4
45.82   10.3174   4.4
45.84   12.8512   4.4
45.86   16.0281   4.4
45.88   20.61   4.53982
45.9   27.674   5.26061
45.92   39.2923   6.26836
45.94   58.8972   7.67445
45.96   90.8114   9.5295
45.98   137.186   11.7126
46   186.767   13.6663
46.02   201.773   14.2047
46.04   165.118   12.8498
46.06   113.967   10.6755
46.08   74.1934   8.61356
46.1   48.5657   6.96891
46.12   33.2174   5.76345
46.14   24.0837   4.90752
46.16   18.3825   4.4
46.18   14.5684   4.4
46.2   11.8627   4.4
46.22   9.86501   4.4
46.24   8.34899   4.4
46.26   7.17402   4.4
46.28   6.24744   4.4
46.3   5.50594   4.4
46.32   4.90514   4.4
46.34   4.41322   4.4
46.36   4.00695   4.4
46.38   3.66907   4.4
46.4   3.38656   4.4
46.42   3.1495   4.4
46.44   2.95022   4.4
46.46   2.78275   4.4
46.48   2.64241   4.4
46.5   2.52549   4.4
46.52   2.4291   4.4
46.54   2.82337   4.4
46.56   2.77504   4.4
46.58   2.74234   4.4
46.6   2.72428   4.4
46.62   2.72018   4.4
46.64   2.72962   4.4
46.66   2.75245   4.4
46.68   2.78877   4.4
46.7   2.83891   4.4
46.72   2.90348   4.4
46.74   2.98335   4.4
46.76   3.07973   4.4
46.78   3.19416   4.4
46.8   3.32864   4.4
46.82   3.48567   4.4
46.84   3.66837   4.4
46.86   3.8807   4.4
46.88   4.12758   4.4
46.9   4.41526   4.4
46.92   4.75169   4.4
46.94   5.14705   4.4
46.96   5.61459   4.4
46.98   6.17171   4.4
47   6.8416   4.4
47.02   7.65572   4.4
47.04   8.65745   4.4
47.06   9.9079   4.4
47.08   11.4952   4.4
47.1   13.5505   4.4
47.12   16.2779   4.4
47.14   20.0206   4.47444
47.16   25.4187   5.04169
47.18   33.7466   5.80919
47.2   47.4458   6.88809
47.22   70.5213   8.39769
47.24   107.929   10.3889
47.26   161.821   12.7209
47.28   218.06   14.7669
47.3   232.486   15.2475
47.32   188.701   13.7368
47.34   130.427   11.4205
47.36   85.7609   9.26072
47.38   57.1916   7.56251
47.4   40.1891   6.33949
47.42   30.1479   5.49071
47.44   24.2095   4.92031
47.46   20.1576   4.48973
47.48   17.1842   4.4
47.5   15.2441   4.4
47.52   13.8896   4.4
47.54   12.9918   4.4
47.56   12.4145   4.4
47.58   12.1191   4.4
47.6   12.0707   4.4
47.62   12.2533   4.4
47.64   12.6657   4.4
47.66   13.3218   4.4
47.68   14.251   4.4
47.7   15.5017   4.4
47.72   17.1473   4.4
47.74   19.2961   4.4
47.76   22.1082   4.70193
47.78   25.8235   5.08169
47.8   30.815   5.55113
47.82   37.701   6.14011
47.84   47.6133   6.90024
47.86   62.7945   7.9243
47.88   89.1452   9.44167
47.9   131.146   11.4519
47.92   200.269   14.1516
47.94   303.399   17.4184
47.96   422.413   20.5527
47.98   477.222   21.8454
48   407.129   20.1774
48.02   287.145   16.9454
48.04   188.772   13.7394
48.06   124.093   11.1397
48.08   85.1012   9.22503
48.1   61.9943   7.87365
48.12   47.7449   6.90977
48.14   38.3444   6.19229
48.16   31.7575   5.63538
48.18   26.9485   5.19119
48.2   23.3423   4.83138
48.22   20.5865   4.53723
48.24   18.4511   4.4
48.26   16.7801   4.4
48.28   15.465   4.4
48.3   14.4287   4.4
48.32   13.6157   4.4
48.34   12.9856   4.4
48.36   12.5087   4.4
48.38   12.1633   4.4
48.4   11.9339   4.4
48.42   11.8097   4.4
48.44   11.7836   4.4
48.46   11.8522   4.4
48.48   12.0152   4.4
48.5   12.2754   4.4
48.52   12.6391   4.4
48.54   13.1165   4.4
48.56   13.7226   4.4
48.58   14.4786   4.4
48.6   15.414   4.4
48.62   16.5699   4.4
48.64   18.0039   4.4
48.66   19.7983   4.44953
48.68   22.0731   4.6982
48.7   25.0093   5.00093
48.72   28.896   5.3755
48.74   34.2402   5.85151
48.76   41.7964   6.46502
48.78   53.9538   7.34532
48.8   73.9766   8.60096
48.82   107.008   10.3445
48.84   158.056   12.572
48.86   224.147   14.9715
48.88   273.652   16.5424
48.9   258.791   16.087
48.92   199.291   14.1171
48.94   144.11   12.0046
48.96   108.894   10.4352
48.98   91.3115   9.55571
49   84.2992   9.18146
49.02   79.2084   8.89991
49.04   72.7272   8.52802
49.06   67.9813   8.24508
49.08   66.8254   8.17468
49.1   69.3163   8.32564
49.12   75.2638   8.67547
49.14   84.8043   9.20893
49.16   98.6283   9.93118
49.18   118.224   10.8731
49.2   146.462   12.1021
49.22   189.056   13.7497
49.24   257.467   16.0458
49.26   372.613   19.3032
49.28   565.692   23.7843
49.3   868.001   29.4619
49.32   1265.35   35.5718
49.34   1572.8   39.6585
49.36   1488.22   38.5775
49.38   1109.76   33.3131
49.4   742.129   27.242
49.42   487.84   22.0871
49.44   334.229   18.2819
49.46   249.672   15.801
49.48   206.308   14.3634
49.5   182.566   13.5117
49.52   158.134   12.5751
49.54   127.302   11.2828
49.56   99.1255   9.95618
49.58   77.9011   8.82616
49.6   62.8471   7.92762
49.62   52.1655   7.22257
49.64   44.3355   6.65849
49.66   38.3433   6.19219
49.68   33.5866   5.79539
49.7   29.7124   5.45091
49.72   26.4999   5.14781
49.74   23.7996   4.87848
49.76   21.5043   4.63727
49.78   19.5344   4.41978
49.8   17.8298   4.4
49.82   16.3437   4.4
49.84   15.0396   4.4
49.86   13.8884   4.4
49.88   12.8668   4.4
49.9   11.9557   4.4
49.92   11.1394   4.4
49.94   10.4052   4.4
49.96   9.74222   4.4
49.98   9.14147   4.4
50   8.59531   4.4
50.02   8.09726   4.4
50.04   7.64177   4.4
50.06   7.2241   4.4
50.08   6.84012   4.4
50.1   6.48629   4.4
50.12   6.15951   4.4
50.14   5.85706   4.4
50.16   5.57658   4.4
50.18   5.31597   4.4
50.2   5.07338   4.4
50.22   4.84719   4.4
50.24   4.63595   4.4
50.26   4.43834   4.4
50.28   4.25324   4.4
50.3   4.07959   4.4
50.32   3.91647   4.4
50.34   3.76304   4.4
50.36   3.37433   4.4
50.38   3.2446   4.4
50.4   3.12227   4.4
50.42   3.0068   4.4
50.44   2.89771   4.4
50.46   2.79454   4.4
50.48   2.69692   4.4
50.5   2.58383   4.4
50.52   2.49682   4.4
50.54   2.41443   4.4
50.56   2.33645   4.4
50.58   2.26281   4.4
50.6   2.19361   4.4
50.62   2.12929   4.4
50.64   2.0709   4.4
50.66   2.02003   4.4
50.68   1.97824   4.4
50.7   1.94413   4.4
50.72   1.9061   4.4
50.74   1.84749   4.4
50.76   1.77569   4.4
50.78   1.70738   4.4
50.8   1.64745   4.4
50.82   0.0871487   4.4
50.84   0.0799067   4.4
50.86   0.0747803   4.4
50.88   0.0708433   4.4
50.9   0.0676121   4.4
50.92   0.0648415   4.4
50.94   0.0623978   4.4
50.96   0.0601996   4.4
50.98   0.0581935   4.4
51   0.00237812   4.4
51.02   0.00207557   4.4
51.04   0.00182686   4.4
51.06   0.00162002   4.4
51.08   0.00144621   4.4
51.1   0.00129879   4.4
51.12   0.00117271   4.4
51.14   0.00106405   4.4
51.16   0.000969767   4.4
51.18   0.000887433   4.4
51.2   0.00081512   4.4
51.22   0.000751271   4.4
51.24   0.000694618   4.4
51.26   0.000644123   4.4
51.28   0.000598927   4.4
51.3   0.000558314   4.4
51.32   0.000521688   4.4
51.34   0.000488543   4.4
51.36   0.000458454   4.4
51.38   0.000431056   4.4
51.4   0.000406038   4.4
51.42   0.000383134   4.4
51.44   0.000362111   4.4
51.46   0.000342769   4.4
51.48   0.000324935   4.4
51.5   0.000308455   4.4
51.52   0.000293197   4.4
51.54   0.000279042   4.4
51.56   0.000265886   4.4
51.58   0.000253639   4.4
51.6   0.000242217   4.4
51.62   0.00023155   4.4
51.64   0.000221571   4.4
51.66   0.000212223   4.4
51.68   0.000203454   4.4
51.7   0.000195217   4.4
51.72   0.00018747   4.4
51.74   0.000180174   4.4
51.76   0.000173296   4.4
51.78   0.000166804   4.4
51.8   0.00016067   4.4
51.82   0.000154868   4.4
51.84   0.000149375   4.4
51.86   0.000144169   4.4
51.88   0.000139229   4.4
51.9   0.00013454   4.4
51.92   0.000130083   4.4
51.94   0.000125844   4.4
51.96   0.000121808   4.4
51.98   0.000117964   4.4
52   0.599165   4.4
52.02   0.616065   4.4
52.04   0.63369   4.4
52.06   0.652083   4.4
52.08   0.671289   4.4
52.1   0.691356   4.4
52.12   0.716052   4.4
52.14   0.738107   4.4
52.16   0.761197   4.4
52.18   0.785388   4.4
52.2   0.810665   4.4
52.22   0.837279   4.4
52.24   0.865224   4.4
52.26   0.894591   4.4
52.28   0.925478   4.4
52.3   0.957991   4.4
52.32   1.63097   4.4
52.34   1.68518   4.4
52.36   1.74218   4.4
52.38   1.80216   4.4
52.4   1.86534   4.4
52.42   1.93195   4.4
52.44   2.00226   4.4
52.46   3.05968   4.4
52.48   3.16578   4.4
52.5   3.27766   4.4
52.52   3.39579   4.4
52.54   3.52064   4.4
52.56   3.65275   4.4
52.58   3.79272   4.4
52.6   3.94121   4.4
52.62   4.09893   4.4
52.64   4.26672   4.4
52.66   4.44547   4.4
52.68   4.6362   4.4
52.7   4.84005   4.4
52.72   5.0583   4.4
52.74   5.2924   4.4
52.76   5.544   4.4
52.78   5.81496   4.4
52.8   6.10742   4.4
52.82   6.42384   4.4
52.84   6.76703   4.4
52.86   7.14027   4.4
52.88   7.54737   4.4
52.9   7.99277   4.4
52.92   8.48172   4.4
52.94   9.02042   4.4
52.96   9.61627   4.4
52.98   10.2782   4.4
53   11.0168   4.4
53.02   11.8454   4.4
53.04   12.7801   4.4
53.06   13.841   4.4
53.08   15.0535   4.4
53.1   16.4497   4.4
53.12   18.0714   4.4
53.14   19.9729   4.46911
53.16   22.2269   4.71454
53.18   24.9314   4.99313
53.2   28.2222   5.31246
53.22   32.2912   5.68254
53.24   37.4169   6.11693
53.26   44.0182   6.63462
53.28   52.7634   7.26384
53.3   64.8215   8.05118
53.32   82.4479   9.08008
53.34   110.115   10.4936
53.36   155.931   12.4872
53.38   231.914   15.2287
53.4   349.972   18.7075
53.42   504.028   22.4506
53.44   621.735   24.9346
53.46   588.642   24.2619
53.48   445.887   21.116
53.5   309.263   17.5859
53.52   216.58   14.7166
53.54   162.602   12.7516
53.56   134.297   11.5886
53.58   121.031   11.0014
53.6   117.576   10.8432
53.62   122.813   11.0821
53.64   138.216   11.7565
53.66   168.547   12.9826
53.68   223.088   14.9361
53.7   315.145   17.7523
53.72   455.693   21.347
53.74   627.588   25.0517
53.76   733.12   27.0762
53.78   675.999   26
53.8   547.309   23.3946
53.82   463.764   21.5352
53.84   465.2   21.5685
53.86   563.426   23.7366
53.88   756.97   27.5131
53.9   985.377   31.3907
53.92   1059.4   32.5485
53.94   876.524   29.6061
53.96   613.786   24.7747
53.98   406.491   20.1616
54   271.385   16.4738
54.02   189.431   13.7634
54.04   139.945   11.8298
54.06   108.57   10.4197
54.08   87.2453   9.34052
54.1   71.875   8.47791
54.12   60.3406   7.76792
54.14   51.4385   7.17206
54.16   44.4168   6.66459
54.18   38.7768   6.2271
54.2   34.1752   5.84595
54.22   30.3691   5.51081
54.24   27.183   5.21373
54.26   24.4874   4.94847
54.28   22.1852   4.71011
54.3   20.2022   4.49468
54.32   18.4811   4.4
54.34   16.9772   4.4
54.36   15.6546   4.4
54.38   14.485   4.4
54.4   13.4452   4.4
54.42   12.5164   4.4
54.44   11.683   4.4
54.46   10.9324   4.4
54.48   10.2535   4.4
54.5   9.63753   4.4
54.52   9.07672   4.4
54.54   8.5646   4.4
54.56   8.0956   4.4
54.58   7.66493   4.4
54.6   7.26847   4.4
54.62   6.90264   4.4
54.64   6.5643   4.4
54.66   6.25074   4.4
54.68   5.95956   4.4
54.7   5.68864   4.4
54.72   5.43612   4.4
54.74   5.20036   4.4
54.76   4.97988   4.4
54.78   4.77336   4.4
54.8   4.57965   4.4
54.82   4.39769   4.4
54.84   4.22653   4.4
54.86   4.06534   4.4
54.88   3.91333   4.4
54.9   3.76982   4.4
54.92   3.05799   4.4
54.94   2.94495   4.4
54.96   2.83808   4.4
54.98   2.73694   4.4
55   2.64113   4.4
55.02   2.55028   4.4
55.04   2.46048   4.4
55.06   2.37866   4.4
55.08   2.30086   4.4
55.1   2.22683   4.4
55.12   2.15632   4.4
55.14   2.08912   4.4
55.16   2.02502   4.4
55.18   1.96383   4.4
55.2   1.90537   4.4
55.22   1.22655   4.4
55.24   1.18982   4.4
55.26   1.15471   4.4
55.28   1.12113   4.4
55.3   1.089   4.4
55.32   1.05822   4.4
55.34   1.02874   4.4
55.36   1.00046   4.4
55.38   0   4.4
55.4   0   4.4
55.42   0   4.4
55.44   0   4.4
55.46   0   4.4
55.48   0   4.4
55.5   0   4.4
55.52   0   4.4
55.54   0   4.4
55.56   0   4.4
55.58   0   4.4
55.6   0   4.4
55.62   0   4.4
55.64   0   4.4
55.66   0   4.4
55.68   0   4.4
55.7   0   4.4
55.72   0   4.4
55.74   0   4.4
55.76   0   4.4
55.78   0   4.4
55.8   0   4.4
55.82   0   4.4
55.84   0   4.4
55.86   0   4.4
55.88   0   4.4
55.9   0   4.4
55.92   0   4.4
55.94   0   4.4
55.96   0   4.4
55.98   0   4.4
56   0   4.4
56.02   0   4.4
56.04   0   4.4
56.06   0   4.4
56.08   0   4.4
56.1   0   4.4
56.12   0   4.4
56.14   0   4.4
56.16   1.41916   4.4
56.18   1.45929   4.4
56.2   1.50115   4.4
56.22   1.54484   4.4
56.24   1.59045   4.4
56.26   1.63812   4.4
56.28   1.68796   4.4
56.3   1.74012   4.4
56.32   1.79472   4.4
56.34   1.85194   4.4
56.36   1.91193   4.4
56.38   1.97488   4.4
56.4   2.041   4.4
56.42   2.11049   4.4
56.44   2.18358   4.4
56.46   2.26054   4.4
56.48   2.34164   4.4
56.5   2.42718   4.4
56.52   2.51748   4.4
56.54   2.61292   4.4
56.56   2.71389   4.4
56.58   2.82082   4.4
56.6   2.93419   4.4
56.62   3.05453   4.4
56.64   3.18242   4.4
56.66   3.31851   4.4
56.68   3.46351   4.4
56.7   3.61821   4.4
56.72   3.7835   4.4
56.74   3.96037   4.4
56.76   4.58427   4.4
56.78   4.80005   4.4
56.8   5.03169   4.4
56.82   5.28078   4.4
56.84   5.54915   4.4
56.86   5.83885   4.4
56.88   6.15222   4.4
56.9   6.49195   4.4
56.92   6.8611   4.4
56.94   7.26319   4.4
56.96   7.7023   4.4
56.98   8.18316   4.4
57   8.71129   4.4
57.02   9.29312   4.4
57.04   9.93627   4.4
57.06   10.6497   4.4
57.08   11.4442   4.4
57.1   12.3324   4.4
57.12   13.33   4.4
57.14   14.4557   4.4
57.16   15.7326   4.4
57.18   17.189   4.4
57.2   18.8604   4.4
57.22   20.7915   4.55977
57.24   23.039   4.7999
57.26   25.6761   5.06716
57.28   28.7982   5.3664
57.3   32.5316   5.70365
57.32   37.0463   6.08657
57.34   42.5748   6.52494
57.36   49.4421   7.03151
57.38   58.1119   7.62312
57.4   69.2648   8.32255
57.42   83.9377   9.16175
57.44   103.813   10.1888
57.46   131.895   11.4845
57.48   174.067   13.1934
57.5   241.951   15.5548
57.52   356.145   18.8718
57.54   545.96   23.3658
57.56   836.956   28.9302
57.58   1199.59   34.6351
57.6   1430.93   37.8276
57.62   1288.44   35.8948
57.64   932.162   30.5313
57.66   614.612   24.7914
57.68   399.734   19.9933
57.7   268.734   16.3931
57.72   191.266   13.8299
57.74   144.092   12.0038
57.76   113.458   10.6516
57.78   92.2817   9.60634
57.8   77.002   8.77508
57.82   65.6879   8.10481
57.84   57.1863   7.56216
57.86   50.7622   7.12476
57.88   45.9338   6.77745
57.9   42.3849   6.51037
57.92   39.9165   6.31795
57.94   38.4188   6.19829
57.96   37.8601   6.15305
57.98   38.2879   6.18772
58   39.8453   6.31231
58.02   42.8114   6.54304
58.04   47.6978   6.90636
58.06   55.4827   7.44867
58.08   68.1426   8.25486
58.1   89.6131   9.46642
58.12   126.572   11.2504
58.14   188.189   13.7182
58.16   281.149   16.7675
58.18   390.489   19.7608
58.2   444.756   21.0892
58.22   383.765   19.5899
58.24   272.959   16.5215
58.26   180.591   13.4384
58.28   119.424   10.9281
58.3   82.3235   9.07323
58.32   60.2052   7.7592
58.34   46.4695   6.81686
58.36   37.3241   6.10935
58.38   30.837   5.55311
58.4   26.0265   5.10162
58.42   22.3488   4.72746
58.44   19.4714   4.41264
58.46   17.1768   4.4
58.48   15.3172   4.4
58.5   13.7893   4.4
58.52   12.5194   4.4
58.54   11.4538   4.4
58.56   10.5527   4.4
58.58   9.78661   4.4
58.6   9.13307   4.4
58.62   8.57531   4.4
58.64   8.10079   4.4
58.66   7.70044   4.4
58.68   7.36823   4.4
58.7   7.1009   4.4
58.72   6.89806   4.4
58.74   6.76259   4.4
58.76   6.70151   4.4
58.78   6.72749   4.4
58.8   6.86169   4.4
58.82   7.13921   4.4
58.84   7.62132   4.4
58.86   8.42454   4.4
58.88   9.78315   4.4
58.9   12.147   4.4
58.92   16.2535   4.4
58.94   23.0107   4.79695
58.96   32.7968   5.72685
58.98   42.9542   6.55394
59   45.3392   6.73344
59.02   37.1008   6.09105
59.04   26.3199   5.13029
59.06   18.059   4.4
59.08   11.3977   4.4
59.1   8.2425   4.4
59.12   6.35973   4.4
59.14   5.18168   4.4
59.16   4.39626   4.4
59.18   7.03427   4.4
59.2   6.73206   4.4
59.22   6.54609   4.4
59.24   6.45046   4.4
59.26   6.43009   4.4
59.28   6.47734   4.4
59.3   6.59058   4.4
59.32   6.77762   4.4
59.34   7.0419   4.4
59.36   7.40692   4.4
59.38   7.90753   4.4
59.4   8.60759   4.4
59.42   9.63307   4.4
59.44   11.2359   4.4
59.46   13.8737   4.4
59.48   18.2233   4.4
59.5   24.9492   4.99492
59.52   33.6804   5.80348
59.54   40.278   6.34649
59.56   38.3317   6.19126
59.58   30.2787   5.50261
59.6   22.5971   4.75364
59.62   17.3526   4.4
59.64   14.2273   4.4
59.66   12.0728   4.4
59.68   11.1581   4.4
59.7   10.6933   4.4
59.72   10.4934   4.4
59.74   10.4665   4.4
59.76   10.5646   4.4
59.78   10.7602   4.4
59.8   11.037   4.4
59.82   11.3851   4.4
59.84   11.7992   4.4
59.86   12.2769   4.4
59.88   12.8184   4.4
59.9   13.4255   4.4
59.92   14.1015   4.4
59.94   14.8517   4.4
59.96   15.6823   4.4
59.98   16.6015   4.4
60   17.6191   4.4
60.02   18.7469   4.4
60.04   19.9991   4.47203
60.06   21.3925   4.6252
60.08   22.9473   4.79033
60.1   24.7817   4.97812
60.12   26.7398   5.17106
60.14   28.9485   5.38038
60.16   31.451   5.60812
60.18   34.3005   5.85667
60.2   37.5631   6.12887
60.22   41.321   6.42814
60.24   45.6787   6.7586
60.26   50.769   7.12524
60.28   56.7641   7.5342
60.3   63.8894   7.99308
60.32   72.4447   8.51144
60.34   82.8358   9.10142
60.36   95.623   9.7787
60.38   111.599   10.5641
60.4   131.917   11.4855
60.42   158.3   12.5817
60.44   193.395   13.9066
60.46   241.417   15.5376
60.48   309.835   17.6021
60.5   412.346   20.3063
60.52   575.658   23.9929
60.54   849.084   29.1391
60.56   1301.49   36.0762
60.58   1983.82   44.5401
60.6   2791.14   52.8313
60.62   3205.52   56.6173
60.64   2773.26   52.6617
60.66   1963.82   44.315
60.68   1285.26   35.8505
60.7   835.957   28.9129
60.72   564.515   23.7595
60.74   404.028   20.1004
60.76   305.202   17.47
60.78   239.261   15.4681
60.8   192.241   13.8651
60.82   157.551   12.5519
60.84   131.361   11.4613
60.86   111.175   10.544
60.88   95.3166   9.76302
60.9   82.6374   9.09051
60.92   72.3433   8.50549
60.94   63.9149   7.99468
60.96   56.8687   7.54114
60.98   50.9472   7.13773
61   45.9274   6.77698
61.02   41.6071   6.45035
61.04   37.9207   6.15798
61.06   34.7326   5.89344
61.08   31.9622   5.65352
61.1   29.5456   5.43558
61.12   27.4316   5.23752
61.14   25.5796   5.05763
61.16   23.9573   4.89462
61.18   22.5392   4.74754
61.2   21.306   4.61584
61.22   20.2438   4.49932
61.24   19.3444   4.4
61.26   18.605   4.4
61.28   18.0295   4.4
61.3   17.6304   4.4
61.32   17.4316   4.4
61.34   17.4743   4.4
61.36   17.8271   4.4
61.38   18.6091   4.4
61.4   20.044   4.47705
61.42   22.5807   4.75192
61.44   27.0983   5.2056
61.46   35.0958   5.92417
61.48   48.5585   6.9684
61.5   68.8011   8.29464
61.52   91.9892   9.5911
61.54   101.938   10.0965
61.56   87.183   9.33719
61.58   63.0474   7.94024
61.6   43.5084   6.59609
61.62   30.5479   5.52701
61.64   22.6503   4.75923
61.66   17.8768   4.4
61.68   14.8475   4.4
61.7   12.7785   4.4
61.72   11.2717   4.4
61.74   10.1239   4.4
61.76   9.22189   4.4
61.78   8.49568   4.4
61.8   7.89946   4.4
61.82   7.40198   4.4
61.84   6.98132   4.4
61.86   6.62183   4.4
61.88   6.31213   4.4
61.9   6.04382   4.4
61.92   5.81071   4.4
61.94   5.6082   4.4
61.96   5.43292   4.4
61.98   5.28255   4.4
62   5.14706   4.4
62.02   5.04299   4.4
62.04   6.25665   4.4
62.06   6.2356   4.4
62.08   3.14303   4.4
62.1   3.2621   4.4
62.12   3.41259   4.4
62.14   3.60148   4.4
62.16   3.83889   4.4
62.18   4.13955   4.4
62.2   4.52548   4.4
62.22   5.03085   4.4
62.24   5.70901   4.4
62.26   6.67179   4.4
62.28   8.12326   4.4
62.3   10.4663   4.4
62.32   14.3803   4.4
62.34   20.7505   4.55527
62.36   30.1182   5.48801
62.38   40.5911   6.37111
62.4   44.7815   6.6919
62.42   38.1021   6.17269
62.44   27.666   5.25985
62.46   19.3464   4.4
62.48   13.9848   4.4
62.5   10.8316   4.4
62.52   9.03639   4.4
62.54   8.00264   4.4
62.56   7.39505   4.4
62.58   7.04519   4.4
62.6   6.86851   4.4
62.62   6.81927   4.4
62.64   6.87113   4.4
62.66   7.00888   4.4
62.68   7.22468   4.4
62.7   7.51612   4.4
62.72   7.88528   4.4
62.74   8.33857   4.4
62.76   8.88705   4.4
62.78   9.54748   4.4
62.8   10.3441   4.4
62.82   11.3118   4.4
62.84   12.5008   4.4
62.86   13.9857   4.4
62.88   15.8817   4.4
62.9   18.3804   4.4
62.92   21.8351   4.67281
62.94   26.9446   5.19082
62.96   35.0439   5.91979
62.98   48.3262   6.9517
63   69.4304   8.33249
63.02   99.7964   9.98981
63.04   131.835   11.4819
63.06   141.521   11.8963
63.08   121.018   11.0008
63.1   90.7679   9.52722
63.12   68.1671   8.25633
63.14   54.7713   7.40076
63.16   48.2052   6.94299
63.18   46.0543   6.78633
63.2   46.7605   6.83817
63.22   49.5956   7.04242
63.24   54.3936   7.3752
63.26   61.3565   7.83304
63.28   71.0065   8.42653
63.3   84.2737   9.18007
63.32   102.775   10.1378
63.34   129.519   11.3806
63.36   170.498   13.0575
63.38   237.465   15.4099
63.4   350.655   18.7258
63.42   537.369   23.1812
63.44   817.327   28.5889
63.46   1144.8   33.835
63.48   1305.27   36.1285
63.5   1122.2   33.4992
63.52   793.211   28.164
63.54   520.079   22.8052
63.56   339.788   18.4333
63.58   230.881   15.1948
63.6   166.328   12.8968
63.62   126.552   11.2495
63.64   100.327   10.0163
63.66   81.9392   9.05203
63.68   68.487   8.27569
63.7   58.3638   7.63962
63.72   50.5878   7.11251
63.74   44.5185   6.67222
63.76   39.7214   6.30249
63.78   35.894   5.99116
63.8   32.8212   5.72898
63.82   30.3472   5.50883
63.84   28.358   5.32522
63.86   26.7285   5.16996
63.88   25.4771   5.04749
63.9   24.5156   4.95132
63.92   23.8092   4.87947
63.94   23.333   4.83042
63.96   23.0699   4.80311
63.98   23.0097   4.79684
64   23.1483   4.81126
64.02   23.4871   4.84635
64.04   24.2475   4.92418
64.06   25.0212   5.00212
64.08   26.0366   5.10261
64.1   27.3223   5.22708
64.12   28.9169   5.37744
64.14   30.8711   5.55618
64.16   33.2524   5.76649
64.18   36.1493   6.01243
64.2   39.6796   6.29917
64.22   44.0013   6.63335
64.24   49.3291   7.02347
64.26   55.9595   7.48061
64.28   64.3097   8.01933
64.3   74.9799   8.65909
64.32   88.8581   9.42646
64.34   107.313   10.3592
64.36   132.611   11.5157
64.38   168.895   12.9959
64.4   224.373   14.9791
64.42   315.036   17.7493
64.44   468.133   21.6364
64.46   719.804   26.8292
64.48   1094.26   33.0797
64.5   1523.01   39.0257
64.52   1712.98   41.3882
64.54   1452.95   38.1176
64.56   1019.41   31.9282
64.58   666   25.807
64.6   434.212   20.8378
64.62   294.473   17.1602
64.64   211.498   14.543
64.66   160.124   12.654
64.68   126.045   11.227
64.7   102.002   10.0996
64.72   84.2954   9.18125
64.74   70.8675   8.41829
64.76   60.4536   7.77519
64.78   52.6538   7.25629
64.8   46.0609   6.78682
64.82   40.6976   6.37947
64.84   36.2826   6.02351
64.86   32.6107   5.71058
64.88   29.5299   5.43414
64.9   26.9256   5.18899
64.92   24.7106   4.97097
64.94   21.5602   4.6433
64.96   19.9702   4.46881
64.98   18.6073   4.4
65   17.4393   4.4
65.02   16.4409   4.4
65.04   15.5923   4.4
65.06   14.8787   4.4
65.08   14.2889   4.4
65.1   13.8154   4.4
65.12   13.4543   4.4
65.14   13.2049   4.4
65.16   13.0705   4.4
65.18   13.0587   4.4
65.2   13.1826   4.4
65.22   13.4623   4.4
65.24   13.9278   4.4
65.26   14.6228   4.4
65.28   15.6117   4.4
65.3   16.9897   4.4
65.32   18.9028   4.4
65.34   21.5857   4.64605
65.36   25.4509   5.04489
65.38   31.2969   5.59436
65.4   40.7141   6.38076
65.42   56.6091   7.5239
65.44   83.3388   9.12901
65.46   125.337   11.1954
65.48   180.902   13.45
65.5   224.775   14.9925
65.52   214.119   14.6328
65.54   161.145   12.6943
65.56   108.915   10.4362
65.58   72.3498   8.50587
65.6   49.7509   7.05343
65.62   36.3801   6.03159
65.64   28.5846   5.34645
65.66   23.4512   4.84264
65.68   19.9673   4.46848
65.7   17.5014   4.4
65.72   15.7184   4.4
65.74   14.4223   4.4
65.76   13.4898   4.4
65.78   12.8412   4.4
65.8   12.4244   4.4
65.82   12.2068   4.4
65.84   12.1696   4.4
65.86   12.3054   4.4
65.88   12.6166   4.4
65.9   13.1154   4.4
65.92   13.8249   4.4
65.94   14.7813   4.4
65.96   16.0381   4.4
65.98   16.0206   4.4
66   18.1902   4.4
66.02   21.0135   4.58405
66.04   24.7384   4.97377
66.06   29.7538   5.45471
66.08   36.7188   6.0596
66.1   46.8683   6.84605
66.12   62.6667   7.91623
66.14   88.8164   9.42425
66.16   132.971   11.5313
66.18   204.454   14.2987
66.2   306.777   17.515
66.22   411.259   20.2795
66.24   433.552   20.8219
66.26   348.004   18.6549
66.28   238.439   15.4415
66.3   155.287   12.4614
66.32   102.201   10.1094
66.34   70.5035   8.39664
66.36   51.6   7.18331
66.38   39.7385   6.30385
66.4   31.7647   5.63602
66.42   26.0935   5.10818
66.44   21.9052   4.6803
66.46   18.7325   4.4
66.48   16.2837   4.4
66.5   14.3662   4.4
66.52   12.8487   4.4
66.54   11.6394   4.4
66.56   10.6732   4.4
66.58   9.90315   4.4
66.6   9.29553   4.4
66.62   8.82598   4.4
66.64   8.47739   4.4
66.66   8.23842   4.4
66.68   8.10255   4.4
66.7   8.06767   4.4
66.72   8.13598   4.4
66.74   8.31436   4.4
66.76   8.61511   4.4
66.78   9.05736   4.4
66.8   9.66931   4.4
66.82   10.4917   4.4
66.84   11.5834   4.4
66.86   13.0304   4.4
66.88   14.9609   4.4
66.9   17.5729   4.4
66.92   21.1933   4.60362
66.94   26.4169   5.13974
66.96   34.4193   5.8668
66.98   47.2915   6.87688
67   69.4392   8.33302
67.02   106.041   10.2976
67.04   161.099   12.6925
67.06   226.018   15.0339
67.08   258.932   16.0914
67.1   223.739   14.9579
67.12   158.56   12.592
67.14   104.037   10.1999
67.16   67.9312   8.24204
67.18   46.0744   6.78781
67.2   33.0959   5.75291
67.22   25.0832   5.00831
67.24   19.7841   4.44793
67.26   16.0511   4.4
67.28   13.3021   4.4
67.3   11.2148   4.4
67.32   9.59284   4.4
67.34   8.3078   4.4
67.36   7.27252   4.4
67.38   6.42616   4.4
67.4   5.7252   4.4
67.42   5.13794   4.4
67.44   4.64085   4.4
67.46   4.21617   4.4
67.48   3.85032   4.4
67.5   3.53274   4.4
67.52   3.25517   4.4
67.54   3.01103   4.4
67.56   2.79505   4.4
67.58   2.60297   4.4
67.6   2.43131   4.4
67.62   2.2772   4.4
67.64   2.13827   4.4
67.66   2.01253   4.4
67.68   1.89831   4.4
67.7   1.79421   4.4
67.72   1.28962   4.4
67.74   1.21313   4.4
67.76   1.14323   4.4
67.78   1.0792   4.4
67.8   1.02039   4.4
67.82   0.966249   4.4
67.84   0.916302   4.4
67.86   0.870126   4.4
67.88   0.827349   4.4
67.9   0.787648   4.4
67.92   0.750734   4.4
67.94   0.716353   4.4
67.96   0.684278   4.4
67.98   0.654308   4.4
68   0.626262   4.4
68.02   0.599981   4.4
68.04   0.575318   4.4
68.06   0.552144   4.4
68.08   0.659049   4.4
68.1   0.64215   4.4
68.12   0.626577   4.4
68.14   0.612251   4.4
68.16   0.599103   4.4
68.18   0.587073   4.4
68.2   0.883659   4.4
68.22   0.915356   4.4
68.24   0.916288   4.4
68.26   0.918585   4.4
68.28   0.92224   4.4
68.3   0.927255   4.4
68.32   0.933883   4.4
68.34   0.941655   4.4
68.36   0.95083   4.4
68.38   0.961438   4.4
68.4   0.973513   4.4
68.42   0.987099   4.4
68.44   1.00225   4.4
68.46   1.01902   4.4
68.48   1.03748   4.4
68.5   1.05771   4.4
68.52   1.07979   4.4
68.54   0.854649   4.4
68.56   0.887441   4.4
68.58   0.922163   4.4
68.6   0.95897   4.4
68.62   0.998034   4.4
68.64   1.03954   4.4
68.66   1.08371   4.4
68.68   1.13076   4.4
68.7   1.18096   4.4
68.72   1.23459   4.4
68.74   1.29197   4.4
68.76   1.35348   4.4
68.78   1.4195   4.4
68.8   1.4905   4.4
68.82   1.567   4.4
68.84   1.64958   4.4
68.86   1.73891   4.4
68.88   1.83575   4.4
68.9   1.94097   4.4
68.92   2.05557   4.4
68.94   2.18072   4.4
68.96   2.31776   4.4
68.98   2.46827   4.4
69   2.63407   4.4
69.02   2.81736   4.4
69.04   3.02069   4.4
69.06   3.24715   4.4
69.08   3.50042   4.4
69.1   3.78499   4.4
69.12   4.1063   4.4
69.14   4.47109   4.4
69.16   4.88773   4.4
69.18   5.36672   4.4
69.2   5.92145   4.4
69.22   6.56917   4.4
69.24   7.33244   4.4
69.26   8.2413   4.4
69.28   9.33642   4.4
69.3   10.6741   4.4
69.32   12.3345   4.4
69.34   14.4351   4.4
69.36   17.1594   4.4
69.38   20.8193   4.56281
69.4   25.9984   5.09886
69.42   33.8159   5.81515
69.44   46.2361   6.79971
69.46   66.0823   8.1291
69.48   96.0198   9.79897
69.5   134.155   11.5825
69.52   163.576   12.7897
69.54   163.369   12.7816
69.56   150.198   12.2555
69.58   153.098   12.3733
69.6   185.755   13.6292
69.62   251.165   15.8482
69.64   330.99   18.1931
69.66   361.617   19.0162
69.68   302.629   17.3962
69.7   212.22   14.5678
69.72   139.719   11.8203
69.74   92.293   9.60693
69.76   63.5629   7.97263
69.78   46.2771   6.80273
69.8   35.3893   5.94889
69.82   28.0595   5.29712
69.84   22.8306   4.77814
69.86   18.9457   4.4
69.88   15.9756   4.4
69.9   13.6538   4.4
69.92   11.8045   4.4
69.94   10.3079   4.4
69.96   9.07963   4.4
69.98   8.0592   4.4
70   7.2022   4.4
