1.54056
5   0   4.4
5.02   0   4.4
5.04   0   4.4
5.06   0   4.4
5.08   0   4.4
5.1   0   4.4
5.12   0   4.4
5.14   0   4.4
5.16   0   4.4
5.18   0   4.4
5.2   0   4.4
5.22   0   4.4
5.24   0   4.4
5.26   0   4.4
5.28   0   4.4
5.3   0   4.4
5.32   0   4.4
5.34   0   4.4
5.36   0   4.4
5.38   0   4.4
5.4   0   4.4
5.42   0   4.4
5.44   0   4.4
5.46   0   4.4
5.48   0   4.4
5.5   0   4.4
5.52   0   4.4
5.54   0   4.4
5.56   0   4.4
5.58   0   4.4
5.6   0   4.4
5.62   0   4.4
5.64   0   4.4
5.66   0   4.4
5.68   0   4.4
5.7   0   4.4
5.72   0   4.4
5.74   0   4.4
5.76   0   4.4
5.78   0   4.4
5.8   0   4.4
5.82   0   4.4
5.84   0   4.4
5.86   0   4.4
5.88   0   4.4
5.9   0   4.4
5.92   0   4.4
5.94   0   4.4
5.96   0   4.4
5.98   0   4.4
6   0   4.4
6.02   0   4.4
6.04   0   4.4
6.06   0   4.4
6.08   0   4.4
6.1   0   4.4
6.12   0   4.4
6.14   0   4.4
6.16   0   4.4
6.18   0   4.4
6.2   0   4.4
6.22   0   4.4
6.24   0   4.4
6.26   0   4.4
6.28   0   4.4
6.3   0   4.4
6.32   0   4.4
6.34   0   4.4
6.36   0   4.4
6.38   0   4.4
6.4   0   4.4
6.42   0   4.4
6.44   0   4.4
6.46   0   4.4
6.48   0   4.4
6.5   0   4.4
6.52   0   4.4
6.54   0   4.4
6.56   0   4.4
6.58   0   4.4
6.6   0   4.4
6.62   0   4.4
6.64   0   4.4
6.66   0   4.4
6.68   0   4.4
6.7   0   4.4
6.72   0   4.4
6.74   0   4.4
6.76   0   4.4
6.78   0   4.4
6.8   0   4.4
6.82   0   4.4
6.84   0   4.4
6.86   0   4.4
6.88   0   4.4
6.9   0   4.4
6.92   0   4.4
6.94   0   4.4
6.96   0   4.4
6.98   0   4.4
7   0   4.4
7.02   0   4.4
7.04   0   4.4
7.06   0   4.4
7.08   0   4.4
7.1   0   4.4
7.12   0   4.4
7.14   0   4.4
7.16   0   4.4
7.18   0   4.4
7.2   0   4.4
7.22   0   4.4
7.24   0   4.4
7.26   0   4.4
7.28   0   4.4
7.3   0   4.4
7.32   0   4.4
7.34   0   4.4
7.36   0   4.4
7.38   0   4.4
7.4   0   4.4
7.42   0   4.4
7.44   0   4.4
7.46   0   4.4
7.48   0   4.4
7.5   0   4.4
7.52   0   4.4
7.54   0   4.4
7.56   0   4.4
7.58   0   4.4
7.6   0   4.4
7.62   0   4.4
7.64   0   4.4
7.66   0   4.4
7.68   0   4.4
7.7   0   4.4
7.72   0   4.4
7.74   0   4.4
7.76   0   4.4
7.78   0   4.4
7.8   0   4.4
7.82   0   4.4
7.84   0   4.4
7.86   0   4.4
7.88   0   4.4
7.9   0   4.4
7.92   0   4.4
7.94   0   4.4
7.96   0   4.4
7.98   0   4.4
8   0   4.4
8.02   0   4.4
8.04   0   4.4
8.06   0   4.4
8.08   0   4.4
8.1   0   4.4
8.12   0   4.4
8.14   0   4.4
8.16   0   4.4
8.18   0   4.4
8.2   0   4.4
8.22   0   4.4
8.24   0   4.4
8.26   0   4.4
8.28   0   4.4
8.3   0   4.4
8.32   0   4.4
8.34   0   4.4
8.36   0   4.4
8.38   0   4.4
8.4   0   4.4
8.42   0   4.4
8.44   0   4.4
8.46   0   4.4
8.48   0   4.4
8.5   0   4.4
8.52   0   4.4
8.54   0   4.4
8.56   0   4.4
8.58   0   4.4
8.6   0   4.4
8.62   0   4.4
8.64   0   4.4
8.66   0   4.4
8.68   0   4.4
8.7   0   4.4
8.72   0   4.4
8.74   0   4.4
8.76   0   4.4
8.78   0   4.4
8.8   0   4.4
8.82   0   4.4
8.84   0   4.4
8.86   0   4.4
8.88   0   4.4
8.9   0   4.4
8.92   0   4.4
8.94   0   4.4
8.96   0   4.4
8.98   0   4.4
9   0   4.4
9.02   0   4.4
9.04   0   4.4
9.06   0   4.4
9.08   0   4.4
9.1   0   4.4
9.12   0   4.4
9.14   0   4.4
9.16   0   4.4
9.18   0   4.4
9.2   0   4.4
9.22   0   4.4
9.24   0   4.4
9.26   0   4.4
9.28   0   4.4
9.3   0   4.4
9.32   0   4.4
9.34   0   4.4
9.36   0   4.4
9.38   0   4.4
9.4   0   4.4
9.42   0   4.4
9.44   0   4.4
9.46   0   4.4
9.48   0   4.4
9.5   0   4.4
9.52   0   4.4
9.54   0   4.4
9.56   0   4.4
9.58   0   4.4
9.6   0   4.4
9.62   0   4.4
9.64   0   4.4
9.66   0   4.4
9.68   0   4.4
9.7   0   4.4
9.72   0   4.4
9.74   0   4.4
9.76   0   4.4
9.78   0   4.4
9.8   0   4.4
9.82   0   4.4
9.84   0   4.4
9.86   0   4.4
9.88   0   4.4
9.9   0   4.4
9.92   0   4.4
9.94   0   4.4
9.96   0   4.4
9.98   0   4.4
10   0   4.4
10.02   0   4.4
10.04   0   4.4
10.06   0   4.4
10.08   0   4.4
10.1   0   4.4
10.12   0   4.4
10.14   0   4.4
10.16   0   4.4
10.18   0   4.4
10.2   0   4.4
10.22   0   4.4
10.24   0   4.4
10.26   0   4.4
10.28   0   4.4
10.3   0   4.4
10.32   0   4.4
10.34   0   4.4
10.36   0   4.4
10.38   0   4.4
10.4   0   4.4
10.42   0   4.4
10.44   0   4.4
10.46   0   4.4
10.48   0   4.4
10.5   0   4.4
10.52   0   4.4
10.54   0   4.4
10.56   0   4.4
10.58   0   4.4
10.6   0   4.4
10.62   0   4.4
10.64   0   4.4
10.66   0   4.4
10.68   0   4.4
10.7   0   4.4
10.72   0   4.4
10.74   0   4.4
10.76   0   4.4
10.78   0   4.4
10.8   0   4.4
10.82   0   4.4
10.84   0   4.4
10.86   0   4.4
10.88   0   4.4
10.9   0   4.4
10.92   0   4.4
10.94   0   4.4
10.96   0   4.4
10.98   0   4.4
11   0   4.4
11.02   0   4.4
11.04   0   4.4
11.06   0   4.4
11.08   0   4.4
11.1   0   4.4
11.12   0   4.4
11.14   0   4.4
11.16   0   4.4
11.18   0   4.4
11.2   0   4.4
11.22   0   4.4
11.24   0   4.4
11.26   0   4.4
11.28   0   4.4
11.3   0   4.4
11.32   0   4.4
11.34   0   4.4
11.36   0   4.4
11.38   0   4.4
11.4   0   4.4
11.42   0   4.4
11.44   0   4.4
11.46   0   4.4
11.48   0   4.4
11.5   0   4.4
11.52   0   4.4
11.54   0   4.4
11.56   0   4.4
11.58   0   4.4
11.6   0   4.4
11.62   0   4.4
11.64   0   4.4
11.66   0   4.4
11.68   0   4.4
11.7   0   4.4
11.72   0   4.4
11.74   0   4.4
11.76   0   4.4
11.78   0   4.4
11.8   0   4.4
11.82   0   4.4
11.84   0   4.4
11.86   0   4.4
11.88   0   4.4
11.9   0   4.4
11.92   0   4.4
11.94   0   4.4
11.96   0   4.4
11.98   0   4.4
12   0   4.4
12.02   0   4.4
12.04   0   4.4
12.06   0   4.4
12.08   0   4.4
12.1   0   4.4
12.12   0   4.4
12.14   0   4.4
12.16   0   4.4
12.18   0   4.4
12.2   0   4.4
12.22   0   4.4
12.24   0   4.4
12.26   0   4.4
12.28   0   4.4
12.3   0   4.4
12.32   0   4.4
12.34   0   4.4
12.36   0   4.4
12.38   0   4.4
12.4   0   4.4
12.42   0   4.4
12.44   0   4.4
12.46   0   4.4
12.48   0   4.4
12.5   0   4.4
12.52   0   4.4
12.54   0   4.4
12.56   0   4.4
12.58   0   4.4
12.6   0   4.4
12.62   0   4.4
12.64   0   4.4
12.66   0   4.4
12.68   0   4.4
12.7   0   4.4
12.72   0   4.4
12.74   0   4.4
12.76   0   4.4
12.78   0   4.4
12.8   0   4.4
12.82   0   4.4
12.84   0   4.4
12.86   0   4.4
12.88   0   4.4
12.9   0   4.4
12.92   0   4.4
12.94   0   4.4
12.96   0   4.4
12.98   0   4.4
13   0   4.4
13.02   0   4.4
13.04   0   4.4
13.06   0   4.4
13.08   0   4.4
13.1   0   4.4
13.12   0   4.4
13.14   0   4.4
13.16   0   4.4
13.18   0   4.4
13.2   0   4.4
13.22   0   4.4
13.24   0   4.4
13.26   0   4.4
13.28   0   4.4
13.3   0   4.4
13.32   0   4.4
13.34   0   4.4
13.36   0   4.4
13.38   0   4.4
13.4   0   4.4
13.42   0   4.4
13.44   0   4.4
13.46   0   4.4
13.48   0   4.4
13.5   0   4.4
13.52   0   4.4
13.54   0   4.4
13.56   0   4.4
13.58   0   4.4
13.6   0   4.4
13.62   0   4.4
13.64   0   4.4
13.66   0   4.4
13.68   0   4.4
13.7   0   4.4
13.72   0   4.4
13.74   0   4.4
13.76   0   4.4
13.78   0   4.4
13.8   0   4.4
13.82   0   4.4
13.84   0   4.4
13.86   0   4.4
13.88   0   4.4
13.9   0   4.4
13.92   0   4.4
13.94   0   4.4
13.96   0   4.4
13.98   0   4.4
14   0   4.4
14.02   0   4.4
14.04   0   4.4
14.06   0   4.4
14.08   0   4.4
14.1   0   4.4
14.12   0   4.4
14.14   0   4.4
14.16   0   4.4
14.18   0   4.4
14.2   0   4.4
14.22   0   4.4
14.24   0   4.4
14.26   0   4.4
14.28   0   4.4
14.3   0   4.4
14.32   0   4.4
14.34   0   4.4
14.36   0   4.4
14.38   0   4.4
14.4   0   4.4
14.42   0   4.4
14.44   0   4.4
14.46   0   4.4
14.48   0   4.4
14.5   0   4.4
14.52   0   4.4
14.54   0   4.4
14.56   0   4.4
14.58   0   4.4
14.6   0   4.4
14.62   0   4.4
14.64   0   4.4
14.66   0   4.4
14.68   0   4.4
14.7   0   4.4
14.72   0   4.4
14.74   0   4.4
14.76   0   4.4
14.78   0   4.4
14.8   0   4.4
14.82   0   4.4
14.84   0   4.4
14.86   0   4.4
14.88   0   4.4
14.9   0   4.4
14.92   0   4.4
14.94   0   4.4
14.96   0   4.4
14.98   0   4.4
15   9.93703   4.4
15.02   10.218   4.4
15.04   10.511   4.4
15.06   10.8169   4.4
15.08   11.1362   4.4
15.1   11.4699   4.4
15.12   11.8189   4.4
15.14   12.1839   4.4
15.16   12.5662   4.4
15.18   12.9667   4.4
15.2   13.3867   4.4
15.22   13.8274   4.4
15.24   14.2902   4.4
15.26   14.7767   4.4
15.28   15.2884   4.4
15.3   15.8271   4.4
15.32   16.3948   4.4
15.34   16.9935   4.4
15.36   17.6257   4.4
15.38   18.2937   4.4
15.4   19.0005   4.4
15.42   19.7489   4.44398
15.44   20.5425   4.53238
15.46   21.3848   4.62437
15.48   22.2799   4.72016
15.5   23.2324   4.82
15.52   24.2473   4.92415
15.54   25.33   5.0329
15.56   26.4869   5.14654
15.58   27.7248   5.26543
15.6   29.0514   5.38993
15.62   30.4754   5.52045
15.64   32.0066   5.65744
15.66   33.656   5.80138
15.68   35.4361   5.95282
15.7   37.361   6.11236
15.72   39.4469   6.28067
15.74   41.7121   6.45849
15.76   44.1778   6.64664
15.78   46.8684   6.84605
15.8   49.812   7.05776
15.82   53.0411   7.28294
15.84   56.5941   7.5229
15.86   60.5154   7.77916
15.88   64.8576   8.05342
15.9   69.6832   8.34765
15.92   75.0663   8.66408
15.94   81.0959   9.00533
15.96   87.8795   9.37441
15.98   95.5476   9.77485
16   104.26   10.2108
16.02   114.216   10.6872
16.04   125.66   11.2098
16.06   138.903   11.7857
16.08   154.342   12.4234
16.1   172.485   13.1333
16.12   193.997   13.9283
16.14   219.758   14.8242
16.16   250.952   15.8415
16.18   289.201   17.0059
16.2   336.768   18.3512
16.22   396.886   19.922
16.24   474.297   21.7784
16.26   576.222   24.0046
16.28   714.368   26.7277
16.3   909.627   30.16
16.32   1202.87   34.6824
16.34   1674.9   40.9255
16.36   2469.17   49.6907
16.38   3790.23   61.5649
16.4   5819.15   76.2834
16.42   8357.37   91.4187
16.44   10000   100
16.46   9030.07   95.0267
16.48   6537.93   80.8574
16.5   4304.57   65.6092
16.52   2789.89   52.8194
16.54   1864.93   43.1849
16.56   1316.95   36.2899
16.58   982.359   31.3426
16.6   764.079   27.642
16.62   612.053   24.7397
16.64   501.063   22.3844
16.66   417.4   20.4304
16.68   352.818   18.7835
16.7   301.981   17.3776
16.72   261.286   16.1643
16.74   228.226   15.1072
16.76   201.02   14.1782
16.78   178.372   13.3556
16.8   159.324   12.6224
16.82   143.156   11.9648
16.84   129.318   11.3718
16.86   117.385   10.8344
16.88   107.024   10.3452
16.9   97.9712   9.89804
16.92   90.0166   9.48771
16.94   82.9898   9.10988
16.96   76.7525   8.76085
16.98   71.1909   8.43747
17   66.2111   8.13702
17.02   61.7349   7.85716
17.04   57.6967   7.59584
17.06   54.0414   7.35128
17.08   50.7221   7.12194
17.1   47.6988   6.90644
17.12   44.9376   6.70355
17.14   42.409   6.51222
17.16   40.0877   6.33148
17.18   37.9515   6.16048
17.2   35.9815   5.99846
17.22   34.1607   5.84472
17.24   32.4746   5.69865
17.26   30.9101   5.55969
17.28   29.4559   5.42733
17.3   28.1019   5.30112
17.32   26.839   5.18064
17.34   25.6593   5.0655
17.36   24.5556   4.95536
17.38   23.5216   4.8499
17.4   22.5514   4.74883
17.42   21.64   4.65189
17.44   20.7828   4.55881
17.46   19.9754   4.46939
17.48   19.2142   4.4
17.5   18.4956   4.4
17.52   17.8166   4.4
17.54   17.1742   4.4
17.56   16.566   4.4
17.58   15.9895   4.4
17.6   15.4425   4.4
17.62   14.9231   4.4
17.64   14.4295   4.4
17.66   13.96   4.4
17.68   13.513   4.4
17.7   13.0871   4.4
17.72   12.681   4.4
17.74   12.2935   4.4
17.76   11.9236   4.4
17.78   11.57   4.4
17.8   11.232   4.4
17.82   10.9085   4.4
17.84   10.5988   4.4
17.86   10.3021   4.4
17.88   10.0177   4.4
17.9   9.74491   4.4
17.92   0   4.4
17.94   0   4.4
17.96   0   4.4
17.98   0   4.4
18   0   4.4
18.02   0   4.4
18.04   0   4.4
18.06   0   4.4
18.08   0   4.4
18.1   0   4.4
18.12   0   4.4
18.14   0   4.4
18.16   0   4.4
18.18   0   4.4
18.2   0   4.4
18.22   0   4.4
18.24   0   4.4
18.26   0   4.4
18.28   0   4.4
18.3   0   4.4
18.32   0   4.4
18.34   0   4.4
18.36   0   4.4
18.38   0   4.4
18.4   0   4.4
18.42   0   4.4
18.44   0   4.4
18.46   0   4.4
18.48   0   4.4
18.5   0   4.4
18.52   0   4.4
18.54   0   4.4
18.56   0   4.4
18.58   0   4.4
18.6   0   4.4
18.62   0   4.4
18.64   0   4.4
18.66   0   4.4
18.68   0   4.4
18.7   0   4.4
18.72   0   4.4
18.74   0   4.4
18.76   0   4.4
18.78   0   4.4
18.8   0   4.4
18.82   0   4.4
18.84   0   4.4
18.86   0   4.4
18.88   0   4.4
18.9   0   4.4
18.92   0   4.4
18.94   0   4.4
18.96   0   4.4
18.98   0   4.4
19   0   4.4
19.02   0   4.4
19.04   0   4.4
19.06   0   4.4
19.08   0   4.4
19.1   0   4.4
19.12   0   4.4
19.14   0   4.4
19.16   0   4.4
19.18   0   4.4
19.2   0   4.4
19.22   0   4.4
19.24   0   4.4
19.26   0   4.4
19.28   0   4.4
19.3   0   4.4
19.32   0   4.4
19.34   0   4.4
19.36   0   4.4
19.38   0   4.4
19.4   0   4.4
19.42   0   4.4
19.44   0   4.4
19.46   0   4.4
19.48   0   4.4
19.5   0   4.4
19.52   0   4.4
19.54   0   4.4
19.56   0   4.4
19.58   0   4.4
19.6   0   4.4
19.62   0   4.4
19.64   0   4.4
19.66   0   4.4
19.68   0   4.4
19.7   0   4.4
19.72   0   4.4
19.74   0   4.4
19.76   0   4.4
19.78   0   4.4
19.8   0   4.4
19.82   0   4.4
19.84   0   4.4
19.86   0   4.4
19.88   0   4.4
19.9   0   4.4
19.92   0   4.4
19.94   0   4.4
19.96   0   4.4
19.98   0   4.4
20   0   4.4
20.02   0   4.4
20.04   0   4.4
20.06   0   4.4
20.08   0   4.4
20.1   0   4.4
20.12   0   4.4
20.14   0   4.4
20.16   0   4.4
20.18   0   4.4
20.2   0   4.4
20.22   0   4.4
20.24   0   4.4
20.26   0   4.4
20.28   0   4.4
20.3   0   4.4
20.32   0   4.4
20.34   0   4.4
20.36   0   4.4
20.38   0   4.4
20.4   0   4.4
20.42   0   4.4
20.44   0   4.4
20.46   0   4.4
20.48   0   4.4
20.5   0   4.4
20.52   0   4.4
20.54   0   4.4
20.56   0   4.4
20.58   0   4.4
20.6   0   4.4
20.62   0   4.4
20.64   0   4.4
20.66   0   4.4
20.68   0   4.4
20.7   0   4.4
20.72   0   4.4
20.74   0   4.4
20.76   0   4.4
20.78   0   4.4
20.8   0   4.4
20.82   0   4.4
20.84   0   4.4
20.86   0   4.4
20.88   0   4.4
20.9   0   4.4
20.92   0   4.4
20.94   0   4.4
20.96   0   4.4
20.98   0   4.4
21   0   4.4
21.02   0   4.4
21.04   0   4.4
21.06   0   4.4
21.08   0   4.4
21.1   0   4.4
21.12   0   4.4
21.14   0   4.4
21.16   0   4.4
21.18   0   4.4
21.2   0   4.4
21.22   0   4.4
21.24   0   4.4
21.26   0   4.4
21.28   0   4.4
21.3   0   4.4
21.32   0   4.4
21.34   0   4.4
21.36   0   4.4
21.38   0   4.4
21.4   0   4.4
21.42   0   4.4
21.44   0   4.4
21.46   0   4.4
21.48   0   4.4
21.5   0   4.4
21.52   0   4.4
21.54   0   4.4
21.56   0   4.4
21.58   0   4.4
21.6   0   4.4
21.62   0   4.4
21.64   0   4.4
21.66   0.470804   4.4
21.68   0.48414   4.4
21.7   0.498049   4.4
21.72   0.512567   4.4
21.74   0.527729   4.4
21.76   0.543573   4.4
21.78   0.560142   4.4
21.8   0.577479   4.4
21.82   0.595633   4.4
21.84   0.614656   4.4
21.86   0.634606   4.4
21.88   0.655541   4.4
21.9   0.67753   4.4
21.92   0.700643   4.4
21.94   0.724958   4.4
21.96   0.750561   4.4
21.98   0.777543   4.4
22   0.806006   4.4
22.02   0.83606   4.4
22.04   0.867825   4.4
22.06   0.901435   4.4
22.08   0.937033   4.4
22.1   2.0989   4.4
22.12   2.17022   4.4
22.14   2.24537   4.4
22.16   2.32466   4.4
22.18   2.4084   4.4
22.2   2.49695   4.4
22.22   2.59069   4.4
22.24   2.69005   4.4
22.26   2.79552   4.4
22.28   2.90763   4.4
22.3   3.02697   4.4
22.32   3.1542   4.4
22.34   3.29007   4.4
22.36   3.43542   4.4
22.38   3.59119   4.4
22.4   3.75846   4.4
22.42   3.93845   4.4
22.44   4.13255   4.4
22.46   4.34235   4.4
22.48   4.5697   4.4
22.5   4.81671   4.4
22.52   5.08586   4.4
22.54   5.38003   4.4
22.56   5.7026   4.4
22.58   6.0576   4.4
22.6   6.44978   4.4
22.62   6.88487   4.4
22.64   7.36975   4.4
22.66   7.91282   4.4
22.68   8.52439   4.4
22.7   9.21722   4.4
22.72   10.0073   4.4
22.74   10.9149   4.4
22.76   11.966   4.4
22.78   13.1943   4.4
22.8   14.6444   4.4
22.82   16.376   4.4
22.84   18.4707   4.4
22.86   21.0423   4.58719
22.88   24.2531   4.92475
22.9   28.3416   5.32368
22.92   33.672   5.80276
22.94   40.8394   6.39057
22.96   50.9181   7.1357
22.98   66.0216   8.12537
23   90.2941   9.50232
23.02   130.933   11.4426
23.04   197.817   14.0648
23.06   298.619   17.2806
23.08   419.097   20.4719
23.1   484.578   22.0131
23.12   424.984   20.6151
23.14   306.671   17.512
23.16   206.63   14.3746
23.18   140.703   11.8618
23.2   101.579   10.0787
23.22   79.3958   8.91043
23.24   66.9141   8.1801
23.26   59.9954   7.74567
23.28   56.606   7.52369
23.3   55.8265   7.47171
23.32   57.2985   7.56958
23.34   61.0031   7.81045
23.36   67.2081   8.19805
23.38   76.516   8.74734
23.4   90.0318   9.48851
23.42   109.798   10.4784
23.44   139.84   11.8254
23.46   188.255   13.7206
23.48   269.967   16.4307
23.5   407.614   20.1895
23.52   624.866   24.9973
23.54   915.571   30.2584
23.56   1154.11   33.9722
23.58   1111.9   33.3452
23.6   837.246   28.9352
23.62   559.366   23.6509
23.64   363.073   19.0545
23.66   241.175   15.5298
23.68   168.8   12.9923
23.7   125.042   11.1822
23.72   96.9043   9.844
23.74   77.5311   8.80518
23.76   63.4863   7.96783
23.78   52.9432   7.27621
23.8   44.8257   6.6952
23.82   38.4466   6.20053
23.84   33.3451   5.77452
23.86   29.2028   5.40396
23.88   25.7939   5.07877
23.9   22.9551   4.79115
23.92   20.5658   4.53495
23.94   18.5357   4.4
23.96   16.7962   4.4
23.98   15.294   4.4
24   13.9876   4.4
24.02   12.8444   4.4
24.04   11.8379   4.4
24.06   10.9472   4.4
24.08   10.155   4.4
24.1   9.44722   4.4
24.12   8.81213   4.4
24.14   8.24006   4.4
24.16   7.72287   4.4
24.18   7.25369   4.4
24.2   6.82671   4.4
24.22   6.43697   4.4
24.24   6.08022   4.4
24.26   5.75281   4.4
24.28   5.45157   4.4
24.3   5.17377   4.4
24.32   4.91701   4.4
24.34   4.67919   4.4
24.36   4.45849   4.4
24.38   4.25327   4.4
24.4   4.06212   4.4
24.42   3.88376   4.4
24.44   3.71707   4.4
24.46   3.56103   4.4
24.48   3.41476   4.4
24.5   3.27745   4.4
24.52   7.05691   4.4
24.54   7.0448   4.4
24.56   6.58586   4.4
24.58   6.60907   4.4
24.6   6.64299   4.4
24.62   6.68751   4.4
24.64   6.74259   4.4
24.66   6.80824   4.4
24.68   6.88454   4.4
24.7   6.97162   4.4
24.72   7.06967   4.4
24.74   7.17894   4.4
24.76   7.29973   4.4
24.78   7.43242   4.4
24.8   7.57744   4.4
24.82   7.73528   4.4
24.84   14.2342   4.4
24.86   14.5972   4.4
24.88   14.9826   4.4
24.9   15.3916   4.4
24.92   15.8257   4.4
24.94   16.2863   4.4
24.96   16.7753   4.4
24.98   17.2944   4.4
25   17.8457   4.4
25.02   18.4315   4.4
25.04   17.9379   4.4
25.06   18.6302   4.4
25.08   19.3643   4.40048
25.1   20.1435   4.48815
25.12   20.9719   4.57951
25.14   21.8537   4.67479
25.16   22.7936   4.77427
25.18   23.7972   4.87823
25.2   24.8702   4.98701
25.22   26.0196   5.10094
25.24   27.2529   5.22043
25.26   28.5786   5.34589
25.28   30.0065   5.47782
25.3   31.5477   5.61674
25.32   33.2149   5.76323
25.34   35.0225   5.91798
25.36   36.9874   6.08172
25.38   39.1288   6.2553
25.4   41.4693   6.43966
25.42   44.0352   6.6359
25.44   46.8575   6.84525
25.46   49.9727   7.06914
25.48   53.4244   7.3092
25.5   57.2647   7.56734
25.52   61.5565   7.8458
25.54   66.3765   8.14718
25.56   71.8186   8.47459
25.58   77.9992   8.83172
25.6   85.0641   9.22302
25.62   93.1977   9.6539
25.64   102.637   10.131
25.66   113.688   10.6624
25.68   126.757   11.2586
25.7   142.386   11.9326
25.72   161.32   12.7012
25.74   184.592   13.5865
25.76   213.685   14.618
25.78   250.774   15.8358
25.8   299.205   17.2975
25.82   364.498   19.0918
25.84   456.745   21.3716
25.86   595.894   24.4109
25.88   820.6   28.6461
25.9   1196.19   34.5859
25.92   1808.14   42.5223
25.94   2710.25   52.0601
25.96   3726.05   61.0414
25.98   4149.42   64.416
26   3523.74   59.3611
26.02   2527.08   50.2701
26.04   1735.1   41.6545
26.06   1234.84   35.1403
26.08   957.157   30.938
26.1   823.445   28.6957
26.12   781.563   27.9564
26.14   808.784   28.4391
26.16   907.482   30.1244
26.18   1107.06   33.2725
26.2   1474.6   38.4005
26.22   2122.59   46.0716
26.24   3186.22   56.4467
26.26   4702.95   68.5781
26.28   6201.04   78.7467
26.3   6414.66   80.0916
26.32   5084.63   71.3066
26.34   3472.39   58.927
26.36   2266.84   47.6113
26.38   1500.32   38.734
26.4   1041.87   32.2781
26.42   766.525   27.6862
26.44   591.854   24.3281
26.46   473.008   21.7487
26.48   387.451   19.6838
26.5   323.451   17.9847
26.52   274.259   16.5608
26.54   235.629   15.3502
26.56   204.739   14.3087
26.58   179.647   13.4033
26.6   158.982   12.6088
26.62   141.756   11.9061
26.64   127.239   11.28
26.66   114.889   10.7186
26.68   104.29   10.2122
26.7   95.123   9.7531
26.72   87.1388   9.33481
26.74   80.14   8.95209
26.76   73.969   8.60052
26.78   68.4988   8.2764
26.8   63.6259   7.97658
26.82   59.2653   7.6984
26.84   55.3468   7.43954
26.86   51.8119   7.19805
26.88   48.6114   6.97219
26.9   45.704   6.76047
26.92   43.0545   6.56159
26.94   40.6329   6.3744
26.96   38.4135   6.19787
26.98   36.3742   6.0311
27   34.4956   5.8733
27.02   32.7613   5.72375
27.04   31.1565   5.5818
27.06   29.6686   5.44689
27.08   28.2864   5.31849
27.1   26.9999   5.19615
27.12   25.8005   5.07942
27.14   24.6804   4.96793
27.16   23.6326   4.86134
27.18   22.651   4.75931
27.2   21.7301   4.66156
27.22   20.865   4.56782
27.24   20.0511   4.47784
27.26   19.2845   4.4
27.28   18.5615   4.4
27.3   17.8789   4.4
27.32   17.2336   4.4
27.34   16.6231   4.4
27.36   16.0448   4.4
27.38   15.4964   4.4
27.4   14.976   4.4
27.42   14.4816   4.4
27.44   10.13   4.4
27.46   9.78659   4.4
27.48   9.46031   4.4
27.5   9.15006   4.4
27.52   8.85481   4.4
27.54   8.57363   4.4
27.56   8.30562   4.4
27.58   8.04998   4.4
27.6   7.80595   4.4
27.62   7.57285   4.4
27.64   7.35004   4.4
27.66   7.13691   4.4
27.68   6.93291   4.4
27.7   6.73754   4.4
27.72   6.5503   4.4
27.74   6.37076   4.4
27.76   6.1985   4.4
27.78   0   4.4
27.8   0   4.4
27.82   0   4.4
27.84   0   4.4
27.86   0   4.4
27.88   0   4.4
27.9   0   4.4
27.92   0   4.4
27.94   0   4.4
27.96   0   4.4
27.98   0   4.4
28   0   4.4
28.02   0   4.4
28.04   0   4.4
28.06   0   4.4
28.08   0   4.4
28.1   0   4.4
28.12   0   4.4
28.14   0   4.4
28.16   0   4.4
28.18   0   4.4
28.2   0   4.4
28.22   0   4.4
28.24   0   4.4
28.26   0   4.4
28.28   0   4.4
28.3   0   4.4
28.32   0   4.4
28.34   0   4.4
28.36   0   4.4
28.38   0   4.4
28.4   0   4.4
28.42   0   4.4
28.44   0   4.4
28.46   0   4.4
28.48   0   4.4
28.5   0   4.4
28.52   0   4.4
28.54   0   4.4
28.56   0   4.4
28.58   0   4.4
28.6   0   4.4
28.62   0   4.4
28.64   0   4.4
28.66   0   4.4
28.68   0   4.4
28.7   0   4.4
28.72   0   4.4
28.74   0   4.4
28.76   0   4.4
28.78   0   4.4
28.8   0   4.4
28.82   0   4.4
28.84   0   4.4
28.86   0   4.4
28.88   0   4.4
28.9   0   4.4
28.92   0   4.4
28.94   0   4.4
28.96   0   4.4
28.98   0   4.4
29   0   4.4
29.02   0   4.4
29.04   0   4.4
29.06   0   4.4
29.08   0   4.4
29.1   0   4.4
29.12   0   4.4
29.14   0   4.4
29.16   0   4.4
29.18   0   4.4
29.2   0   4.4
29.22   0   4.4
29.24   0   4.4
29.26   0   4.4
29.28   0   4.4
29.3   0   4.4
29.32   0   4.4
29.34   0   4.4
29.36   0   4.4
29.38   0   4.4
29.4   0   4.4
29.42   0   4.4
29.44   0   4.4
29.46   0   4.4
29.48   0.562401   4.4
29.5   0.578015   4.4
29.52   0.594287   4.4
29.54   0.611256   4.4
29.56   0.628962   4.4
29.58   0.647448   4.4
29.6   0.666762   4.4
29.62   0.686951   4.4
29.64   0.708072   4.4
29.66   0.730181   4.4
29.68   0.753342   4.4
29.7   0.777621   4.4
29.72   0.803093   4.4
29.74   0.829837   4.4
29.76   0.857938   4.4
29.78   0.88749   4.4
29.8   0.918595   4.4
29.82   0.951364   4.4
29.84   0.985916   4.4
29.86   1.02238   4.4
29.88   1.06091   4.4
29.9   1.10166   4.4
29.92   1.14479   4.4
29.94   1.19051   4.4
29.96   1.23902   4.4
29.98   1.29056   4.4
30   1.34537   4.4
30.02   1.40375   4.4
30.04   1.46601   4.4
30.06   1.5325   4.4
30.08   1.60362   4.4
30.1   1.67979   4.4
30.12   1.76152   4.4
30.14   1.84935   4.4
30.16   1.94391   4.4
30.18   2.04591   4.4
30.2   2.15613   4.4
30.22   2.27549   4.4
30.24   2.40502   4.4
30.26   2.54592   4.4
30.28   2.69955   4.4
30.3   2.86749   4.4
30.32   3.05157   4.4
30.34   3.25391   4.4
30.36   3.47702   4.4
30.38   3.72382   4.4
30.4   3.99779   4.4
30.42   4.30304   4.4
30.44   4.64452   4.4
30.46   5.02816   4.4
30.48   5.46119   4.4
30.5   5.9524   4.4
30.52   6.51268   4.4
30.54   7.15551   4.4
30.56   7.89787   4.4
30.58   8.76126   4.4
30.6   9.77329   4.4
30.62   10.9699   4.4
30.64   12.3983   4.4
30.66   14.1218   4.4
30.68   16.2267   4.4
30.7   18.8326   4.4
30.72   22.1091   4.70203
30.74   26.3026   5.12861
30.76   31.7838   5.63771
30.78   39.1396   6.25617
30.8   49.3848   7.02743
30.82   64.4592   8.02865
30.84   88.2328   9.39323
30.86   127.893   11.309
30.88   194.542   13.9478
30.9   300.322   17.3298
30.92   444.531   21.0839
30.94   570.821   23.8919
30.96   562.878   23.7251
30.98   429.905   20.7341
31   288.287   16.979
31.02   186.63   13.6612
31.04   123.125   11.0962
31.06   85.4111   9.24181
31.08   62.7199   7.91959
31.1   48.2351   6.94515
31.12   38.3305   6.19116
31.14   31.189   5.58471
31.16   25.8521   5.0845
31.18   21.7601   4.66477
31.2   18.5571   4.4
31.22   16.0056   4.4
31.24   13.9417   4.4
31.26   12.2498   4.4
31.28   10.846   4.4
31.3   9.66897   4.4
31.32   8.67259   4.4
31.34   7.82188   4.4
31.36   7.08991   4.4
31.38   6.45566   4.4
31.4   5.90254   4.4
31.42   5.41733   4.4
31.44   4.98939   4.4
31.46   4.61008   4.4
31.48   4.27231   4.4
31.5   3.97025   4.4
31.52   3.69906   4.4
31.54   3.45467   4.4
31.56   3.23367   4.4
31.58   3.03318   4.4
31.6   2.85073   4.4
31.62   2.68424   4.4
31.64   2.5319   4.4
31.66   2.39214   4.4
31.68   2.26363   4.4
31.7   2.14519   4.4
31.72   2.03579   4.4
31.74   1.93454   4.4
31.76   1.84066   4.4
31.78   5.81413   4.4
31.8   5.84663   4.4
31.82   5.88947   4.4
31.84   5.94244   4.4
31.86   6.00541   4.4
31.88   6.07831   4.4
31.9   6.16114   4.4
31.92   6.25396   4.4
31.94   6.35689   4.4
31.96   6.4701   4.4
31.98   6.59383   4.4
32   6.72838   4.4
32.02   6.87411   4.4
32.04   7.03142   4.4
32.06   7.20082   4.4
32.08   7.38285   4.4
32.1   7.57813   4.4
32.12   7.78739   4.4
32.14   8.0114   4.4
32.16   8.25107   4.4
32.18   8.50737   4.4
32.2   8.78141   4.4
32.22   9.07441   4.4
32.24   9.38774   4.4
32.26   9.7229   4.4
32.28   10.0816   4.4
32.3   10.4657   4.4
32.32   10.8773   4.4
32.34   11.3187   4.4
32.36   11.7926   4.4
32.38   12.3018   4.4
32.4   12.8497   4.4
32.42   13.44   4.4
32.44   13.5309   4.4
32.46   14.2333   4.4
32.48   14.9919   4.4
32.5   15.8126   4.4
32.52   16.7026   4.4
32.54   17.6696   4.4
32.56   18.723   4.4
32.58   19.8734   4.45795
32.6   21.1328   4.59704
32.62   22.5156   4.74506
32.64   24.0383   4.90289
32.66   25.7205   5.07154
32.68   27.5851   5.25215
32.7   29.6595   5.44605
32.72   31.9762   5.65475
32.74   34.5743   5.87999
32.76   37.5012   6.12382
32.78   40.8145   6.38863
32.8   44.5851   6.67721
32.82   48.9006   6.99289
32.84   53.8707   7.33967
32.86   59.6341   7.72231
32.88   66.3677   8.14663
32.9   74.3003   8.61976
32.92   83.7318   9.15051
32.94   95.0609   9.74992
32.96   108.827   10.432
32.98   125.771   11.2148
33   146.937   12.1218
33.02   173.824   13.1842
33.04   208.651   14.4448
33.06   254.849   15.964
33.08   318.117   17.8358
33.1   408.937   20.2222
33.12   548.111   23.4118
33.14   775.989   27.8566
33.16   1160.63   34.068
33.18   1790.68   42.3164
33.2   2720.27   52.1563
33.22   3759.58   61.3154
33.24   4168.22   64.5617
33.26   3487.16   59.0522
33.28   2429.24   49.2873
33.3   1582.43   39.7798
33.32   1030.78   32.1058
33.34   699.053   26.4396
33.36   501.924   22.4037
33.38   379.491   19.4805
33.4   297.991   17.2624
33.42   240.342   15.503
33.44   197.814   14.0647
33.46   165.518   12.8654
33.48   140.439   11.8507
33.5   120.597   10.9817
33.52   104.643   10.2295
33.54   91.6323   9.57247
33.56   80.8881   8.99378
33.58   71.9166   8.48036
33.6   64.3504   8.02187
33.62   57.9122   7.61001
33.64   52.3895   7.23806
33.66   47.6174   6.90054
33.68   43.4663   6.5929
33.7   39.8333   6.31136
33.72   36.636   6.05276
33.74   33.8075   5.81442
33.76   31.2935   5.59406
33.78   29.0491   5.38972
33.8   31.7417   5.63398
33.82   30.0645   5.48311
33.84   28.5685   5.34495
33.86   27.2322   5.21844
33.88   26.0372   5.10267
33.9   24.9682   4.99682
33.92   24.0119   4.9002
33.94   23.1571   4.81218
33.96   22.3939   4.73222
33.98   21.7142   4.65985
34   21.1109   4.59466
34.02   20.5778   4.53627
34.04   20.1096   4.48438
34.06   19.702   4.43869
34.08   19.351   4.4
34.1   19.0535   4.4
34.12   18.8067   4.4
34.14   18.6084   4.4
34.16   18.4569   4.4
34.18   18.3508   4.4
34.2   18.2891   4.4
34.22   18.271   4.4
34.24   18.2965   4.4
34.26   18.3654   4.4
34.28   18.4782   4.4
34.3   18.6357   4.4
34.32   18.8389   4.4
34.34   19.0894   4.4
34.36   19.3891   4.4033
34.38   19.7402   4.44299
34.4   20.1456   4.48838
34.42   20.6086   4.53967
34.44   21.1332   4.59708
34.46   21.7238   4.66088
34.48   22.3858   4.73137
34.5   23.1255   4.80889
34.52   23.9498   4.89386
34.54   24.8672   4.9867
34.56   25.8873   5.08796
34.58   27.0212   5.19819
34.6   28.282   5.31809
34.62   29.685   5.44839
34.64   31.2479   5.58999
34.66   32.9919   5.74386
34.68   34.9418   5.91116
34.7   33.0977   5.75306
34.72   35.6616   5.97173
34.74   38.5342   6.20759
34.76   41.767   6.46274
34.78   45.4227   6.73964
34.8   49.5781   7.04117
34.82   54.3279   7.37074
34.84   59.7906   7.73244
34.86   66.1154   8.13114
34.88   73.4925   8.57278
34.9   82.1671   9.06461
34.92   92.4594   9.61558
34.94   104.794   10.2369
34.96   119.743   10.9427
34.98   138.089   11.7511
35   160.93   12.6858
35.02   189.833   13.778
35.04   227.105   15.07
35.06   276.266   16.6213
35.08   343.063   18.522
35.1   437.823   20.9242
35.12   580.84   24.1006
35.14   812.08   28.497
35.16   1201.66   34.665
35.18   1847.52   42.9827
35.2   2830.55   53.2029
35.22   4030.61   63.4871
35.24   4736.29   68.8207
35.26   4193.64   64.7584
35.28   3004.39   54.8123
35.3   1971.8   44.4049
35.32   1279.13   35.7649
35.34   857.969   29.2911
35.36   608.389   24.6655
35.38   455.389   21.3398
35.4   355.071   18.8433
35.42   284.923   16.8796
35.44   233.571   15.283
35.46   194.79   13.9567
35.48   164.808   12.8378
35.5   141.177   11.8818
35.52   122.919   11.0869
35.54   107.539   10.3701
35.56   94.8749   9.74038
35.58   84.3286   9.18306
35.6   75.4568   8.68658
35.62   67.9257   8.2417
35.64   61.4805   7.84095
35.66   55.924   7.47824
35.68   51.1016   7.14854
35.7   46.8909   6.84769
35.72   43.194   6.57221
35.74   39.9317   6.31915
35.76   37.0396   6.08602
35.78   34.465   5.87069
35.8   32.164   5.67133
35.82   30.1003   5.48638
35.84   28.2435   5.31446
35.86   26.5679   5.1544
35.88   25.0517   5.00517
35.9   23.6766   4.86586
35.92   22.4267   4.73568
35.94   21.2884   4.61394
35.96   20.2502   4.50002
35.98   19.3019   4.4
36   18.4349   4.4
36.02   17.6415   4.4
36.04   16.9152   4.4
36.06   16.2503   4.4
36.08   15.6418   4.4
36.1   15.0854   4.4
36.12   14.5774   4.4
36.14   14.1146   4.4
36.16   13.6941   4.4
36.18   13.3137   4.4
36.2   12.9714   4.4
36.22   12.6657   4.4
36.24   12.3952   4.4
36.26   12.1593   4.4
36.28   11.9572   4.4
36.3   11.7889   4.4
36.32   11.6545   4.4
36.34   11.5546   4.4
36.36   11.4901   4.4
36.38   11.4625   4.4
36.4   11.4737   4.4
36.42   11.5265   4.4
36.44   11.6239   4.4
36.46   11.7704   4.4
36.48   11.9709   4.4
36.5   12.232   4.4
36.52   12.5618   4.4
36.54   12.9702   4.4
36.56   13.4696   4.4
36.58   14.0758   4.4
36.6   14.8087   4.4
36.62   15.6935   4.4
36.64   16.7628   4.4
36.66   18.0592   4.4
36.68   19.6388   4.43157
36.7   16.9812   4.4
36.72   19.5033   4.41625
36.74   22.6234   4.75641
36.76   26.5432   5.15201
36.78   31.5554   5.61742
36.8   38.0992   6.17245
36.82   46.8679   6.84601
36.84   59.0539   7.68465
36.86   76.9272   8.77082
36.88   105.018   10.2478
36.9   151.792   12.3204
36.92   230.483   15.1817
36.94   355.942   18.8664
36.96   528.95   22.9989
36.98   686.2   26.1954
37   686.532   26.2017
37.02   529.56   23.0122
37.04   356.445   18.8797
37.06   230.814   15.1926
37.08   151.991   12.3285
37.1   105.136   10.2536
37.12   77   8.77496
37.14   59.1021   7.68779
37.16   46.9019   6.84849
37.18   38.1242   6.17448
37.2   31.5745   5.61912
37.22   26.5581   5.15345
37.24   22.6352   4.75765
37.26   19.5129   4.41734
37.28   16.9891   4.4
37.3   14.9214   4.4
37.32   13.2069   4.4
37.34   11.7701   4.4
37.36   10.5543   4.4
37.38   9.51682   4.4
37.4   8.62452   4.4
37.42   7.85168   4.4
37.44   7.17806   4.4
37.46   6.58751   4.4
37.48   6.06714   4.4
37.5   5.6066   4.4
37.52   5.56907   4.4
37.54   5.21556   4.4
37.56   4.90202   4.4
37.58   4.62277   4.4
37.6   4.36951   4.4
37.62   4.13473   4.4
37.64   3.91909   4.4
37.66   3.72444   4.4
37.68   3.54956   4.4
37.7   3.39218   4.4
37.72   3.25014   4.4
37.74   3.12166   4.4
37.76   3.00527   4.4
37.78   2.89984   4.4
37.8   4.08877   4.4
37.82   4.03822   4.4
37.84   3.99764   4.4
37.86   3.96653   4.4
37.88   3.94445   4.4
37.9   3.93107   4.4
37.92   3.92612   4.4
37.94   3.92938   4.4
37.96   3.94074   4.4
37.98   3.9601   4.4
38   3.98746   4.4
38.02   4.02284   4.4
38.04   4.06634   4.4
38.06   4.11812   4.4
38.08   4.17838   4.4
38.1   4.2474   4.4
38.12   4.32552   4.4
38.14   4.41313   4.4
38.16   4.51072   4.4
38.18   4.61886   4.4
38.2   4.73819   4.4
38.22   4.86948   4.4
38.24   5.01359   4.4
38.26   5.17152   4.4
38.28   5.34441   4.4
38.3   5.53357   4.4
38.32   5.74052   4.4
38.34   5.96699   4.4
38.36   6.21497   4.4
38.38   6.48678   4.4
38.4   6.78512   4.4
38.42   7.1131   4.4
38.44   7.47439   4.4
38.46   7.87331   4.4
38.48   7.65314   4.4
38.5   8.16099   4.4
38.52   8.72426   4.4
38.54   9.3518   4.4
38.56   10.0544   4.4
38.58   10.8452   4.4
38.6   11.7408   4.4
38.62   12.7617   4.4
38.64   13.9343   4.4
38.66   15.2924   4.4
38.68   16.8806   4.4
38.7   18.7581   4.4
38.72   21.0053   4.58316
38.74   23.7344   4.8718
38.76   27.1047   5.20622
38.78   31.3509   5.59919
38.8   36.8353   6.06921
38.82   44.1642   6.64561
38.84   54.4636   7.37995
38.86   69.9604   8.36423
38.88   94.8653   9.73988
38.9   135.96   11.6602
38.92   201.372   14.1906
38.94   293.73   17.1386
38.96   386.44   19.6581
38.98   405.701   20.142
39   334.156   18.2799
39.02   245.773   15.6771
39.04   182.51   13.5096
39.06   147.279   12.1359
39.08   133.347   11.5476
39.1   134.78   11.6095
39.12   149.219   12.2155
39.14   178.884   13.3748
39.16   232.156   15.2367
39.18   326.021   18.0561
39.2   486.409   22.0547
39.22   739.413   27.1922
39.24   1072.62   32.7509
39.26   1329.32   36.4599
39.28   1255.07   35.427
39.3   933.781   30.5578
39.32   621.675   24.9334
39.34   404.035   20.1006
39.36   269.517   16.417
39.38   194.526   13.9472
39.4   146.154   12.0894
39.42   114.911   10.7197
39.44   93.3344   9.66097
39.46   77.6777   8.8135
39.48   65.935   8.12004
39.5   56.9161   7.54427
39.52   49.8573   7.06097
39.54   44.2453   6.65172
39.56   39.7244   6.30273
39.58   37.1645   6.09627
39.6   34.1692   5.84544
39.62   31.6959   5.62991
39.64   29.6438   5.44461
39.66   27.9358   5.28544
39.68   26.513   5.14908
39.7   25.3293   5.03282
39.72   24.3485   4.93442
39.74   23.5421   4.85202
39.76   22.8874   4.78407
39.78   22.3661   4.72928
39.8   21.9637   4.68655
39.82   21.6687   4.65497
39.84   21.4719   4.63377
39.86   21.3659   4.62233
39.88   21.3454   4.62011
39.9   21.4061   4.62667
39.92   21.5453   4.64169
39.94   21.7611   4.66488
39.96   22.0528   4.69605
39.98   22.4209   4.73507
40   22.8664   4.78188
40.02   23.3914   4.83647
40.04   23.9992   4.8989
40.06   24.6937   4.96928
40.08   25.4802   5.04779
40.1   26.3649   5.13467
40.12   27.3554   5.23024
40.14   28.4608   5.33487
40.16   29.6918   5.44902
40.18   31.061   5.57324
40.2   32.5833   5.70818
40.22   34.2762   5.85459
40.24   36.1602   6.01333
40.26   38.2597   6.18544
40.28   40.6036   6.3721
40.3   43.2263   6.57467
40.32   46.1689   6.79477
40.34   49.4807   7.03425
40.36   53.2218   7.29533
40.38   57.465   7.58057
40.4   62.2999   7.89303
40.42   67.8375   8.23635
40.44   74.2163   8.61489
40.46   81.2567   9.01425
40.48   89.9004   9.48158
40.5   100.072   10.0036
40.52   112.148   10.59
40.54   126.632   11.2531
40.56   144.2   12.0084
40.58   165.788   12.8759
40.6   192.705   13.8818
40.62   226.838   15.0611
40.64   270.983   16.4616
40.66   329.475   18.1514
40.68   409.562   20.2376
40.7   524.669   22.9057
40.72   701.48   26.4855
40.74   990.022   31.4646
40.76   1477.85   38.4428
40.78   2270.76   47.6525
40.8   3422.49   58.5021
40.82   4656.1   68.2356
40.84   5038.26   70.9807
40.86   4144.21   64.3755
40.88   2893.46   53.7909
40.9   1929.63   43.9276
40.92   1326.01   36.4145
40.94   995.251   31.5476
40.96   851.803   29.1857
40.98   849.498   29.1461
41   973.57   31.2021
41.02   1197.52   34.6053
41.04   1383.24   37.1919
41.06   1298.11   36.0293
41.08   993.101   31.5135
41.1   693.769   26.3395
41.12   480.709   21.9251
41.14   347.725   18.6474
41.16   263.703   16.239
41.18   210.031   14.4925
41.2   173.432   13.1694
41.22   146.82   12.1169
41.24   126.556   11.2497
41.26   110.643   10.5187
41.28   97.8652   9.89268
41.3   87.4208   9.34991
41.32   78.7576   8.87455
41.34   71.4818   8.45469
41.36   65.3062   8.08122
41.38   60.0167   7.74704
41.4   55.4508   7.44653
41.42   51.4832   7.17518
41.44   48.0157   6.92934
41.46   44.9705   6.706
41.48   42.4431   6.51484
41.5   40.0716   6.33022
41.52   37.9686   6.16186
41.54   36.0999   6.00832
41.56   34.4377   5.86837
41.58   32.9585   5.74095
41.6   31.6428   5.62519
41.62   30.4742   5.52034
41.64   29.439   5.42577
41.66   28.5257   5.34094
41.68   27.7247   5.26542
41.7   27.028   5.19885
41.72   26.4291   5.14092
41.74   25.9227   5.09143
41.76   25.5046   5.05021
41.78   25.1718   5.01715
41.8   24.9222   4.99222
41.82   24.7546   4.9754
41.84   24.6689   4.96678
41.86   24.6657   4.96646
41.88   24.7468   4.97462
41.9   24.915   4.99149
41.92   25.1741   5.01738
41.94   25.5292   5.05265
41.96   25.987   5.09775
41.98   26.5556   5.15321
42   27.2449   5.21967
42.02   28.0673   5.29786
42.04   29.0375   5.38865
42.06   30.1737   5.49306
42.08   31.4978   5.61229
42.1   33.0365   5.74774
42.12   34.8225   5.90106
42.14   36.8961   6.07421
42.16   39.3068   6.26951
42.18   42.1167   6.48974
42.2   45.4038   6.73823
42.22   49.2667   7.01902
42.24   53.8324   7.33706
42.26   59.2654   7.6984
42.28   65.7821   8.11062
42.3   68.8403   8.29701
42.32   78.6243   8.86703
42.34   90.7108   9.52422
42.36   105.866   10.2891
42.38   125.199   11.1892
42.4   150.362   12.2622
42.42   183.943   13.5625
42.44   230.331   15.1767
42.46   297.778   17.2562
42.48   402.739   20.0684
42.5   576.467   24.0097
42.52   868.219   29.4656
42.54   1340.48   36.6126
42.56   2010.6   44.8397
42.58   2677.28   51.7425
42.6   2787.41   52.7959
42.62   2214.28   47.0562
42.64   1509.2   38.8484
42.66   980.522   31.3133
42.68   644.823   25.3934
42.7   445.033   21.0958
42.72   326.218   18.0615
42.74   252.074   15.8768
42.76   202.912   14.2447
42.78   169.018   13.0007
42.8   145.683   12.0699
42.82   130.861   11.4394
42.84   124.442   11.1554
42.86   128.033   11.3152
42.88   144.225   12.0094
42.9   173.646   13.1775
42.92   205.015   14.3183
42.94   206.769   14.3795
42.96   169.904   13.0347
42.98   125.328   11.195
43   91.1853   9.5491
43.02   68.5891   8.28185
43.04   54.2374   7.3646
43.06   44.9046   6.70109
43.08   38.4306   6.19924
43.1   33.6187   5.79816
43.12   29.8542   5.4639
43.14   26.8079   5.17763
43.16   24.284   4.92788
43.18   22.1551   4.70692
43.2   20.333   4.50922
43.22   18.7549   4.4
43.24   17.3741   4.4
43.26   16.1557   4.4
43.28   15.0727   4.4
43.3   14.1038   4.4
43.32   13.2322   4.4
43.34   12.4443   4.4
43.36   11.7289   4.4
43.38   11.0768   4.4
43.4   10.4803   4.4
43.42   9.93281   4.4
43.44   9.42892   4.4
43.46   8.96385   4.4
43.48   8.53355   4.4
43.5   8.1345   4.4
43.52   7.76361   4.4
43.54   7.41821   4.4
43.56   7.09594   4.4
43.58   6.79472   4.4
43.6   6.51269   4.4
43.62   6.24823   4.4
43.64   5.99986   4.4
43.66   5.76627   4.4
43.68   5.54629   4.4
43.7   5.33887   4.4
43.72   5.14303   4.4
43.74   4.95793   4.4
43.76   4.78278   4.4
43.78   4.61686   4.4
43.8   4.45954   4.4
43.82   4.3102   4.4
43.84   4.16833   4.4
43.86   4.03342   4.4
43.88   3.90501   4.4
43.9   3.7827   4.4
43.92   3.66609   4.4
43.94   3.55484   4.4
43.96   3.44862   4.4
43.98   3.34713   4.4
44   3.25008   4.4
44.02   3.15722   4.4
44.04   3.06832   4.4
44.06   2.98314   4.4
44.08   0.253583   4.4
44.1   0.244979   4.4
44.12   0.236805   4.4
44.14   0.229033   4.4
44.16   0.221638   4.4
44.18   0.214595   4.4
44.2   0.207882   4.4
44.22   0.201479   4.4
44.24   0.195367   4.4
44.26   0.189529   4.4
44.28   0.183949   4.4
44.3   0.178612   4.4
44.32   0.173503   4.4
44.34   0.16861   4.4
44.36   0.163922   4.4
44.38   0.159426   4.4
44.4   0.155113   4.4
44.42   0   4.4
44.44   0   4.4
44.46   0   4.4
44.48   0   4.4
44.5   0   4.4
44.52   0   4.4
44.54   0   4.4
44.56   0   4.4
44.58   0.22669   4.4
44.6   0.232981   4.4
44.62   0.239537   4.4
44.64   0.246373   4.4
44.66   0.253506   4.4
44.68   0.260953   4.4
44.7   0.268734   4.4
44.72   0.276867   4.4
44.74   0.285375   4.4
44.76   0.294281   4.4
44.78   0.30361   4.4
44.8   0.31339   4.4
44.82   0.32365   4.4
44.84   0.334422   4.4
44.86   0.34574   4.4
44.88   0.357642   4.4
44.9   0.37017   4.4
44.92   0.383366   4.4
44.94   0.397281   4.4
44.96   0.411967   4.4
44.98   0.427482   4.4
45   0.443889   4.4
45.02   0.461259   4.4
45.04   0.479668   4.4
45.06   0.4992   4.4
45.08   0.519949   4.4
45.1   0.542017   4.4
45.12   0.56552   4.4
45.14   0.590583   4.4
45.16   0.617349   4.4
45.18   0.645974   4.4
45.2   0.676635   4.4
45.22   0.709529   4.4
45.24   0.744877   4.4
45.26   0.782932   4.4
45.28   0.823974   4.4
45.3   0.868325   4.4
45.32   0.91635   4.4
45.34   0.968465   4.4
45.36   1.02515   4.4
45.38   1.08695   4.4
45.4   1.15449   4.4
45.42   1.22853   4.4
45.44   1.3099   4.4
45.46   1.39961   4.4
45.48   1.49884   4.4
45.5   1.60897   4.4
45.52   1.73167   4.4
45.54   1.86891   4.4
45.56   2.02308   4.4
45.58   2.19705   4.4
45.6   2.39438   4.4
45.62   2.6194   4.4
45.64   2.87752   4.4
45.66   3.17555   4.4
45.68   3.52207   4.4
45.7   3.92814   4.4
45.72   4.4081   4.4
45.74   4.98087   4.4
45.76   5.98322   4.4
45.78   6.83532   4.4
45.8   7.888   4.4
45.82   9.20888   4.4
45.84   10.8962   4.4
45.86   13.0972   4.4
45.88   16.045   4.4
45.9   20.1408   4.48785
45.92   26.1493   5.11364
45.94   35.597   5.96632
45.96   51.3304   7.16452
45.98   77.7829   8.81946
46   119.888   10.9494
46.02   177.737   13.3318
46.04   229.708   15.1561
46.06   228.768   15.1251
46.08   176.026   13.2675
46.1   118.523   10.8868
46.12   76.9479   8.77199
46.14   50.9083   7.13501
46.16   35.4441   5.95349
46.18   26.1623   5.11491
46.2   20.2611   4.50123
46.22   16.2436   4.4
46.24   13.3601   4.4
46.26   11.2161   4.4
46.28   9.58224   4.4
46.3   8.31303   4.4
46.32   7.31158   4.4
46.34   6.5112   4.4
46.36   5.86487   4.4
46.38   5.33875   4.4
46.4   4.90805   4.4
46.42   4.55437   4.4
46.44   4.26382   4.4
46.46   4.02586   4.4
46.48   3.83244   4.4
46.5   3.67735   4.4
46.52   3.55584   4.4
46.54   3.46431   4.4
46.56   3.40008   4.4
46.58   3.36124   4.4
46.6   3.34654   4.4
46.62   3.35532   4.4
46.64   3.38748   4.4
46.66   3.44344   4.4
46.68   3.5242   4.4
46.7   3.63134   4.4
46.72   3.76712   4.4
46.74   3.93456   4.4
46.76   4.62867   4.4
46.78   4.88625   4.4
46.8   5.19168   4.4
46.82   5.55336   4.4
46.84   5.98209   4.4
46.86   6.49182   4.4
46.88   7.10079   4.4
46.9   7.83305   4.4
46.92   8.72082   4.4
46.94   9.80787   4.4
46.96   11.1548   4.4
46.98   12.8473   4.4
47   15.0092   4.4
47.02   17.8253   4.4
47.04   21.585   4.64597
47.06   26.7787   5.17481
47.08   34.3276   5.85897
47.1   46.0693   6.78744
47.12   65.4964   8.09299
47.14   98.2484   9.91203
47.16   151.09   12.2919
47.18   226.186   15.0395
47.2   301.251   17.3566
47.22   314.303   17.7286
47.24   250.324   15.8216
47.26   171.059   13.079
47.28   111.493   10.559
47.3   73.6192   8.58017
47.32   51.0442   7.14452
47.34   37.5795   6.13021
47.36   29.1223   5.39651
47.38   23.6964   4.8679
47.4   19.6608   4.43405
47.42   16.688   4.4
47.44   14.4444   4.4
47.46   12.7213   4.4
47.48   11.3808   4.4
47.5   10.3285   4.4
47.52   9.57121   4.4
47.54   8.69787   4.4
47.56   8.19207   4.4
47.58   7.8025   4.4
47.6   7.51099   4.4
47.62   7.30431   4.4
47.64   7.17298   4.4
47.66   7.11052   4.4
47.68   7.1129   4.4
47.7   7.17823   4.4
47.72   7.30658   4.4
47.74   7.49994   4.4
47.76   7.76234   4.4
47.78   8.1   4.4
47.8   8.52175   4.4
47.82   9.0396   4.4
47.84   9.66949   4.4
47.86   10.4325   4.4
47.88   11.3567   4.4
47.9   12.4792   4.4
47.92   13.8501   4.4
47.94   15.5378   4.4
47.96   17.637   4.4
47.98   20.2818   4.50353
48   23.666   4.86478
48.02   30.1639   5.49217
48.04   36.117   6.00974
48.06   44.3194   6.65728
48.08   56.2069   7.49713
48.1   74.643   8.63962
48.12   105.08   10.2508
48.14   156.355   12.5042
48.16   239.15   15.4645
48.18   357.186   18.8994
48.2   476.434   21.8274
48.22   499.622   22.3522
48.24   400.242   20.0061
48.26   275.094   16.586
48.28   180.714   13.443
48.3   120.635   10.9834
48.32   84.8974   9.21398
48.34   63.6984   7.98113
48.36   50.5094   7.10699
48.38   41.7622   6.46237
48.4   35.6681   5.97228
48.42   31.3047   5.59506
48.44   28.1498   5.30564
48.46   25.8827   5.0875
48.48   24.2981   4.92931
48.5   23.2649   4.82337
48.52   22.7027   4.76474
48.54   22.5699   4.75078
48.56   22.8576   4.78096
48.58   23.5897   4.85693
48.6   24.8279   4.98276
48.62   26.6842   5.16567
48.64   29.3473   5.41731
48.66   33.1404   5.75677
48.68   38.6595   6.21768
48.7   46.7897   6.8403
48.72   60.4564   7.77537
48.74   83.3874   9.13167
48.76   121.114   11.0052
48.78   177.921   13.3387
48.8   245.801   15.678
48.82   283.043   16.8239
48.84   251.081   15.8455
48.86   187.593   13.6964
48.88   136.021   11.6628
48.9   106.283   10.3094
48.92   95.8543   9.79052
48.94   100.155   10.0078
48.96   111.575   10.5629
48.98   114.361   10.694
49   99.5388   9.97691
49.02   79.5357   8.91828
49.04   64.3608   8.02252
49.06   55.2494   7.43299
49.08   50.7651   7.12496
49.1   49.3767   7.02686
49.12   50.0631   7.07553
49.14   52.318   7.23312
49.16   55.986   7.48238
49.18   61.1288   7.81849
49.2   67.9696   8.24437
49.22   76.8978   8.76914
49.24   88.5181   9.40841
49.26   103.749   10.1857
49.28   124.006   11.1358
49.3   151.585   12.312
49.32   190.541   13.8036
49.34   248.762   15.7722
49.36   341.924   18.4912
49.38   498.419   22.3253
49.4   760.143   27.5707
49.42   1168.03   34.1765
49.44   1698.31   41.2105
49.46   2093.27   45.7523
49.48   1958.24   44.252
49.5   1447.87   38.0509
49.52   961.319   31.0052
49.54   624.558   24.9912
49.56   417.525   20.4334
49.58   295.359   17.186
49.6   222.028   14.9006
49.62   175.841   13.2605
49.64   145.947   12.0809
49.66   127.636   11.2976
49.68   119.148   10.9155
49.7   118.871   10.9028
49.72   123.216   11.1003
49.74   119.313   10.923
49.76   100.996   10.0497
49.78   79.2411   8.90175
49.8   61.936   7.86994
49.82   49.8038   7.05718
49.84   41.5022   6.44222
49.86   35.6484   5.97063
49.88   31.281   5.59294
49.9   27.8439   5.27673
49.92   25.0357   5.00357
49.94   22.6856   4.76294
49.96   20.6859   4.54817
49.98   18.9627   4.4
50   17.4627   4.4
50.02   16.1456   4.4
50.04   14.9808   4.4
50.06   13.9441   4.4
50.08   13.0164   4.4
50.1   12.1822   4.4
50.12   11.4287   4.4
50.14   10.7455   4.4
50.16   10.1237   4.4
50.18   9.5561   4.4
50.2   9.03628   4.4
50.22   8.55895   4.4
50.24   8.1195   4.4
50.26   7.71396   4.4
50.28   7.08342   4.4
50.3   6.74266   4.4
50.32   6.42646   4.4
50.34   6.13254   4.4
50.36   5.85887   4.4
50.38   5.60368   4.4
50.4   5.36539   4.4
50.42   5.14262   4.4
50.44   4.86203   4.4
50.46   4.66871   4.4
50.48   4.48759   4.4
50.5   4.31789   4.4
50.52   4.15892   4.4
50.54   4.01017   4.4
50.56   3.87126   4.4
50.58   3.74202   4.4
50.6   3.62253   4.4
50.62   3.51324   4.4
50.64   3.41525   4.4
50.66   3.33081   4.4
50.68   3.2647   4.4
50.7   3.22687   4.4
50.72   3.23603   4.4
50.74   3.32091   4.4
50.76   3.51216   4.4
50.78   3.80406   4.4
50.8   4.0406   4.4
50.82   3.92377   4.4
50.84   3.50089   4.4
50.86   3.07008   4.4
50.88   2.74685   4.4
50.9   2.52347   4.4
50.92   2.3677   4.4
50.94   0.248935   4.4
50.96   0.209418   4.4
50.98   0.181544   4.4
51   0.160771   4.4
51.02   0.144686   4.4
51.04   0.131872   4.4
51.06   0.121423   4.4
51.08   0.112731   4.4
51.1   0.105375   4.4
51.12   0.0990559   4.4
51.14   0.0935559   4.4
51.16   0.0887138   4.4
51.18   0.0844081   4.4
51.2   0.0200782   4.4
51.22   0.0182035   4.4
51.24   0.0165785   4.4
51.26   0.0151609   4.4
51.28   0.0139171   4.4
51.3   0.0128198   4.4
51.32   0.0118469   4.4
51.34   0.0109805   4.4
51.36   0.0102055   4.4
51.38   0.0095095   4.4
51.4   0.00888221   4.4
51.42   0.00831488   4.4
51.44   0.00780011   4.4
51.46   0.00733162   4.4
51.48   0.00690403   4.4
51.5   0.00651272   4.4
51.52   0.00615371   4.4
51.54   0.00582354   4.4
51.56   0.00551922   4.4
51.58   0.0052381   4.4
51.6   0.00497791   4.4
51.62   0.0047366   4.4
51.64   0.00451241   4.4
51.66   0.00430374   4.4
51.68   0.00410921   4.4
51.7   0.00392756   4.4
51.72   0.00375769   4.4
51.74   0.00359859   4.4
51.76   0.00344938   4.4
51.78   0.00330925   4.4
51.8   0.00317748   4.4
51.82   0.00305342   4.4
51.84   0.00293649   4.4
51.86   0.00282614   4.4
51.88   0.00272189   4.4
51.9   0.0026233   4.4
51.92   0.00252996   4.4
51.94   0.00244152   4.4
51.96   0.00235764   4.4
51.98   0.833825   4.4
52   0.857216   4.4
52.02   0.881617   4.4
52.04   0.907088   4.4
52.06   0.93369   4.4
52.08   0.96149   4.4
52.1   0.990562   4.4
52.12   1.02381   4.4
52.14   1.05574   4.4
52.16   1.0892   4.4
52.18   1.12429   4.4
52.2   1.1611   4.4
52.22   1.19977   4.4
52.24   1.24041   4.4
52.26   1.28315   4.4
52.28   1.32815   4.4
52.3   1.37417   4.4
52.32   1.42421   4.4
52.34   1.47704   4.4
52.36   1.53287   4.4
52.38   1.59191   4.4
52.4   1.65443   4.4
52.42   2.40343   4.4
52.44   2.49312   4.4
52.46   2.58804   4.4
52.48   2.68862   4.4
52.5   2.79532   4.4
52.52   2.90866   4.4
52.54   3.02922   4.4
52.56   3.15762   4.4
52.58   3.29459   4.4
52.6   3.44092   4.4
52.62   3.59749   4.4
52.64   3.76532   4.4
52.66   5.2788   4.4
52.68   5.51006   4.4
52.7   5.75801   4.4
52.72   6.02439   4.4
52.74   6.31118   4.4
52.76   6.62063   4.4
52.78   6.95534   4.4
52.8   7.31831   4.4
52.82   7.71299   4.4
52.84   8.14341   4.4
52.86   8.61429   4.4
52.88   9.13116   4.4
52.9   9.70059   4.4
52.92   10.3304   4.4
52.94   11.0299   4.4
52.96   11.8105   4.4
52.98   12.6858   4.4
53   13.6729   4.4
53.02   14.7926   4.4
53.04   16.0713   4.4
53.06   17.5419   4.4
53.08   19.2472   4.4
53.1   21.2422   4.60893
53.12   23.5996   4.85794
53.14   26.4164   5.13969
53.16   29.8251   5.46124
53.18   34.0094   5.83176
53.2   39.2301   6.26339
53.22   45.8677   6.77257
53.24   54.4969   7.3822
53.26   66.0381   8.12638
53.28   82.1085   9.06138
53.3   105.839   10.2878
53.32   143.449   11.977
53.34   206.21   14.36
53.36   310.803   17.6296
53.38   473.656   21.7636
53.4   685.871   26.1891
53.42   846.008   29.0862
53.44   795.723   28.2086
53.46   593.946   24.371
53.48   400.672   20.0168
53.5   267.333   16.3503
53.52   186.288   13.6487
53.54   139.676   11.8185
53.56   112.854   10.6233
53.58   96.5066   9.82378
53.6   86.0383   9.27568
53.62   79.8734   8.93719
53.64   77.3266   8.79355
53.66   78.0417   8.83412
53.68   82.0469   9.05798
53.7   89.8816   9.48059
53.72   102.934   10.1456
53.74   124.252   11.1468
53.76   159.986   12.6485
53.78   220.808   14.8596
53.8   321.156   17.9208
53.82   471.495   21.7139
53.84   647.757   25.4511
53.86   736.925   27.1464
53.88   646.563   25.4276
53.9   481.596   21.9453
53.92   348.995   18.6814
53.94   269.36   16.4122
53.96   233.406   15.2776
53.98   230.723   15.1896
54   258.66   16.0829
54.02   325.929   18.0535
54.04   453.339   21.2918
54.06   668.404   25.8535
54.08   981.336   31.3263
54.1   1302.7   36.0929
54.12   1369.61   37.0082
54.14   1100.84   33.1788
54.16   757.066   27.5148
54.18   495.791   22.2664
54.2   328.521   18.1251
54.22   228.183   15.1057
54.24   167.939   12.9591
54.26   129.808   11.3933
54.28   103.918   10.194
54.3   85.2971   9.23564
54.32   71.3691   8.44803
54.34   60.6592   7.7884
54.36   52.2431   7.22794
54.38   45.5074   6.74591
54.4   40.0304   6.32696
54.42   35.5149   5.95943
54.44   31.746   5.63436
54.46   28.5661   5.34473
54.48   25.8571   5.08499
54.5   23.529   4.85067
54.52   21.5127   4.63817
54.54   19.7539   4.44454
54.56   18.2099   4.4
54.58   16.8466   4.4
54.6   15.6362   4.4
54.62   14.5563   4.4
54.64   13.5885   4.4
54.66   12.7174   4.4
54.68   11.9304   4.4
54.7   11.2168   4.4
54.72   10.5675   4.4
54.74   9.9749   4.4
54.76   9.43242   4.4
54.78   8.93447   4.4
54.8   8.4762   4.4
54.82   8.05343   4.4
54.84   7.66251   4.4
54.86   7.30026   4.4
54.88   6.96388   4.4
54.9   5.85146   4.4
54.92   5.58099   4.4
54.94   5.32901   4.4
54.96   5.09387   4.4
54.98   4.87409   4.4
55   4.66835   4.4
55.02   4.47548   4.4
55.04   4.29441   4.4
55.06   4.1215   4.4
55.08   3.96136   4.4
55.1   3.81044   4.4
55.12   3.66804   4.4
55.14   3.53354   4.4
55.16   3.40635   4.4
55.18   3.28595   4.4
55.2   3.17186   4.4
55.22   3.06365   4.4
55.24   2.96092   4.4
55.26   2.8633   4.4
55.28   2.77045   4.4
55.3   2.68208   4.4
55.32   1.93517   4.4
55.34   1.87267   4.4
55.36   1.81314   4.4
55.38   1.75641   4.4
55.4   1.7023   4.4
55.42   1.65065   4.4
55.44   1.60131   4.4
55.46   1.55415   4.4
55.48   1.50905   4.4
55.5   1.46588   4.4
55.52   1.42453   4.4
55.54   1.38491   4.4
55.56   1.34692   4.4
55.58   1.31047   4.4
55.6   0   4.4
55.62   0   4.4
55.64   0   4.4
55.66   0   4.4
55.68   0   4.4
55.7   0   4.4
55.72   0   4.4
55.74   0   4.4
55.76   0   4.4
55.78   0   4.4
55.8   0   4.4
55.82   0   4.4
55.84   0   4.4
55.86   0   4.4
55.88   0   4.4
55.9   0   4.4
55.92   0   4.4
55.94   0   4.4
55.96   0   4.4
55.98   0   4.4
56   0   4.4
56.02   0   4.4
56.04   0   4.4
56.06   1.4867   4.4
56.08   1.52803   4.4
56.1   1.5711   4.4
56.12   1.61603   4.4
56.14   1.6629   4.4
56.16   1.71185   4.4
56.18   1.76299   4.4
56.2   1.81645   4.4
56.22   1.87238   4.4
56.24   1.93094   4.4
56.26   1.99228   4.4
56.28   2.05659   4.4
56.3   2.12406   4.4
56.32   2.19491   4.4
56.34   2.26936   4.4
56.36   2.34767   4.4
56.38   2.43009   4.4
56.4   2.51693   4.4
56.42   2.6085   4.4
56.44   2.70516   4.4
56.46   2.80729   4.4
56.48   2.91531   4.4
56.5   3.02968   4.4
56.52   3.15092   4.4
56.54   3.27957   4.4
56.56   3.41625   4.4
56.58   3.56165   4.4
56.6   3.71653   4.4
56.62   3.88173   4.4
56.64   4.05818   4.4
56.66   4.24692   4.4
56.68   4.44913   4.4
56.7   4.66611   4.4
56.72   4.89934   4.4
56.74   5.15047   4.4
56.76   5.4214   4.4
56.78   5.71425   4.4
56.8   6.03144   4.4
56.82   6.37574   4.4
56.84   6.75034   4.4
56.86   7.15888   4.4
56.88   7.60559   4.4
56.9   8.09536   4.4
56.92   8.63389   4.4
56.94   9.22786   4.4
56.96   10.357   4.4
56.98   11.1002   4.4
57   11.9277   4.4
57.02   12.8527   4.4
57.04   13.8912   4.4
57.06   15.0627   4.4
57.08   16.3909   4.4
57.1   17.905   4.4
57.12   19.6416   4.43189
57.14   21.6464   4.65257
57.16   23.9776   4.89669
57.18   26.7099   5.16816
57.2   29.9405   5.47179
57.22   33.7977   5.81358
57.24   38.4536   6.20109
57.26   44.1426   6.64399
57.28   51.1909   7.15478
57.3   60.062   7.74997
57.32   71.4312   8.4517
57.34   86.3177   9.29073
57.36   106.348   10.3125
57.38   134.36   11.5914
57.4   175.827   13.26
57.42   241.645   15.5449
57.44   351.786   18.756
57.46   536.365   23.1596
57.48   826.562   28.75
57.5   1212.51   34.8212
57.52   1523.98   39.0382
57.54   1460.52   38.2167
57.56   1095.39   33.0967
57.58   730.171   27.0217
57.6   473.244   21.7542
57.62   314.06   17.7217
57.64   219.699   14.8222
57.66   162.724   12.7563
57.68   126.142   11.2313
57.7   101.017   10.0507
57.72   82.8651   9.10303
57.74   69.303   8.32484
57.76   58.924   7.6762
57.78   50.8302   7.12953
57.8   44.4202   6.66485
57.82   39.2791   6.26731
57.84   35.1141   5.92571
57.86   31.7143   5.63154
57.88   28.9258   5.37827
57.9   26.635   5.16091
57.92   24.7572   4.97566
57.94   23.2295   4.8197
57.96   22.0056   4.69102
57.98   21.0525   4.5883
58   20.3481   4.51089
58.02   19.8802   4.45872
58.04   19.6458   4.43236
58.06   19.6517   4.43302
58.08   19.9155   4.46268
58.1   20.4681   4.52416
58.12   21.3575   4.62141
58.14   22.6552   4.75975
58.16   24.4664   4.94635
58.18   26.9458   5.19094
58.2   30.3257   5.50688
58.22   34.9655   5.91317
58.24   41.4587   6.43885
58.26   50.8841   7.13331
58.28   65.3728   8.08534
58.3   89.1441   9.44162
58.32   129.375   11.3743
58.34   196.009   14.0003
58.36   296.6   17.2221
58.38   416.251   20.4022
58.4   479.211   21.8909
58.42   416.738   20.4142
58.44   296.829   17.2287
58.46   195.682   13.9886
58.48   128.502   11.3359
58.5   87.7956   9.36993
58.52   63.6434   7.97768
58.54   48.7709   6.98361
58.56   38.9759   6.24307
58.58   32.116   5.66709
58.6   27.1072   5.20646
58.62   23.3545   4.83265
58.64   20.4989   4.52757
58.66   18.3109   4.4
58.68   16.6413   4.4
58.7   15.3948   4.4
58.72   14.5165   4.4
58.74   13.9861   4.4
58.76   13.8201   4.4
58.78   14.0883   4.4
58.8   14.9586   4.4
58.82   16.7966   4.4
58.84   20.3177   4.50751
58.86   26.683   5.16556
58.88   37.2762   6.10542
58.9   52.4803   7.24433
58.92   67.4938   8.21546
58.94   69.449   8.33361
58.96   55.7374   7.46575
58.98   39.1837   6.25969
59   25.3031   5.03022
59.02   17.4086   4.4
59.04   12.6524   4.4
59.06   9.76438   4.4
59.08   7.90677   4.4
59.1   6.6524   4.4
59.12   5.71536   4.4
59.14   5.00413   4.4
59.16   4.44985   4.4
59.18   4.00921   4.4
59.2   3.65338   4.4
59.22   6.94816   4.4
59.24   6.80802   4.4
59.26   6.71328   4.4
59.28   6.65705   4.4
59.3   6.63442   4.4
59.32   6.64201   4.4
59.34   6.67764   4.4
59.36   6.74011   4.4
59.38   6.82914   4.4
59.4   6.94534   4.4
59.42   7.09027   4.4
59.44   7.26666   4.4
59.46   7.47863   4.4
59.48   7.74175   4.4
59.5   8.04619   4.4
59.52   8.41403   4.4
59.54   8.86441   4.4
59.56   9.42682   4.4
59.58   10.1498   4.4
59.6   11.1215   4.4
59.62   12.5158   4.4
59.64   14.6721   4.4
59.66   18.1724   4.4
59.68   23.7986   4.87838
59.7   32.1068   5.66629
59.72   41.7526   6.46162
59.74   46.5586   6.82339
59.76   41.5872   6.44881
59.78   32.5678   5.70682
59.8   25.2053   5.02049
59.82   20.5216   4.53008
59.84   17.9   4.4
59.86   16.1141   4.4
59.88   15.5421   4.4
59.9   15.3977   4.4
59.92   15.5239   4.4
59.94   15.8433   4.4
59.96   16.3164   4.4
59.98   16.9219   4.4
60   17.7299   4.4
60.02   18.5779   4.4
60.04   19.546   4.42108
60.06   20.6398   4.54311
60.08   21.8689   4.67642
60.1   23.246   4.82141
60.12   24.788   4.97875
60.14   26.5155   5.14932
60.16   28.4541   5.33424
60.18   30.635   5.53489
60.2   33.0966   5.75296
60.22   35.8855   5.99045
60.24   39.0595   6.24976
60.26   42.6901   6.53377
60.28   46.8669   6.84594
60.3   51.7028   7.19046
60.32   57.3421   7.57246
60.34   63.9714   7.99821
60.36   71.8353   8.47557
60.38   81.2603   9.01445
60.4   92.6924   9.62769
60.42   106.7   10.3296
60.44   124.33   11.1503
60.46   146.908   12.1206
60.48   176.509   13.2857
60.5   216.11   14.7007
60.52   269.681   16.422
60.54   341.778   18.4872
60.56   439.031   20.9531
60.58   584.019   24.1665
60.6   827.829   28.772
60.62   1244.44   35.2767
60.64   1911.81   43.7243
60.66   2827.29   53.1723
60.68   3638.03   60.3161
60.7   3600.92   60.0077
60.72   2757.91   52.5158
60.74   1851.92   43.0339
60.76   1199.73   34.6371
60.78   791.899   28.1407
60.8   549.773   23.4472
60.82   404.417   20.1101
60.84   312.151   17.6678
60.86   249.817   15.8056
60.88   205.9   14.3492
60.9   174.118   13.1954
60.92   149.685   12.2346
60.94   128.543   11.3377
60.96   109.913   10.4839
60.98   94.542   9.72327
61   82.2439   9.06884
61.02   72.3884   8.50814
61.04   64.3792   8.02366
61.06   57.7602   7.60001
61.08   52.2114   7.22574
61.1   47.5126   6.89294
61.12   43.5084   6.59609
61.14   40.0857   6.33132
61.16   37.1608   6.09597
61.18   34.6733   5.8884
61.2   32.5461   5.70492
61.22   30.83   5.55248
61.24   29.4866   5.43016
61.26   28.5708   5.34517
61.28   28.0888   5.29989
61.3   28.211   5.3114
61.32   29.2376   5.40718
61.34   31.7853   5.63784
61.36   36.9743   6.08065
61.38   46.437   6.81447
61.4   61.6923   7.85445
61.42   81.4602   9.02553
61.44   94.9945   9.74651
61.46   87.6407   9.36166
61.48   66.9366   8.18148
61.5   47.8483   6.91725
61.52   34.6298   5.88471
61.54   26.3484   5.13307
61.56   21.3516   4.62078
61.58   18.1016   4.4
61.6   15.8617   4.4
61.62   14.2052   4.4
61.64   12.9163   4.4
61.66   11.878   4.4
61.68   11.0193   4.4
61.7   10.2943   4.4
61.72   9.67139   4.4
61.74   9.12851   4.4
61.76   8.64965   4.4
61.78   8.223   4.4
61.8   7.83964   4.4
61.82   7.49272   4.4
61.84   7.17689   4.4
61.86   6.88789   4.4
61.88   6.62233   4.4
61.9   6.37741   4.4
61.92   6.15086   4.4
61.94   5.94079   4.4
61.96   5.7456   4.4
61.98   5.56398   4.4
62   5.39478   4.4
62.02   5.20882   4.4
62.04   5.06255   4.4
62.06   4.92625   4.4
62.08   4.79935   4.4
62.1   4.6814   4.4
62.12   4.57202   4.4
62.14   4.47094   4.4
62.16   4.37795   4.4
62.18   0.809329   4.4
62.2   2.04129   4.4
62.22   2.09445   4.4
62.24   2.15394   4.4
62.26   2.22034   4.4
62.28   2.29437   4.4
62.3   2.37697   4.4
62.32   2.46927   4.4
62.34   2.57274   4.4
62.36   2.68923   4.4
62.38   2.82114   4.4
62.4   2.96251   4.4
62.42   3.13588   4.4
62.44   3.33753   4.4
62.46   3.57517   4.4
62.48   3.8597   4.4
62.5   4.20697   4.4
62.52   4.64096   4.4
62.54   5.20053   4.4
62.56   5.95519   4.4
62.58   7.0409   4.4
62.6   8.72337   4.4
62.62   11.4638   4.4
62.64   15.8962   4.4
62.66   22.5176   4.74527
62.68   30.4369   5.51697
62.7   34.9055   5.90809
62.72   31.4065   5.60415
62.74   24.1527   4.91454
62.76   18.1063   4.4
62.78   14.3147   4.4
62.8   12.3364   4.4
62.82   11.5731   4.4
62.84   11.6105   4.4
62.86   12.262   4.4
62.88   13.5334   4.4
62.9   15.6263   4.4
62.92   18.966   4.4
62.94   24.7084   4.97076
62.96   34.3951   5.86474
62.98   49.9452   7.06719
63   71.8425   8.476
63.02   93.2601   9.65713
63.04   96.3308   9.81482
63.06   79.7932   8.9327
63.08   57.7804   7.60134
63.1   41.5997   6.44978
63.12   31.6333   5.62435
63.14   26.04   5.10294
63.16   23.0829   4.80447
63.18   21.6283   4.65063
63.2   21.0708   4.5903
63.22   21.1197   4.59562
63.24   21.6396   4.65184
63.26   22.5711   4.7509
63.28   23.8987   4.88863
63.3   25.639   5.0635
63.32   27.8372   5.2761
63.34   30.5692   5.52895
63.36   33.9477   5.82647
63.38   38.1341   6.17529
63.4   43.3577   6.58466
63.42   49.9469   7.06731
63.44   58.38   7.64068
63.46   69.3732   8.32906
63.48   84.0487   9.16781
63.5   104.308   10.2131
63.52   133.723   11.5638
63.54   179.412   13.3945
63.56   254.933   15.9666
63.58   382.231   19.5507
63.6   587.778   24.2441
63.62   880.581   29.6746
63.64   1175.49   34.2854
63.66   1231.02   35.0859
63.68   983.437   31.3598
63.7   673.147   25.9451
63.72   439.223   20.9576
63.74   290.357   17.0399
63.76   201.662   14.2008
63.78   148.862   12.2009
63.8   115.81   10.7615
63.82   93.6826   9.67898
63.84   78.049   8.83453
63.86   66.6167   8.16191
63.88   58.0774   7.62085
63.9   51.6149   7.18435
63.92   46.6925   6.83319
63.94   42.9463   6.55334
63.96   40.1251   6.33444
63.98   38.2703   6.1863
64   36.8338   6.06908
64.02   35.9432   5.99526
64.04   35.5454   5.962
64.06   35.6111   5.9675
64.08   36.1315   6.01095
64.1   37.1175   6.09241
64.12   38.5998   6.21287
64.14   40.6313   6.37427
64.16   43.2624   6.57742
64.18   46.6661   6.83126
64.2   50.9705   7.13936
64.22   56.3959   7.50972
64.24   63.2498   7.95297
64.26   71.968   8.4834
64.28   83.1788   9.12024
64.3   97.8107   9.88993
64.32   117.289   10.83
64.34   143.95   11.9979
64.36   182.014   13.4913
64.38   239.796   15.4853
64.4   333.636   18.2657
64.42   492.009   22.1813
64.44   754.208   27.4629
64.46   1151.32   33.9311
64.48   1629.16   40.3628
64.5   1893.84   43.5182
64.52   1659.19   40.7331
64.54   1183.05   34.3954
64.56   776.387   27.8637
64.58   505.153   22.4756
64.6   340.577   18.4547
64.62   242.991   15.5882
64.64   183.007   13.528
64.66   143.55   11.9812
64.68   115.887   10.7651
64.7   95.6002   9.77754
64.72   80.2598   8.95878
64.74   68.3895   8.2698
64.76   59.0289   7.68302
64.78   51.5268   7.17822
64.8   45.4297   6.74015
64.82   40.414   6.3572
64.84   36.2445   6.02034
64.86   32.7472   5.72252
64.88   29.7915   5.45816
64.9   27.2778   5.22281
64.92   25.1296   5.01294
64.94   23.2876   4.82573
64.96   21.7055   4.65892
64.98   20.3471   4.51077
65   19.1842   4.4
65.02   18.1954   4.4
65.04   17.3646   4.4
65.06   17.099   4.4
65.08   16.5672   4.4
65.1   16.1745   4.4
65.12   15.9238   4.4
65.14   14.661   4.4
65.16   14.7588   4.4
65.18   15.0479   4.4
65.2   15.567   4.4
65.22   16.3735   4.4
65.24   17.5538   4.4
65.26   19.2391   4.4
65.28   21.6381   4.65168
65.3   25.109   5.01089
65.32   30.3307   5.50733
65.34   38.6611   6.2178
65.36   52.6667   7.25718
65.38   76.4429   8.74316
65.4   114.784   10.7137
65.42   168.768   12.9911
65.44   220.904   14.8628
65.46   226.51   15.0502
65.48   178.924   13.3762
65.5   122.756   11.0795
65.52   81.1107   9.00615
65.54   54.7334   7.3982
65.56   38.9885   6.24408
65.58   29.5362   5.43472
65.6   23.7994   4.87847
65.62   19.7264   4.44144
65.64   16.8004   4.4
65.66   14.6197   4.4
65.68   12.9529   4.4
65.7   11.6544   4.4
65.72   10.6277   4.4
65.74   9.80659   4.4
65.76   9.14447   4.4
65.78   8.60808   4.4
65.8   8.17321   4.4
65.82   7.82204   4.4
65.84   7.54135   4.4
65.86   7.32132   4.4
65.88   7.15472   4.4
65.9   7.03632   4.4
65.92   6.96248   4.4
65.94   6.93092   4.4
65.96   5.11024   4.4
65.98   5.21016   4.4
66   5.35036   4.4
66.02   5.5331   4.4
66.04   5.7618   4.4
66.06   6.04126   4.4
66.08   6.37785   4.4
66.1   6.77993   4.4
66.12   7.25831   4.4
66.14   7.82701   4.4
66.16   8.50418   4.4
66.18   9.31361   4.4
66.2   10.2867   4.4
66.22   11.4654   4.4
66.24   12.9067   4.4
66.26   14.6894   4.4
66.28   16.9244   4.4
66.3   19.7718   4.44655
66.32   23.4692   4.84451
66.34   28.3863   5.32788
66.36   35.1426   5.92812
66.38   44.8888   6.69991
66.4   59.9153   7.7405
66.42   84.6252   9.1992
66.44   126.299   11.2383
66.46   194.08   13.9313
66.48   292.419   17.1003
66.5   397.132   19.9282
66.52   428.038   20.6891
66.54   350.019   18.7088
66.56   242.052   15.558
66.58   158.344   12.5835
66.6   104.53   10.224
66.62   72.4026   8.50897
66.64   53.3883   7.30673
66.66   41.6337   6.45241
66.68   33.896   5.82203
66.7   28.5475   5.34298
66.72   24.7582   4.97576
66.74   22.0677   4.69763
66.76   20.2013   4.49459
66.78   18.9923   4.4
66.8   18.3465   4.4
66.82   18.2246   4.4
66.84   18.6364   4.4
66.86   19.6448   4.43225
66.88   21.381   4.62396
66.9   24.0824   4.90738
66.92   28.1831   5.30878
66.94   34.3212   5.85843
66.96   44.6408   6.68137
66.98   62.1489   7.88346
67   91.9061   9.58676
67.02   139.623   11.8162
67.04   205.719   14.3429
67.06   266.253   16.3173
67.08   266.979   16.3395
67.1   206.816   14.3811
67.12   139.994   11.8319
67.14   91.3565   9.55806
67.16   60.7697   7.79549
67.18   42.5403   6.52229
67.2   31.559   5.61774
67.22   24.5465   4.95444
67.24   19.7446   4.44349
67.26   16.272   4.4
67.28   13.666   4.4
67.3   11.6574   4.4
67.32   10.0761   4.4
67.34   8.80833   4.4
67.36   7.77583   4.4
67.38   6.92319   4.4
67.4   6.2104   4.4
67.42   5.60799   4.4
67.44   5.09389   4.4
67.46   4.6513   4.4
67.48   4.26726   4.4
67.5   3.93162   4.4
67.52   3.63639   4.4
67.54   3.37516   4.4
67.56   3.14275   4.4
67.58   2.93495   4.4
67.6   2.7483   4.4
67.62   2.57994   4.4
67.64   2.42747   4.4
67.66   2.28891   4.4
67.68   2.16254   4.4
67.7   2.04694   4.4
67.72   1.94087   4.4
67.74   1.84328   4.4
67.76   1.75325   4.4
67.78   1.67001   4.4
67.8   1.59286   4.4
67.82   1.5212   4.4
67.84   1.45451   4.4
67.86   1.39232   4.4
67.88   1.33422   4.4
67.9   1.27986   4.4
67.92   1.22889   4.4
67.94   1.18105   4.4
67.96   1.13607   4.4
67.98   0.680881   4.4
68   0.651987   4.4
68.02   0.624892   4.4
68.04   0.628159   4.4
68.06   0.605044   4.4
68.08   0.583367   4.4
68.1   0.563021   4.4
68.12   0.629989   4.4
68.14   0.614468   4.4
68.16   0.600125   4.4
68.18   0.586895   4.4
68.2   0.57472   4.4
68.22   0.627435   4.4
68.24   0.618996   4.4
68.26   0.611551   4.4
68.28   0.605071   4.4
68.3   0.59953   4.4
68.32   0.594909   4.4
68.34   0.96537   4.4
68.36   0.973152   4.4
68.38   0.982279   4.4
68.4   0.992774   4.4
68.42   1.00467   4.4
68.44   1.018   4.4
68.46   1.03546   4.4
68.48   1.05189   4.4
68.5   1.06992   4.4
68.52   1.08962   4.4
68.54   1.11106   4.4
68.56   0.879947   4.4
68.58   0.911851   4.4
68.6   0.945542   4.4
68.62   0.981155   4.4
68.64   1.01884   4.4
68.66   1.05877   4.4
68.68   1.10112   4.4
68.7   1.1461   4.4
68.72   1.19393   4.4
68.74   1.24486   4.4
68.76   1.29917   4.4
68.78   1.35717   4.4
68.8   1.41921   4.4
68.82   1.48568   4.4
68.84   1.55702   4.4
68.86   1.63373   4.4
68.88   1.71638   4.4
68.9   1.80559   4.4
68.92   3.45119   4.4
68.94   3.59889   4.4
68.96   3.75754   4.4
68.98   3.92835   4.4
69   4.11275   4.4
69.02   4.31238   4.4
69.04   4.52918   4.4
69.06   4.76543   4.4
69.08   5.02381   4.4
69.1   5.30755   4.4
69.12   5.62054   4.4
69.14   5.96751   4.4
69.16   6.35429   4.4
69.18   6.78812   4.4
69.2   7.27816   4.4
69.22   7.8361   4.4
69.24   8.47719   4.4
69.26   9.22163   4.4
69.28   10.0968   4.4
69.3   11.1407   4.4
69.32   12.4085   4.4
69.34   13.9841   4.4
69.36   16.0076   4.4
69.38   18.729   4.4
69.4   22.5972   4.75365
69.42   28.3541   5.32486
69.44   37.0498   6.08686
69.46   49.7102   7.05055
69.48   65.7184   8.10669
69.5   81.2781   9.01544
69.52   96.3801   9.81734
69.54   114.103   10.6819
69.56   124.14   11.1418
69.58   114.955   10.7217
69.6   99.6229   9.98113
69.62   93.0756   9.64757
69.64   99.911   9.99555
69.66   120.425   10.9738
69.68   150.387   12.2632
69.7   180.993   13.4534
69.72   218.724   14.7893
69.74   282.192   16.7986
69.76   364.47   19.0911
69.78   403.819   20.0952
69.8   347.167   18.6324
69.82   249.812   15.8055
69.84   169.657   13.0253
69.86   117.23   10.8273
69.88   86.1205   9.28011
69.9   68.0654   8.25017
69.92   56.8399   7.53922
69.94   49.3708   7.02643
69.96   44.4956   6.6705
69.98   41.5391   6.44508
70   40.038   6.32756
