1.54056
5   0   4.4
5.02   0   4.4
5.04   0   4.4
5.06   0   4.4
5.08   0   4.4
5.1   0   4.4
5.12   0   4.4
5.14   0   4.4
5.16   0   4.4
5.18   0   4.4
5.2   0   4.4
5.22   0   4.4
5.24   0   4.4
5.26   0   4.4
5.28   0   4.4
5.3   0   4.4
5.32   0   4.4
5.34   0   4.4
5.36   0   4.4
5.38   0   4.4
5.4   0   4.4
5.42   0   4.4
5.44   0   4.4
5.46   0   4.4
5.48   0   4.4
5.5   0   4.4
5.52   0   4.4
5.54   0   4.4
5.56   0   4.4
5.58   0   4.4
5.6   0   4.4
5.62   0   4.4
5.64   0   4.4
5.66   0   4.4
5.68   0   4.4
5.7   0   4.4
5.72   0   4.4
5.74   0   4.4
5.76   0   4.4
5.78   0   4.4
5.8   0   4.4
5.82   0   4.4
5.84   0   4.4
5.86   0   4.4
5.88   0   4.4
5.9   0   4.4
5.92   0   4.4
5.94   0   4.4
5.96   0   4.4
5.98   0   4.4
6   0   4.4
6.02   0   4.4
6.04   0   4.4
6.06   0   4.4
6.08   0   4.4
6.1   0   4.4
6.12   0   4.4
6.14   0   4.4
6.16   0   4.4
6.18   0   4.4
6.2   0   4.4
6.22   0   4.4
6.24   0   4.4
6.26   0   4.4
6.28   0   4.4
6.3   0   4.4
6.32   0   4.4
6.34   0   4.4
6.36   0   4.4
6.38   0   4.4
6.4   0   4.4
6.42   0   4.4
6.44   0   4.4
6.46   0   4.4
6.48   0   4.4
6.5   0   4.4
6.52   0   4.4
6.54   0   4.4
6.56   0   4.4
6.58   0   4.4
6.6   0   4.4
6.62   0   4.4
6.64   0   4.4
6.66   0   4.4
6.68   0   4.4
6.7   0   4.4
6.72   0   4.4
6.74   0   4.4
6.76   0   4.4
6.78   0   4.4
6.8   0   4.4
6.82   0   4.4
6.84   0   4.4
6.86   0   4.4
6.88   0   4.4
6.9   0   4.4
6.92   0   4.4
6.94   0   4.4
6.96   0   4.4
6.98   0   4.4
7   0   4.4
7.02   0   4.4
7.04   0   4.4
7.06   0   4.4
7.08   0   4.4
7.1   0   4.4
7.12   0   4.4
7.14   0   4.4
7.16   0   4.4
7.18   0   4.4
7.2   0   4.4
7.22   0   4.4
7.24   0   4.4
7.26   0   4.4
7.28   0   4.4
7.3   0   4.4
7.32   0   4.4
7.34   0   4.4
7.36   0   4.4
7.38   0   4.4
7.4   0   4.4
7.42   0   4.4
7.44   0   4.4
7.46   0   4.4
7.48   0   4.4
7.5   0   4.4
7.52   0   4.4
7.54   0   4.4
7.56   0   4.4
7.58   0   4.4
7.6   0   4.4
7.62   0   4.4
7.64   0   4.4
7.66   0   4.4
7.68   0   4.4
7.7   0   4.4
7.72   0   4.4
7.74   0   4.4
7.76   0   4.4
7.78   0   4.4
7.8   0   4.4
7.82   0   4.4
7.84   0   4.4
7.86   0   4.4
7.88   0   4.4
7.9   0   4.4
7.92   0   4.4
7.94   0   4.4
7.96   0   4.4
7.98   0   4.4
8   0   4.4
8.02   0   4.4
8.04   0   4.4
8.06   0   4.4
8.08   0   4.4
8.1   0   4.4
8.12   0   4.4
8.14   0   4.4
8.16   0   4.4
8.18   0   4.4
8.2   0   4.4
8.22   0   4.4
8.24   0   4.4
8.26   0   4.4
8.28   0   4.4
8.3   0   4.4
8.32   0   4.4
8.34   0   4.4
8.36   0   4.4
8.38   0   4.4
8.4   0   4.4
8.42   0   4.4
8.44   0   4.4
8.46   0   4.4
8.48   0   4.4
8.5   0   4.4
8.52   0   4.4
8.54   0   4.4
8.56   0   4.4
8.58   0   4.4
8.6   0   4.4
8.62   0   4.4
8.64   0   4.4
8.66   0   4.4
8.68   0   4.4
8.7   0   4.4
8.72   0   4.4
8.74   0   4.4
8.76   0   4.4
8.78   0   4.4
8.8   0   4.4
8.82   0   4.4
8.84   0   4.4
8.86   0   4.4
8.88   0   4.4
8.9   0   4.4
8.92   0   4.4
8.94   0   4.4
8.96   0   4.4
8.98   0   4.4
9   0   4.4
9.02   0   4.4
9.04   0   4.4
9.06   0   4.4
9.08   0   4.4
9.1   0   4.4
9.12   0   4.4
9.14   0   4.4
9.16   0   4.4
9.18   0   4.4
9.2   0   4.4
9.22   0   4.4
9.24   0   4.4
9.26   0   4.4
9.28   0   4.4
9.3   0   4.4
9.32   0   4.4
9.34   0   4.4
9.36   0   4.4
9.38   0   4.4
9.4   0   4.4
9.42   0   4.4
9.44   0   4.4
9.46   0   4.4
9.48   0   4.4
9.5   0   4.4
9.52   0   4.4
9.54   0   4.4
9.56   0   4.4
9.58   0   4.4
9.6   0   4.4
9.62   0   4.4
9.64   0   4.4
9.66   0   4.4
9.68   0   4.4
9.7   0   4.4
9.72   0   4.4
9.74   0   4.4
9.76   0   4.4
9.78   0   4.4
9.8   0   4.4
9.82   0   4.4
9.84   0   4.4
9.86   0   4.4
9.88   0   4.4
9.9   0   4.4
9.92   0   4.4
9.94   0   4.4
9.96   0   4.4
9.98   0   4.4
10   0   4.4
10.02   0   4.4
10.04   0   4.4
10.06   0   4.4
10.08   0   4.4
10.1   0   4.4
10.12   0   4.4
10.14   0   4.4
10.16   0   4.4
10.18   0   4.4
10.2   0   4.4
10.22   0   4.4
10.24   0   4.4
10.26   0   4.4
10.28   0   4.4
10.3   0   4.4
10.32   0   4.4
10.34   0   4.4
10.36   0   4.4
10.38   0   4.4
10.4   0   4.4
10.42   0   4.4
10.44   0   4.4
10.46   0   4.4
10.48   0   4.4
10.5   0   4.4
10.52   0   4.4
10.54   0   4.4
10.56   0   4.4
10.58   0   4.4
10.6   0   4.4
10.62   0   4.4
10.64   0   4.4
10.66   0   4.4
10.68   0   4.4
10.7   0   4.4
10.72   0   4.4
10.74   0   4.4
10.76   0   4.4
10.78   0   4.4
10.8   0   4.4
10.82   0   4.4
10.84   0   4.4
10.86   0   4.4
10.88   0   4.4
10.9   0   4.4
10.92   0   4.4
10.94   0   4.4
10.96   0   4.4
10.98   0   4.4
11   0   4.4
11.02   0   4.4
11.04   0   4.4
11.06   0   4.4
11.08   0   4.4
11.1   0   4.4
11.12   0   4.4
11.14   0   4.4
11.16   0   4.4
11.18   0   4.4
11.2   0   4.4
11.22   0   4.4
11.24   0   4.4
11.26   0   4.4
11.28   0   4.4
11.3   0   4.4
11.32   0   4.4
11.34   0   4.4
11.36   0   4.4
11.38   0   4.4
11.4   0   4.4
11.42   0   4.4
11.44   0   4.4
11.46   0   4.4
11.48   0   4.4
11.5   0   4.4
11.52   0   4.4
11.54   0   4.4
11.56   0   4.4
11.58   0   4.4
11.6   0   4.4
11.62   0   4.4
11.64   0   4.4
11.66   0   4.4
11.68   0   4.4
11.7   0   4.4
11.72   0   4.4
11.74   0   4.4
11.76   0   4.4
11.78   0   4.4
11.8   0   4.4
11.82   0   4.4
11.84   0   4.4
11.86   0   4.4
11.88   0   4.4
11.9   0   4.4
11.92   0   4.4
11.94   0   4.4
11.96   0   4.4
11.98   0   4.4
12   0   4.4
12.02   0   4.4
12.04   0   4.4
12.06   0   4.4
12.08   0   4.4
12.1   0   4.4
12.12   6.04586   4.4
12.14   6.21725   4.4
12.16   6.39602   4.4
12.18   6.58261   4.4
12.2   6.77749   4.4
12.22   6.98115   4.4
12.24   7.19411   4.4
12.26   7.41698   4.4
12.28   7.65035   4.4
12.3   7.89491   4.4
12.32   8.15138   4.4
12.34   8.42054   4.4
12.36   8.70325   4.4
12.38   9.00044   4.4
12.4   9.3131   4.4
12.42   9.64233   4.4
12.44   9.98931   4.4
12.46   10.3554   4.4
12.48   10.7419   4.4
12.5   11.1505   4.4
12.52   11.5828   4.4
12.54   12.0407   4.4
12.56   12.5263   4.4
12.58   13.0418   4.4
12.6   13.5898   4.4
12.62   14.1731   4.4
12.64   14.7947   4.4
12.66   15.4581   4.4
12.68   16.167   4.4
12.7   16.9258   4.4
12.72   17.7393   4.4
12.74   18.6127   4.4
12.76   19.5522   4.42179
12.78   20.5646   4.53482
12.8   21.6575   4.65377
12.82   22.8399   4.77911
12.84   24.1215   4.91137
12.86   25.514   5.05114
12.88   27.0304   5.19908
12.9   28.6859   5.35592
12.92   30.4978   5.52248
12.94   32.4867   5.69971
12.96   34.6761   5.88865
12.98   37.0941   6.09049
13   39.7732   6.3066
13.02   42.7526   6.53855
13.04   46.0787   6.78813
13.06   49.8071   7.05741
13.08   54.0053   7.34883
13.1   58.7553   7.6652
13.12   64.1577   8.00985
13.14   70.337   8.38672
13.16   77.449   8.80051
13.18   85.69   9.25689
13.2   95.3104   9.7627
13.22   106.634   10.3264
13.24   120.083   10.9582
13.26   136.22   11.6714
13.28   155.804   12.4822
13.3   179.876   13.4118
13.32   209.896   14.4878
13.34   247.959   15.7467
13.36   297.156   17.2382
13.38   362.236   19.0325
13.4   451.018   21.2372
13.42   577.727   24.036
13.44   770.476   27.7575
13.46   1084.23   32.9277
13.48   1613.55   40.169
13.5   2485.92   49.859
13.52   3793.43   61.5909
13.54   5322.52   72.9556
13.56   6071.45   77.9195
13.58   5226.26   72.2929
13.6   3690.49   60.7494
13.62   2415.51   49.1478
13.64   1573.87   39.672
13.66   1065.39   32.6403
13.68   763.88   27.6384
13.7   577.958   24.0408
13.72   455.217   21.3358
13.74   368.987   19.209
13.76   305.72   17.4849
13.78   257.915   16.0597
13.8   220.982   14.8655
13.82   191.926   13.8537
13.84   168.712   12.9889
13.86   149.919   12.2441
13.88   134.532   11.5988
13.9   121.813   11.0369
13.92   111.213   10.5458
13.94   102.321   10.1154
13.96   94.8211   9.73761
13.98   88.4709   9.4059
14   83.0802   9.11484
14.02   78.4993   8.85998
14.04   74.609   8.63765
14.06   71.3141   8.44477
14.08   68.5381   8.27878
14.1   66.2193   8.13753
14.12   64.308   8.01923
14.14   62.7641   7.92238
14.16   61.5557   7.84575
14.18   60.6577   7.7883
14.2   60.0505   7.74923
14.22   59.7199   7.72786
14.24   59.656   7.72373
14.26   59.8531   7.73648
14.28   60.3094   7.76591
14.3   61.0267   7.81196
14.32   62.0108   7.87469
14.34   63.2713   7.95432
14.36   64.8217   8.05119
14.38   66.6802   8.1658
14.4   68.87   8.29879
14.42   71.4196   8.45101
14.44   74.3644   8.62348
14.46   77.7473   8.81744
14.48   81.6201   9.03439
14.5   86.0459   9.2761
14.52   91.1009   9.54468
14.54   96.8779   9.84266
14.56   103.49   10.173
14.58   111.076   10.5392
14.6   119.807   10.9456
14.62   129.896   11.3972
14.64   141.612   11.9001
14.66   155.292   12.4616
14.68   171.371   13.0909
14.7   190.412   13.799
14.72   213.151   14.5997
14.74   240.574   15.5104
14.76   274.01   16.5533
14.78   315.299   17.7566
14.8   367.024   19.1579
14.82   432.913   20.8066
14.84   518.501   22.7706
14.86   632.379   25.1472
14.88   788.934   28.088
14.9   1014.84   31.8566
14.92   1363.19   36.9215
14.94   1936.21   44.0024
14.96   2903.52   53.8843
14.98   4479.52   66.9292
15   6773.45   82.301
15.02   9231.66   96.0815
15.04   10000   100
15.06   8198.16   90.5437
15.08   5658.79   75.2249
15.1   3678.65   60.6519
15.12   2401.24   49.0025
15.14   1635.7   40.4437
15.16   1179.96   34.3505
15.18   895.401   29.9233
15.2   704.906   26.5501
15.22   569.599   23.8663
15.24   469.505   21.6681
15.26   393.338   19.8327
15.28   334.092   18.2782
15.3   287.152   16.9456
15.32   249.364   15.7913
15.34   218.512   14.7822
15.36   193.011   13.8929
15.38   171.699   13.1034
15.4   153.712   12.398
15.42   138.395   11.7641
15.44   125.248   11.1914
15.46   113.881   10.6715
15.48   103.989   10.1975
15.5   95.3267   9.76354
15.52   87.6999   9.36482
15.54   80.9504   8.99725
15.56   74.9489   8.65731
15.58   69.5892   8.34201
15.6   64.7831   8.04879
15.62   60.457   7.77541
15.64   56.5494   7.51993
15.66   53.0079   7.28065
15.68   49.7884   7.05609
15.7   46.853   6.84493
15.72   44.1693   6.646
15.74   41.7094   6.45828
15.76   39.4491   6.28085
15.78   37.3674   6.11289
15.8   35.446   5.95366
15.82   33.6689   5.80249
15.84   32.022   5.6588
15.86   30.4929   5.52204
15.88   29.0707   5.39172
15.9   27.7456   5.26741
15.92   26.5089   5.14868
15.94   25.3531   5.03519
15.96   24.2712   4.92658
15.98   23.257   4.82255
16   22.305   4.72282
16.02   21.4102   4.62712
16.04   20.5682   4.53522
16.06   19.7749   4.4469
16.08   19.0265   4.4
16.1   18.3199   4.4
16.12   17.6518   4.4
16.14   17.0196   4.4
16.16   16.4208   4.4
16.18   15.8529   4.4
16.2   15.3141   4.4
16.22   14.8022   4.4
16.24   14.3155   4.4
16.26   13.8525   4.4
16.28   13.4115   4.4
16.3   12.9913   4.4
16.32   12.5905   4.4
16.34   12.2079   4.4
16.36   11.8426   4.4
16.38   11.4933   4.4
16.4   11.1593   4.4
16.42   10.8397   4.4
16.44   10.5335   4.4
16.46   10.2402   4.4
16.48   9.95891   4.4
16.5   0   4.4
16.52   0   4.4
16.54   0   4.4
16.56   0   4.4
16.58   0   4.4
16.6   0   4.4
16.62   0   4.4
16.64   0   4.4
16.66   0   4.4
16.68   0   4.4
16.7   0   4.4
16.72   0   4.4
16.74   0   4.4
16.76   0   4.4
16.78   0   4.4
16.8   0   4.4
16.82   0   4.4
16.84   0   4.4
16.86   0   4.4
16.88   0   4.4
16.9   0   4.4
16.92   0   4.4
16.94   0   4.4
16.96   0   4.4
16.98   0   4.4
17   0   4.4
17.02   0   4.4
17.04   0   4.4
17.06   0   4.4
17.08   0   4.4
17.1   0   4.4
17.12   0   4.4
17.14   0   4.4
17.16   0   4.4
17.18   0   4.4
17.2   0   4.4
17.22   0   4.4
17.24   0   4.4
17.26   0   4.4
17.28   0   4.4
17.3   0   4.4
17.32   0   4.4
17.34   0   4.4
17.36   0   4.4
17.38   0   4.4
17.4   0   4.4
17.42   0   4.4
17.44   0   4.4
17.46   0   4.4
17.48   0   4.4
17.5   0   4.4
17.52   0   4.4
17.54   0   4.4
17.56   0   4.4
17.58   0   4.4
17.6   0   4.4
17.62   3.3811   4.4
17.64   3.47586   4.4
17.66   3.57466   4.4
17.68   3.67774   4.4
17.7   3.78534   4.4
17.72   3.89772   4.4
17.74   4.01519   4.4
17.76   4.13804   4.4
17.78   4.26662   4.4
17.8   4.40127   4.4
17.82   4.54241   4.4
17.84   4.69044   4.4
17.86   4.84582   4.4
17.88   5.00904   4.4
17.9   5.18065   4.4
17.92   7.5443   4.4
17.94   7.79609   4.4
17.96   8.06082   4.4
17.98   8.33939   4.4
18   8.63281   4.4
18.02   8.94215   4.4
18.04   9.2686   4.4
18.06   9.61345   4.4
18.08   9.97812   4.4
18.1   10.3642   4.4
18.12   10.7734   4.4
18.14   11.2076   4.4
18.16   11.6689   4.4
18.18   12.1597   4.4
18.2   12.6825   4.4
18.22   13.2402   4.4
18.24   13.8361   4.4
18.26   14.4737   4.4
18.28   15.1571   4.4
18.3   15.8908   4.4
18.32   16.68   4.4
18.34   17.5304   4.4
18.36   18.4487   4.4
18.38   19.4424   4.40935
18.4   20.52   4.5299
18.42   21.6915   4.65741
18.44   22.9682   4.79252
18.46   24.3634   4.93593
18.48   25.8923   5.08844
18.5   27.5729   5.25099
18.52   29.4262   5.42459
18.54   31.4773   5.61046
18.56   33.7556   5.80996
18.58   36.2967   6.02468
18.6   39.1433   6.25646
18.62   42.3471   6.50746
18.64   45.9717   6.78024
18.66   50.0953   7.0778
18.68   54.8155   7.40375
18.7   60.2553   7.76243
18.72   66.5711   8.15911
18.74   73.9646   8.60027
18.76   86.7246   9.3126
18.78   97.2622   9.86216
18.8   109.968   10.4865
18.82   125.489   11.2022
18.84   144.738   12.0307
18.86   169.022   13.0008
18.88   200.278   14.1519
18.9   246.605   15.7037
18.92   302.965   17.4059
18.94   383.607   19.5859
18.96   506.982   22.5163
18.98   708.558   26.6188
19   1047.07   32.3584
19.02   1596.52   39.9564
19.04   2393.92   48.9277
19.06   3247.49   56.9867
19.08   3511.93   59.2616
19.1   2894.48   53.8004
19.12   2030.51   45.0611
19.14   1363.5   36.9255
19.16   942.015   30.6923
19.18   701.509   26.486
19.2   574.888   23.9768
19.22   518.821   22.7776
19.24   515.112   22.6961
19.26   566.814   23.8079
19.28   696.742   26.3959
19.3   944.85   30.7384
19.32   1351.71   36.7656
19.34   1891.52   43.4916
19.36   2294.93   47.9055
19.38   2146.77   46.3332
19.4   1605.1   40.0637
19.42   1088.37   32.9904
19.44   729.475   27.0088
19.46   507.481   22.5273
19.48   375.149   19.3688
19.5   294.372   17.1573
19.52   241.929   15.5541
19.54   205.68   14.3416
19.56   179.514   13.3983
19.58   160.143   12.6548
19.6   145.609   12.0669
19.62   134.659   11.6042
19.64   126.452   11.2451
19.66   120.416   10.9734
19.68   116.155   10.7775
19.7   113.396   10.6488
19.72   111.952   10.5808
19.74   111.706   10.5691
19.76   112.591   10.6109
19.78   114.585   10.7045
19.8   117.709   10.8494
19.82   122.023   11.0464
19.84   127.629   11.2973
19.86   134.68   11.6052
19.88   143.39   11.9746
19.9   154.048   12.4116
19.92   167.041   12.9244
19.94   182.893   13.5238
19.96   205.75   14.344
19.98   229.82   15.1598
20   259.815   16.1188
20.02   297.702   17.254
20.04   346.383   18.6114
20.06   410.362   20.2574
20.08   497.208   22.2982
20.1   621.009   24.9201
20.12   809.405   28.4501
20.14   1113.66   33.3716
20.16   1616.06   40.2003
20.18   2404.24   49.0331
20.2   3493.18   59.1032
20.22   4526.55   67.2796
20.24   4686.61   68.4588
20.26   3985.49   63.1307
20.28   3325.83   57.67
20.3   3195.82   56.5315
20.32   3702.89   60.8514
20.34   4739.36   68.843
20.36   5677.35   75.3482
20.38   5421.74   73.6324
20.4   4117.57   64.1683
20.42   2797.55   52.8919
20.44   1858.37   43.1089
20.46   1268.69   35.6186
20.48   913.27   30.2204
20.5   694.588   26.355
20.52   551.513   23.4843
20.54   448.165   21.1699
20.56   374.819   19.3602
20.58   319.179   17.8656
20.6   275.969   16.6123
20.62   241.787   15.5495
20.64   214.333   14.6401
20.66   192.003   13.8565
20.68   173.651   13.1777
20.7   158.443   12.5874
20.72   145.762   12.0732
20.74   135.142   11.6251
20.76   126.23   11.2352
20.78   118.755   10.8975
20.8   112.507   10.6069
20.82   107.325   10.3598
20.84   100.986   10.0492
20.86   97.6477   9.88168
20.88   95.0853   9.75117
20.9   93.2512   9.65667
20.92   92.1169   9.59776
20.94   91.6725   9.57457
20.96   91.9257   9.58779
20.98   92.9036   9.63865
21   94.6542   9.72904
21.02   97.25   9.86154
21.04   100.793   10.0396
21.06   105.424   10.2676
21.08   111.332   10.5514
21.1   118.769   10.8981
21.12   128.078   11.3172
21.14   139.727   11.8206
21.16   154.36   12.4242
21.18   172.882   13.1485
21.2   196.594   14.0212
21.22   227.417   15.0804
21.24   268.304   16.38
21.26   324.136   18.0038
21.28   403.838   20.0957
21.3   525.038   22.9137
21.32   721.869   26.8676
21.34   1051.95   32.4337
21.36   1590.58   39.8821
21.38   2384.94   48.8359
21.4   3278.84   57.2611
21.42   3650.99   60.4234
21.44   3105.85   55.7302
21.46   2244.11   47.3721
21.48   1574.04   39.6742
21.5   1181.36   34.3709
21.52   1025.69   32.0264
21.54   1071.52   32.7341
21.56   1311.85   36.2195
21.58   1731.19   41.6076
21.6   2167.38   46.5551
21.62   2209.24   47.0026
21.64   1762.26   41.9793
21.66   1226.32   35.0188
21.68   823.676   28.6998
21.7   564.898   23.7676
21.72   403.564   20.0889
21.74   306.969   17.5205
21.76   244.165   15.6258
21.78   200.401   14.1563
21.8   168.196   12.9691
21.82   143.606   11.9836
21.84   124.331   11.1504
21.86   103.972   10.1967
21.88   91.5466   9.568
21.9   81.2967   9.01647
21.92   72.7326   8.52834
21.94   65.4963   8.09298
21.96   59.3212   7.70203
21.98   54.0051   7.34882
22   49.3925   7.02798
22.02   45.362   6.73513
22.04   41.8177   6.46666
22.06   38.683   6.21957
22.08   35.8959   5.99132
22.1   33.4059   5.77978
22.12   31.1715   5.58314
22.14   29.1583   5.39984
22.16   27.3376   5.22854
22.18   25.6852   5.06806
22.2   24.1807   4.91739
22.22   22.8067   4.77563
22.24   21.5483   4.64201
22.26   20.3927   4.51583
22.28   19.329   4.4
22.3   18.3474   4.4
22.32   17.4397   4.4
22.34   16.5985   4.4
22.36   15.8174   4.4
22.38   15.0908   4.4
22.4   14.4137   4.4
22.42   13.7815   4.4
22.44   13.1905   4.4
22.46   12.6371   4.4
22.48   12.118   4.4
22.5   11.6306   4.4
22.52   11.1722   4.4
22.54   10.7407   4.4
22.56   10.3338   4.4
22.58   9.94983   4.4
22.6   9.587   4.4
22.62   9.2438   4.4
22.64   8.91882   4.4
22.66   8.61079   4.4
22.68   8.31855   4.4
22.7   8.04103   4.4
22.72   7.77724   4.4
22.74   7.5263   4.4
22.76   7.28738   4.4
22.78   7.05971   4.4
22.8   6.84261   4.4
22.82   6.63541   4.4
22.84   6.43754   4.4
22.86   6.24842   4.4
22.88   2.65851   4.4
22.9   2.57667   4.4
22.92   2.49855   4.4
22.94   2.42393   4.4
22.96   2.3526   4.4
22.98   2.28437   4.4
23   2.21906   4.4
23.02   2.59826   4.4
23.04   2.55056   4.4
23.06   2.50584   4.4
23.08   2.464   4.4
23.1   0.493921   4.4
23.12   0.50841   4.4
23.14   0.523545   4.4
23.16   0.539367   4.4
23.18   0.555916   4.4
23.2   0.573238   4.4
23.22   0.591382   4.4
23.24   0.610401   4.4
23.26   0.630352   4.4
23.28   0.651297   4.4
23.3   0.673302   4.4
23.32   0.696441   4.4
23.34   0.720793   4.4
23.36   0.746445   4.4
23.38   0.773489   4.4
23.4   0.802029   4.4
23.42   0.832177   4.4
23.44   0.864056   4.4
23.46   0.897802   4.4
23.48   0.933562   4.4
23.5   0.971499   4.4
23.52   1.0118   4.4
23.54   1.05465   4.4
23.56   1.10028   4.4
23.58   1.14894   4.4
23.6   1.20089   4.4
23.62   1.25644   4.4
23.64   1.31594   4.4
23.66   1.37976   4.4
23.68   1.44833   4.4
23.7   1.52213   4.4
23.72   1.60172   4.4
23.74   1.6877   4.4
23.76   1.78079   4.4
23.78   1.88178   4.4
23.8   1.9916   4.4
23.82   2.1113   4.4
23.84   2.2421   4.4
23.86   2.38542   4.4
23.88   2.5429   4.4
23.9   2.71647   4.4
23.92   2.90838   4.4
23.94   3.12132   4.4
23.96   3.35845   4.4
23.98   3.62357   4.4
24   3.92126   4.4
24.02   4.25705   4.4
24.04   4.6377   4.4
24.06   5.07153   4.4
24.08   5.56889   4.4
24.1   6.14273   4.4
24.12   6.80947   4.4
24.14   7.59014   4.4
24.16   8.51205   4.4
24.18   9.61111   4.4
24.2   10.9353   4.4
24.22   12.5497   4.4
24.24   14.5445   4.4
24.26   17.0471   4.4
24.28   20.2421   4.49912
24.3   24.4054   4.94019
24.32   29.9705   5.47453
24.34   37.6761   6.13809
24.36   48.9185   6.99417
24.38   66.4835   8.15374
24.4   95.6307   9.7791
24.42   144.741   12.0309
24.44   223.607   14.9535
24.46   334.352   18.2853
24.48   440.981   20.9995
24.5   452.165   21.2642
24.52   354.963   18.8405
24.54   240.574   15.5105
24.56   155.898   12.4859
24.58   102.354   10.117
24.6   70.4627   8.39421
24.62   51.3713   7.16738
24.64   39.2973   6.26875
24.66   31.1114   5.57776
24.68   25.2441   5.02435
24.7   20.8773   4.56916
24.72   17.5392   4.4
24.74   14.933   4.4
24.76   12.8615   4.4
24.78   11.1892   4.4
24.8   9.82048   4.4
24.82   8.68665   4.4
24.84   7.73722   4.4
24.86   6.93448   4.4
24.88   6.24987   4.4
24.9   5.66139   4.4
24.92   5.15193   4.4
24.94   4.70801   4.4
24.96   4.31888   4.4
24.98   3.97592   4.4
25   3.67213   4.4
25.02   3.40178   4.4
25.04   3.16014   4.4
25.06   2.9433   4.4
25.08   2.74798   4.4
25.1   2.57144   4.4
25.12   2.41135   4.4
25.14   2.26573   4.4
25.16   2.13289   4.4
25.18   2.01138   4.4
25.2   1.89994   4.4
25.22   1.79751   4.4
25.24   1.70313   4.4
25.26   1.61598   4.4
25.28   1.53534   4.4
25.3   1.46059   4.4
25.32   1.39116   4.4
25.34   1.32656   4.4
25.36   1.26635   4.4
25.38   1.21015   4.4
25.4   1.1576   4.4
25.42   1.1084   4.4
25.44   1.06226   4.4
25.46   1.01895   4.4
25.48   0.978232   4.4
25.5   0.939903   4.4
25.52   0.903782   4.4
25.54   0.869703   4.4
25.56   0.837513   4.4
25.58   0.807078   4.4
25.6   0.77827   4.4
25.62   0.750977   4.4
25.64   0.725094   4.4
25.66   0.700526   4.4
25.68   0.677185   4.4
25.7   0.65499   4.4
25.72   0.633869   4.4
25.74   0.613752   4.4
25.76   0.594577   4.4
25.78   0.576287   4.4
25.8   0.558828   4.4
25.82   0.54215   4.4
25.84   0.526207   4.4
25.86   0.904644   4.4
25.88   0.901098   4.4
25.9   0.898641   4.4
25.92   0.897265   4.4
25.94   0.896967   4.4
25.96   0.897749   4.4
25.98   0.467647   4.4
26   0.48198   4.4
26.02   0.496982   4.4
26.04   0.512695   4.4
26.06   0.529164   4.4
26.08   0.54644   4.4
26.1   0.564575   4.4
26.12   0.583628   4.4
26.14   0.603661   4.4
26.16   0.624743   4.4
26.18   0.646948   4.4
26.2   0.670357   4.4
26.22   0.69506   4.4
26.24   0.721152   4.4
26.26   0.748741   4.4
26.28   0.777942   4.4
26.3   0.808884   4.4
26.32   0.841708   4.4
26.34   0.876569   4.4
26.36   0.91364   4.4
26.38   0.953111   4.4
26.4   0.995193   4.4
26.42   1.04012   4.4
26.44   1.08816   4.4
26.46   1.1396   4.4
26.48   1.19477   4.4
26.5   7.43102   4.4
26.52   7.66922   4.4
26.54   7.91991   4.4
26.56   8.18403   4.4
26.58   8.46268   4.4
26.6   8.75703   4.4
26.62   9.06842   4.4
26.64   9.39835   4.4
26.66   9.74848   4.4
26.68   10.1207   4.4
26.7   10.5172   4.4
26.72   10.9404   4.4
26.74   11.393   4.4
26.76   11.8784   4.4
26.78   18.8116   4.4
26.8   19.5523   4.42179
26.82   20.3463   4.51069
26.84   21.2003   4.60438
26.86   22.1218   4.70339
26.88   23.1202   4.80834
26.9   24.2063   4.91999
26.92   25.3939   5.03924
26.94   26.6996   5.16716
26.96   28.1442   5.30511
26.98   29.7543   5.45475
27   31.564   5.61819
27.02   33.6181   5.79811
27.04   35.9762   5.99802
27.06   38.7196   6.22251
27.08   41.9616   6.47778
27.1   45.8642   6.77231
27.12   50.6667   7.11806
27.14   56.7403   7.53262
27.16   64.7094   8.04422
27.18   75.7395   8.70284
27.2   92.1466   9.5993
27.22   118.33   10.878
27.24   162.936   12.7646
27.26   231.519   15.2157
27.28   328.474   18.1239
27.3   428.411   20.6981
27.32   448.874   21.1866
27.34   371.652   19.2783
27.36   274.558   16.5698
27.38   202.494   14.23
27.4   158.277   12.5808
27.42   133.903   11.5716
27.44   121.587   11.0267
27.46   116.185   10.7789
27.48   114.935   10.7208
27.5   116.511   10.794
27.52   120.302   10.9682
27.54   126.047   11.2271
27.56   133.684   11.5622
27.58   143.293   11.9705
27.6   155.082   12.4532
27.62   169.392   13.0151
27.64   186.72   13.6645
27.66   207.768   14.4142
27.68   233.518   15.2813
27.7   265.351   16.2896
27.72   305.242   17.4712
27.74   356.081   18.8701
27.76   422.242   20.5485
27.78   510.748   22.5997
27.8   633.969   25.1787
27.82   815.89   28.5638
27.84   1104.03   33.2269
27.86   1583.94   39.7987
27.88   2380.79   48.7933
27.9   3614.3   60.1191
27.92   5202.28   72.1268
27.94   6354.7   79.7164
27.96   5923.9   76.9669
27.98   4425.09   66.5214
28   3025.94   55.0086
28.02   2079.26   45.5989
28.04   1522.78   39.0229
28.06   1227.69   35.0384
28.08   1094.79   33.0876
28.1   1071.65   32.736
28.12   1147.13   33.8692
28.14   1348.69   36.7245
28.16   1749.36   41.8253
28.18   2470.44   49.7035
28.2   3646.83   60.389
28.22   5267.67   72.5787
28.24   6687.27   81.7757
28.26   6578.88   81.1103
28.28   5050.7   71.0683
28.3   3428.7   58.5551
28.32   2264.95   47.5915
28.34   1538.09   39.2185
28.36   1107.05   33.2724
28.38   849.152   29.1402
28.4   686.88   26.2084
28.42   579.178   24.0661
28.44   505.745   22.4888
28.46   456.267   21.3604
28.48   425.262   20.6219
28.5   410.034   20.2493
28.52   409.968   20.2477
28.54   426.624   20.6549
28.56   464.783   21.5588
28.58   535.1   23.1322
28.6   658.675   25.6647
28.62   871.826   29.5267
28.64   1225.5   35.0071
28.66   1762.19   41.9784
28.68   2418.08   49.174
28.7   2928.28   54.1136
28.72   3171.4   56.3152
28.74   3134.47   55.9864
28.76   2613.09   51.1184
28.78   1867.01   43.2089
28.8   1256.84   35.4519
28.82   851.989   29.1889
28.84   602.506   24.546
28.86   450.11   21.2158
28.88   353.087   18.7906
28.9   290.391   17.0409
28.92   242.932   15.5863
28.94   207.258   14.3965
28.96   179.645   13.4032
28.98   158.049   12.5717
29   140.426   11.8502
29.02   125.987   11.2244
29.04   113.992   10.6767
29.06   103.907   10.1935
29.08   95.3374   9.76409
29.1   87.9883   9.38021
29.12   81.6346   9.03519
29.14   76.1021   8.72365
29.16   71.2544   8.44123
29.18   66.9834   8.18434
29.2   63.2027   7.95001
29.22   59.8423   7.73578
29.24   56.8451   7.53957
29.26   54.1642   7.35963
29.28   51.761   7.19451
29.3   49.6032   7.04295
29.32   47.6639   6.9039
29.34   45.9205   6.77647
29.36   44.8927   6.7002
29.38   43.5025   6.59564
29.4   42.2604   6.5008
29.42   35.2302   5.9355
29.44   34.41   5.86601
29.46   33.7036   5.80548
29.48   33.105   5.7537
29.5   32.6096   5.71048
29.52   32.214   5.67574
29.54   31.9159   5.64942
29.56   31.7142   5.63154
29.58   31.6086   5.62216
29.6   31.6003   5.62141
29.62   31.6912   5.62949
29.64   31.8846   5.64664
29.66   32.1851   5.67319
29.68   32.5987   5.70952
29.7   33.1329   5.75612
29.72   33.7972   5.81354
29.74   28.3793   5.32722
29.76   37.3244   6.10937
29.78   38.8331   6.23162
29.8   40.5383   6.36697
29.82   42.4658   6.51658
29.84   44.6468   6.68182
29.86   47.1191   6.86434
29.88   49.9291   7.06605
29.9   53.1335   7.28927
29.92   56.8028   7.53676
29.94   66.981   8.18419
29.96   72.0319   8.48716
29.98   77.895   8.82581
30   84.7531   9.20615
30.02   92.8452   9.63562
30.04   102.488   10.1236
30.06   114.108   10.6821
30.08   128.291   11.3266
30.1   145.858   12.0772
30.12   167.983   12.9608
30.14   196.4   14.0143
30.16   233.774   15.2897
30.18   283.044   16.8239
30.2   355.201   18.8468
30.22   462.501   21.5058
30.24   640.025   25.2987
30.26   937.981   30.6265
30.28   1425.69   37.7583
30.3   2149.42   46.3618
30.32   2977.23   54.564
30.34   3351.63   57.8932
30.36   2885.81   53.7197
30.38   2117.26   46.0137
30.4   1517.88   38.96
30.42   1127.12   33.5726
30.44   841.879   29.0152
30.46   622.495   24.9498
30.48   469.258   21.6624
30.5   368.074   19.1852
30.52   302.078   17.3804
30.54   258.77   16.0863
30.56   230.042   15.1671
30.58   211.113   14.5297
30.6   199.382   14.1203
30.62   193.568   13.9129
30.64   193.312   13.9037
30.66   199.203   14.1139
30.68   213.333   14.6059
30.7   240.387   15.5044
30.72   288.709   16.9914
30.74   369.574   19.2243
30.76   490.749   22.1529
30.78   631.407   25.1278
30.8   700.099   26.4594
30.82   628.218   25.0643
30.84   501.832   22.4016
30.86   402.418   20.0604
30.88   344.112   18.5503
30.9   318.219   17.8387
30.92   314.269   17.7276
30.94   325.208   18.0335
30.96   347.762   18.6484
30.98   381.401   19.5295
31   427.47   20.6753
31.02   488.967   22.1126
31.04   570.961   23.8948
31.06   681.825   26.1118
31.08   836.269   28.9183
31.1   1062.54   32.5966
31.12   1416.8   37.6404
31.14   2002.44   44.7487
31.16   2977.15   54.5633
31.18   4508.95   67.1487
31.2   6569.74   81.0539
31.22   8321.7   91.2233
31.24   8168.43   90.3794
31.26   6382.72   79.892
31.28   4588.4   67.7378
31.3   3442.91   58.6763
31.32   2975.47   54.5478
31.34   3126.27   55.9131
31.36   3880.43   62.2931
31.38   5175.33   71.9397
31.4   6479.3   80.4941
31.42   6537.06   80.8521
31.44   5155.4   71.8011
31.46   3555.83   59.6308
31.48   2368.44   48.6667
31.5   1610.06   40.1256
31.52   1150.72   33.9223
31.54   869.379   29.4852
31.56   686.792   26.2067
31.58   559.844   23.661
31.6   466.698   21.6032
31.62   395.822   19.8953
31.64   340.476   18.452
31.66   296.364   17.2152
31.68   260.594   16.1429
31.7   231.156   15.2038
31.72   206.612   14.374
31.74   185.916   13.6351
31.76   168.289   12.9726
31.78   153.14   12.375
31.8   136.878   11.6995
31.82   125.513   11.2032
31.84   115.539   10.7489
31.86   106.734   10.3312
31.88   98.9208   9.94589
31.9   91.7011   9.57607
31.92   85.465   9.24473
31.94   79.8554   8.93619
31.96   74.7901   8.64813
31.98   70.1998   8.37853
32   66.0261   8.12565
32.02   62.2196   7.88794
32.04   58.7378   7.66406
32.06   55.5443   7.45281
32.08   52.6079   7.25313
32.1   49.9014   7.06409
32.12   47.4011   6.88485
32.14   45.0864   6.71464
32.16   42.9391   6.55279
32.18   40.9434   6.3987
32.2   39.0851   6.25181
32.22   37.3519   6.11162
32.24   35.7326   5.97767
32.26   33.6955   5.80478
32.28   32.2896   5.68239
32.3   30.9705   5.56511
32.32   29.7311   5.45263
32.34   28.5652   5.34465
32.36   27.467   5.2409
32.38   26.4314   5.14115
32.4   25.4536   5.04515
32.42   24.5294   4.95271
32.44   23.6549   4.86363
32.46   22.8266   4.77772
32.48   22.0413   4.69482
32.5   21.2961   4.61476
32.52   20.5882   4.53742
32.54   19.9152   4.46264
32.56   19.2748   4.4
32.58   18.6649   4.4
32.6   18.0837   4.4
32.62   17.5293   4.4
32.64   17.0002   4.4
32.66   16.4947   4.4
32.68   16.0116   4.4
32.7   15.5494   4.4
32.72   7.53592   4.4
32.74   7.311   4.4
32.76   7.096   4.4
32.78   6.89034   4.4
32.8   6.69349   4.4
32.82   6.50495   4.4
32.84   6.32427   4.4
32.86   6.151   4.4
32.88   5.98476   4.4
32.9   0   4.4
32.92   0   4.4
32.94   0   4.4
32.96   0   4.4
32.98   0   4.4
33   0   4.4
33.02   0   4.4
33.04   0   4.4
33.06   0   4.4
33.08   0   4.4
33.1   0   4.4
33.12   0   4.4
33.14   0   4.4
33.16   0   4.4
33.18   0   4.4
33.2   0   4.4
33.22   0   4.4
33.24   0   4.4
33.26   1.90904   4.4
33.28   1.96212   4.4
33.3   2.01745   4.4
33.32   2.07515   4.4
33.34   2.13536   4.4
33.36   2.19822   4.4
33.38   2.26391   4.4
33.4   4.04683   4.4
33.42   4.16682   4.4
33.44   4.29223   4.4
33.46   4.47525   4.4
33.48   4.61398   4.4
33.5   4.75927   4.4
33.52   4.91156   4.4
33.54   5.07128   4.4
33.56   5.23894   4.4
33.58   5.41507   4.4
33.6   5.60026   4.4
33.62   5.79513   4.4
33.64   6.00038   4.4
33.66   6.21676   4.4
33.68   6.51011   4.4
33.7   6.7531   4.4
33.72   7.01   4.4
33.74   7.2819   4.4
33.76   7.56998   4.4
33.78   7.87557   4.4
33.8   8.20011   4.4
33.82   8.54522   4.4
33.84   8.91267   4.4
33.86   9.30445   4.4
33.88   9.72275   4.4
33.9   10.17   4.4
33.92   10.6491   4.4
33.94   11.1629   4.4
33.96   11.7151   4.4
33.98   12.3095   4.4
34   12.9505   4.4
34.02   13.6433   4.4
34.04   14.3935   4.4
34.06   15.2078   4.4
34.08   16.0936   4.4
34.1   17.0597   4.4
34.12   18.1161   4.4
34.14   19.2745   4.4
34.16   20.5486   4.53305
34.18   21.9544   4.68555
34.2   23.5109   4.8488
34.22   25.2405   5.024
34.24   27.1703   5.21251
34.26   29.3324   5.41594
34.28   31.7663   5.63616
34.3   34.5197   5.87534
34.32   37.6518   6.1361
34.34   41.236   6.42153
34.36   45.3648   6.73534
34.38   50.1555   7.08206
34.4   55.7593   7.46721
34.42   62.3732   7.89767
34.44   70.2586   8.38204
34.46   79.7672   8.93125
34.48   91.3824   9.55942
34.5   105.782   10.2851
34.52   123.943   11.133
34.54   147.317   12.1374
34.56   178.191   13.3488
34.58   220.488   14.8489
34.6   281.65   16.7824
34.62   376.289   19.3982
34.64   530.943   23.0422
34.66   785.468   28.0262
34.68   1181.21   34.3687
34.7   1706.69   41.3121
34.72   2144.03   46.3037
34.74   2119.98   46.0433
34.76   1757.87   41.9269
34.78   1474.56   38.4
34.8   1442.62   37.9819
34.82   1657.89   40.7172
34.84   1949.65   44.1549
34.86   1940.72   44.0536
34.88   1544.47   39.2997
34.9   1091.71   33.041
34.92   756.017   27.4958
34.94   531.961   23.0643
34.96   384.215   19.6014
34.98   288.593   16.988
35   226.324   15.0441
35.02   184.856   13.5962
35.04   157.28   12.5411
35.06   140.323   11.8458
35.08   132.788   11.5233
35.1   133.818   11.568
35.12   138.86   11.7839
35.14   134.932   11.616
35.16   115.474   10.7459
35.18   92.1729   9.60067
35.2   73.5122   8.57393
35.22   60.3157   7.76632
35.24   51.1796   7.15399
35.26   44.6449   6.68168
35.28   39.6953   6.30042
35.3   37.9178   6.15775
35.32   34.7052   5.89111
35.34   31.9941   5.65633
35.36   29.6713   5.44714
35.38   27.6587   5.25915
35.4   25.8994   5.08915
35.42   24.3509   4.93467
35.44   22.9802   4.79376
35.46   21.7612   4.66489
35.48   20.6733   4.54679
35.5   19.6995   4.43841
35.52   18.8259   4.4
35.54   18.0615   4.4
35.56   17.3565   4.4
35.58   16.7224   4.4
35.6   16.1527   4.4
35.62   15.6413   4.4
35.64   15.1834   4.4
35.66   14.7747   4.4
35.68   14.4117   4.4
35.7   14.0913   4.4
35.72   13.811   4.4
35.74   13.5686   4.4
35.76   13.3624   4.4
35.78   14.9214   4.4
35.8   14.8317   4.4
35.82   14.7769   4.4
35.84   14.7566   4.4
35.86   14.7708   4.4
35.88   14.8195   4.4
35.9   14.9032   4.4
35.92   15.0228   4.4
35.94   15.1793   4.4
35.96   15.374   4.4
35.98   15.6089   4.4
36   15.8861   4.4
36.02   16.2081   4.4
36.04   16.578   4.4
36.06   16.9997   4.4
36.08   17.4773   4.4
36.1   18.0159   4.4
36.12   18.6215   4.4
36.14   19.3011   4.4
36.16   20.0627   4.47915
36.18   20.9161   4.57342
36.2   19.9803   4.46993
36.22   21.1036   4.59387
36.24   22.3576   4.72839
36.26   23.7616   4.87459
36.28   25.3387   5.03376
36.3   27.1172   5.20741
36.32   29.1311   5.39733
36.34   29.789   5.45793
36.36   32.4536   5.6968
36.38   35.5119   5.95918
36.4   39.0467   6.24873
36.42   43.1138   6.56611
36.44   47.9522   6.92475
36.46   53.6906   7.32738
36.48   60.5696   7.78265
36.5   68.9156   8.30154
36.52   79.1801   8.89832
36.54   92.0008   9.5917
36.56   108.301   10.4068
36.58   129.462   11.3782
36.6   157.592   12.5536
36.62   196.532   14.019
36.64   253.247   15.9137
36.66   341.762   18.4868
36.68   488.448   22.1009
36.7   735.008   27.111
36.72   1129.42   33.6069
36.74   1679.17   40.9776
36.76   2197.24   46.8748
36.78   2232.56   47.25
36.8   1745.94   41.7845
36.82   1188.23   34.4707
36.84   779.511   27.9197
36.86   523.125   22.8719
36.88   372.18   19.292
36.9   283.782   16.8458
36.92   230.357   15.1775
36.94   197.4   14.0499
36.96   178.007   13.3419
36.98   168.514   12.9813
37   165.077   12.8482
37.02   162.567   12.7502
37.04   160.906   12.6849
37.06   164.851   12.8395
37.08   177.692   13.3301
37.1   202.361   14.2254
37.12   244.533   15.6375
37.14   316.308   17.785
37.16   440.531   20.9888
37.18   652.01   25.5345
37.2   986.817   31.4136
37.22   1433.58   37.8627
37.24   1794.71   42.364
37.26   1719.31   41.4645
37.28   1292.77   35.9551
37.3   866.134   29.4302
37.32   568.041   23.8336
37.34   381.569   19.5338
37.36   270.684   16.4525
37.38   203.425   14.2627
37.4   159.994   12.6489
37.42   129.97   11.4004
37.44   108.126   10.3984
37.46   91.6754   9.57472
37.48   78.9733   8.88669
37.5   68.9669   8.30463
37.52   60.9494   7.80701
37.54   54.4312   7.37775
37.56   49.0651   7.00465
37.58   44.5994   6.67828
37.6   40.8482   6.39126
37.62   37.672   6.13776
37.64   34.9647   5.9131
37.66   32.6441   5.7135
37.68   30.6462   5.5359
37.7   28.9202   5.37775
37.72   27.426   5.23699
37.74   26.1311   5.11186
37.76   25.0094   5.00094
37.78   24.0395   4.90301
37.8   23.2042   4.81708
37.82   22.4893   4.74229
37.84   21.8832   4.67795
37.86   21.798   4.66883
37.88   21.395   4.62548
37.9   21.0785   4.59113
37.92   20.8437   4.5655
37.94   20.6874   4.54834
37.96   20.8035   4.56109
37.98   20.8036   4.5611
38   20.8785   4.5693
38.02   21.0289   4.58573
38.04   21.2564   4.61047
38.06   21.5638   4.64368
38.08   21.9548   4.6856
38.1   22.4344   4.7365
38.12   23.009   4.79677
38.14   23.6862   4.86685
38.16   24.4758   4.9473
38.18   25.3893   5.03877
38.2   26.4407   5.14205
38.22   27.6471   5.25805
38.24   29.0291   5.38786
38.26   28.4886   5.33747
38.28   30.3579   5.5098
38.3   32.4932   5.70028
38.32   35.2918   5.94069
38.34   38.1188   6.17405
38.36   41.3877   6.43333
38.38   45.1895   6.72231
38.4   49.6408   7.04563
38.42   54.8933   7.409
38.44   61.8418   7.86396
38.46   69.3817   8.32957
38.48   78.5537   8.86305
38.5   89.845   9.47866
38.52   104.022   10.1991
38.54   122.218   11.0552
38.56   146.034   12.0845
38.58   178.549   13.3622
38.6   225.266   15.0089
38.62   295.854   17.2004
38.64   405.333   20.1329
38.66   572.636   23.9298
38.68   809.153   28.4456
38.7   1080.98   32.8783
38.72   1325.07   36.4015
38.74   1627.03   40.3365
38.76   2097.48   45.7983
38.78   2555.43   50.5512
38.8   2507.11   50.071
38.82   1931.57   43.9496
38.84   1309.3   36.1843
38.86   858.629   29.3024
38.88   575.105   23.9814
38.9   405.699   20.142
38.92   303.415   17.4188
38.94   238.147   15.432
38.96   193.725   13.9185
38.98   162.007   12.7282
39   138.708   11.7774
39.02   121.35   11.0159
39.04   108.391   10.4111
39.06   98.8458   9.94212
39.08   92.0986   9.5968
39.1   87.9229   9.37672
39.12   85.9794   9.27251
39.14   86.5207   9.30165
39.16   90.0364   9.48875
39.18   97.6561   9.88211
39.2   111.791   10.5731
39.22   137.141   11.7107
39.24   181.434   13.4697
39.26   254.256   15.9454
39.28   359.907   18.9712
39.3   471.771   21.7203
39.32   509.799   22.5787
39.34   453.248   21.2896
39.36   387.66   19.6891
39.38   355.298   18.8494
39.4   326.81   18.0779
39.42   267.568   16.3575
39.44   199.673   14.1306
39.46   147.702   12.1533
39.48   113.964   10.6754
39.5   93.6687   9.67826
39.52   82.0128   9.05609
39.54   75.7182   8.70162
39.56   72.9953   8.54373
39.58   73.0653   8.54783
39.6   75.7694   8.70456
39.62   81.4359   9.02419
39.64   91.0333   9.54114
39.66   108.715   10.4267
39.68   134.573   11.6006
39.7   177.336   13.3168
39.72   245.487   15.668
39.74   343.493   18.5336
39.76   451.029   21.2374
39.78   505.088   22.4742
39.8   495.074   22.2503
39.82   504.347   22.4577
39.84   585.873   24.2048
39.86   722.08   26.8715
39.88   796.295   28.2187
39.9   698.495   26.4291
39.92   523.026   22.8698
39.94   382.698   19.5627
39.96   299.01   17.2919
39.98   252.706   15.8967
40   215.008   14.6632
40.02   181.587   13.4754
40.04   160.559   12.6712
40.06   152.047   12.3307
40.08   156.919   12.5267
40.1   177.545   13.3246
40.12   221.344   14.8776
40.14   302.272   17.386
40.16   438.414   20.9383
40.18   636.804   25.235
40.2   845.323   29.0744
40.22   897.357   29.9559
40.24   730.979   27.0366
40.26   510.374   22.5914
40.28   338.88   18.4087
40.3   230.534   15.1834
40.32   165.952   12.8823
40.34   127.847   11.3069
40.36   104.577   10.2263
40.38   89.8168   9.47718
40.4   80.5805   8.97667
40.42   75.7275   8.70215
40.44   75.3638   8.68123
40.46   80.721   8.98449
40.48   93.8665   9.68847
40.5   116.294   10.784
40.52   143.631   11.9846
40.54   156.339   12.5036
40.56   138.62   11.7737
40.58   108.353   10.4093
40.6   83.5544   9.14081
40.62   67.4595   8.21337
40.64   58.1129   7.62318
40.66   53.0838   7.28586
40.68   50.6274   7.11529
40.7   49.761   7.05415
40.72   50.0097   7.07176
40.74   51.1661   7.15305
40.76   53.1577   7.29093
40.78   55.9925   7.48281
40.8   59.3385   7.70315
40.82   64.1454   8.00908
40.84   70.2045   8.37881
40.86   77.6242   8.81046
40.88   87.2197   9.33915
40.9   99.4139   9.97065
40.92   115.114   10.7291
40.94   135.691   11.6486
40.96   163.322   12.7798
40.98   201.789   14.2053
41   258.339   16.0729
41.02   347.403   18.6387
41.04   495.623   22.2626
41.06   743.723   27.2713
41.08   1135.19   33.6926
41.1   1663.04   40.7804
41.12   2110.63   45.9416
41.14   2060.04   45.3877
41.16   1574.34   39.678
41.18   1072.49   32.7488
41.2   718.565   26.8061
41.22   502.922   22.4259
41.24   381.371   19.5287
41.26   316.406   17.7878
41.28   286.77   16.9343
41.3   283.397   16.8344
41.32   307.5   17.5357
41.34   367.998   19.1833
41.36   482.561   21.9673
41.38   665.922   25.8055
41.4   900.966   30.0161
41.42   1085.65   32.9491
41.44   1154.65   33.9802
41.46   1204.47   34.7055
41.48   1209.61   34.7795
41.5   1030.77   32.1056
41.52   753.545   27.4508
41.54   525.924   22.933
41.56   381.597   19.5345
41.58   304.195   17.4412
41.6   265.978   16.3088
41.62   232.946   15.2626
41.64   188.868   13.7429
41.66   146.268   12.0941
41.68   112.989   10.6296
41.7   90.2614   9.5006
41.72   74.4853   8.63049
41.74   63.2011   7.94991
41.76   54.738   7.39851
41.78   48.1088   6.93605
41.8   42.7512   6.53844
41.82   38.3273   6.1909
41.84   34.6156   5.8835
41.86   31.4614   5.60905
41.88   28.7519   5.36208
41.9   26.4027   5.13835
41.92   24.3492   4.93449
41.94   22.5413   4.74777
41.96   20.9396   4.57598
41.98   19.5124   4.41728
42   18.121   4.4
42.02   16.9738   4.4
42.04   15.9374   4.4
42.06   14.9973   4.4
42.08   14.1415   4.4
42.1   13.36   4.4
42.12   12.6441   4.4
42.14   11.9863   4.4
42.16   11.3804   4.4
42.18   10.8995   4.4
42.2   10.3838   4.4
42.22   9.90578   4.4
42.24   9.46167   4.4
42.26   9.04833   4.4
42.28   8.66296   4.4
42.3   8.30305   4.4
42.32   7.96642   4.4
42.34   7.65108   4.4
42.36   7.35529   4.4
42.38   7.07748   4.4
42.4   6.81623   4.4
42.42   6.57028   4.4
42.44   6.33849   4.4
42.46   6.41303   4.4
42.48   6.21468   4.4
42.5   6.02803   4.4
42.52   5.85232   4.4
42.54   5.68687   4.4
42.56   5.75251   4.4
42.58   5.78443   4.4
42.6   5.65769   4.4
42.62   3.56691   4.4
42.64   3.50887   4.4
42.66   3.45675   4.4
42.68   3.41037   4.4
42.7   3.36957   4.4
42.72   3.33422   4.4
42.74   3.30424   4.4
42.76   3.27956   4.4
42.78   3.26014   4.4
42.8   3.24598   4.4
42.82   3.36183   4.4
42.84   3.36184   4.4
42.86   3.36745   4.4
42.88   2.71302   4.4
42.9   2.74809   4.4
42.92   2.78857   4.4
42.94   2.83478   4.4
42.96   2.0341   4.4
42.98   2.11548   4.4
43   2.20292   4.4
43.02   2.32226   4.4
43.04   2.4244   4.4
43.06   2.53466   4.4
43.08   2.56405   4.4
43.1   2.69577   4.4
43.12   2.83861   4.4
43.14   2.99396   4.4
43.16   3.16346   4.4
43.18   3.34903   4.4
43.2   3.55295   4.4
43.22   3.77797   4.4
43.24   4.02743   4.4
43.26   4.34551   4.4
43.28   4.6582   4.4
43.3   5.01086   4.4
43.32   5.41156   4.4
43.34   5.87073   4.4
43.36   6.40214   4.4
43.38   7.02422   4.4
43.4   7.84275   4.4
43.42   8.73482   4.4
43.44   9.83078   4.4
43.46   11.2103   4.4
43.48   13.0059   4.4
43.5   15.462   4.4
43.52   19.0592   4.4
43.54   24.7023   4.97014
43.56   33.8401   5.81723
43.58   48.1959   6.94232
43.6   68.2802   8.26318
43.62   88.2931   9.39644
43.64   92.5792   9.62181
43.66   77.966   8.82983
43.68   60.1951   7.75855
43.7   47.9471   6.92439
43.72   41.7936   6.4648
43.74   40.3509   6.35224
43.76   42.4355   6.51426
43.78   47.6302   6.90147
43.8   56.4786   7.51522
43.82   70.8213   8.41554
43.84   94.4339   9.71771
43.86   133.492   11.5539
43.88   195.614   13.9862
43.9   284.076   16.8545
43.92   377.665   19.4336
43.94   421.509   20.5307
43.96   416.32   20.4039
43.98   419.172   20.4737
44   427.321   20.6717
44.02   407.983   20.1986
44.04   366.481   19.1437
44.06   298.228   17.2693
44.08   217.425   14.7454
44.1   153.083   12.3727
44.12   111.374   10.5534
44.14   87.4317   9.35049
44.16   76.2476   8.73199
44.18   75.386   8.68251
44.2   84.9033   9.2143
44.22   105.532   10.2729
44.24   133.118   11.5377
44.26   147.999   12.1655
44.28   130.506   11.4239
44.3   97.1318   9.85555
44.32   68.7271   8.29018
44.34   49.873   7.06208
44.36   38.8221   6.23074
44.38   33.2279   5.76437
44.4   31.5959   5.62103
44.42   33.2598   5.76713
44.44   37.3732   6.11336
44.46   40.6098   6.37258
44.48   37.9614   6.16128
44.5   31.0076   5.56844
44.52   24.598   4.95964
44.54   20.3465   4.51071
44.56   18.0943   4.4
44.58   17.4647   4.4
44.6   18.3696   4.4
44.62   21.1645   4.60049
44.64   26.5652   5.15414
44.66   35.1433   5.92818
44.68   45.5194   6.74681
44.7   51.1448   7.15156
44.72   46.6081   6.82701
44.74   38.2316   6.18317
44.76   32.8518   5.73165
44.78   32.7887   5.72614
44.8   38.7249   6.22293
44.82   52.0119   7.21193
44.84   71.2345   8.44005
44.86   88.2252   9.39283
44.88   86.1852   9.2836
44.9   66.5443   8.15747
44.92   45.8821   6.77363
44.94   31.0323   5.57067
44.96   21.6895   4.65719
44.98   16.0695   4.4
45   12.6261   4.4
45.02   10.3813   4.4
45.04   8.8136   4.4
45.06   7.66034   4.4
45.08   6.78189   4.4
45.1   6.09597   4.4
45.12   5.47506   4.4
45.14   5.03547   4.4
45.16   4.67567   4.4
45.18   4.37815   4.4
45.2   4.13018   4.4
45.22   3.92234   4.4
45.24   3.74758   4.4
45.26   3.60049   4.4
45.28   3.47695   4.4
45.3   3.37372   4.4
45.32   3.28831   4.4
45.34   3.21876   4.4
45.36   3.16353   4.4
45.38   3.12146   4.4
45.4   3.09165   4.4
45.42   2.78727   4.4
45.44   2.78776   4.4
45.46   2.84555   4.4
45.48   2.88025   4.4
45.5   2.92565   4.4
45.52   2.81148   4.4
45.54   2.88381   4.4
45.56   2.96796   4.4
45.58   3.06472   4.4
45.6   3.17506   4.4
45.62   3.30018   4.4
45.64   3.44154   4.4
45.66   3.60088   4.4
45.68   3.78031   4.4
45.7   3.98235   4.4
45.72   4.08834   4.4
45.74   4.34856   4.4
45.76   4.64235   4.4
45.78   4.9751   4.4
45.8   5.3534   4.4
45.82   5.78537   4.4
45.84   6.28113   4.4
45.86   6.85335   4.4
45.88   7.51814   4.4
45.9   8.29611   4.4
45.92   9.21409   4.4
45.94   10.2831   4.4
45.96   11.5997   4.4
45.98   13.2034   4.4
46   15.1838   4.4
46.02   17.6685   4.4
46.04   20.845   4.56563
46.06   25.0025   5.00025
46.08   30.6212   5.53364
46.1   38.5657   6.21013
46.12   50.4477   7.10265
46.14   69.1362   8.31482
46.16   99.1392   9.95687
46.18   146.278   12.0945
46.2   212.844   14.5892
46.22   286.651   16.9308
46.24   352.209   18.7672
46.26   404.42   20.1102
46.28   396.409   19.91
46.3   311.049   17.6366
46.32   213.011   14.5949
46.34   140.275   11.8438
46.36   93.9177   9.69112
46.38   66.0897   8.12956
46.4   49.2814   7.02007
46.42   38.6046   6.21326
46.44   31.3763   5.60146
46.46   26.2332   5.12184
46.48   22.4596   4.73915
46.5   19.6433   4.43208
46.52   17.5268   4.4
46.54   15.942   4.4
46.56   14.777   4.4
46.58   13.9585   4.4
46.6   13.4407   4.4
46.62   13.1992   4.4
46.64   13.2282   4.4
46.66   13.5407   4.4
46.68   14.1704   4.4
46.7   15.178   4.4
46.72   16.6617   4.4
46.74   18.7773   4.4
46.76   21.7777   4.66666
46.78   26.1025   5.10906
46.8   32.5919   5.70893
46.82   42.9288   6.55201
46.84   61.3437   7.83222
46.86   90.7634   9.52698
46.88   137.995   11.7471
46.9   203.945   14.2809
46.92   266.111   16.3129
46.94   270.156   16.4364
46.96   211.284   14.5356
46.98   143.791   11.9913
47   94.2092   9.70614
47.02   63.7727   7.98578
47.04   45.1756   6.72128
47.06   34.0322   5.83371
47.08   26.9749   5.19373
47.1   22.189   4.71052
47.12   18.7647   4.4
47.14   16.2264   4.4
47.16   14.2988   4.4
47.18   12.8086   4.4
47.2   11.6402   4.4
47.22   10.7145   4.4
47.24   9.97563   4.4
47.26   9.38338   4.4
47.28   8.90844   4.4
47.3   8.52898   4.4
47.32   8.22861   4.4
47.34   7.99488   4.4
47.36   7.81826   4.4
47.38   7.69143   4.4
47.4   7.60879   4.4
47.42   7.56606   4.4
47.44   7.56005   4.4
47.46   7.70165   4.4
47.48   7.76596   4.4
47.5   7.86221   4.4
47.52   7.99   4.4
47.54   8.14945   4.4
47.56   8.34115   4.4
47.58   8.70711   4.4
47.6   8.97096   4.4
47.62   9.27197   4.4
47.64   9.61277   4.4
47.66   9.99665   4.4
47.68   10.3072   4.4
47.7   10.7931   4.4
47.72   11.3364   4.4
47.74   11.9439   4.4
47.76   12.3282   4.4
47.78   13.0996   4.4
47.8   13.9645   4.4
47.82   14.9371   4.4
47.84   16.0347   4.4
47.86   17.2783   4.4
47.88   18.6938   4.4
47.9   20.3135   4.50705
47.92   22.4135   4.73429
47.94   24.5801   4.95783
47.96   27.1085   5.20658
47.98   30.0868   5.48515
48   33.6227   5.79851
48.02   37.8699   6.15385
48.04   43.0349   6.5601
48.06   49.4054   7.0289
48.08   57.3921   7.57576
48.1   67.5982   8.22181
48.12   80.9483   8.99712
48.14   98.9654   9.94814
48.16   124.426   11.1546
48.18   162.802   12.7594
48.2   224.674   14.9891
48.22   327.884   18.1076
48.24   495.746   22.2653
48.26   742.867   27.2556
48.28   1020.97   31.9527
48.3   1138.26   33.738
48.32   973.325   31.1982
48.34   712.466   26.6921
48.36   513.471   22.6599
48.38   404.856   20.121
48.4   377.939   19.4407
48.42   426.696   20.6566
48.44   553.486   23.5263
48.46   745.789   27.3091
48.48   911.367   30.1889
48.5   880.445   29.6723
48.52   673.995   25.9614
48.54   461.278   21.4774
48.56   308.406   17.5615
48.58   212.339   14.5719
48.6   154.59   12.4334
48.62   119.291   10.922
48.64   96.449   9.82085
48.66   80.7496   8.98608
48.68   69.5249   8.33816
48.7   61.3776   7.83439
48.72   55.5214   7.45127
48.74   51.512   7.17719
48.76   49.1675   7.01196
48.78   48.5088   6.96483
48.8   49.973   7.06916
48.82   54.5873   7.38832
48.84   64.2052   8.01282
48.86   81.3179   9.01765
48.88   107.558   10.371
48.9   137.975   11.7463
48.92   152.513   12.3496
48.94   139.017   11.7905
48.96   119.001   10.9088
48.98   113.513   10.6543
49   124.711   11.1674
49.02   151.701   12.3167
49.04   177.247   13.3134
49.06   170.744   13.0669
49.08   135.381   11.6353
49.1   100.946   10.0472
49.12   76.6675   8.756
49.14   63.2955   7.95585
49.16   58.3256   7.63712
49.18   59.7874   7.73223
49.2   65.9441   8.12059
49.22   72.6496   8.52347
49.24   73.5782   8.57777
49.26   70.6213   8.40365
49.28   71.4494   8.45277
49.3   82.0956   9.06066
49.32   104.98   10.246
49.34   145.503   12.0624
49.36   203.811   14.2762
49.38   259.007   16.0937
49.4   262.503   16.2019
49.42   209.696   14.4809
49.44   149.627   12.2322
49.46   105.252   10.2592
49.48   76.8976   8.76913
49.5   59.9923   7.74547
49.52   50.0781   7.07659
49.54   44.1289   6.64296
49.56   40.4717   6.36174
49.58   38.257   6.18522
49.6   37.0466   6.08659
49.62   36.603   6.05004
49.64   36.7955   6.06593
49.66   37.5597   6.1286
49.68   38.8787   6.23528
49.7   40.7761   6.38562
49.72   43.3157   6.58147
49.74   46.6074   6.82696
49.76   49.7682   7.05466
49.78   55.184   7.42859
49.8   62.1498   7.88351
49.82   71.2379   8.44026
49.84   83.3593   9.13013
49.86   100.089   10.0045
49.88   124.436   11.1551
49.9   162.396   12.7435
49.92   225.105   15.0035
49.94   329.739   18.1587
49.96   495.27   22.2547
49.98   720.044   26.8336
50   918.859   30.3127
50.02   910.476   30.1741
50.04   707.82   26.6049
50.06   491.61   22.1723
50.08   337.988   18.3845
50.1   244.584   15.6392
50.12   192.626   13.879
50.14   165.923   12.8811
50.16   154.422   12.4267
50.18   152.459   12.3474
50.2   155.306   12.4622
50.22   159.554   12.6315
50.24   167.41   12.9387
50.26   182.781   13.5196
50.28   208.721   14.4472
50.3   249.846   15.8065
50.32   315.665   17.767
50.34   424.747   20.6094
50.36   607.51   24.6477
50.38   900.975   30.0162
50.4   1319.58   36.326
50.42   1750.61   41.8403
50.44   1869.5   43.2378
50.46   1597.32   39.9665
50.48   1281.96   35.8045
50.5   1140.23   33.7674
50.52   1199.81   34.6382
50.54   1373.46   37.0602
50.56   1422.09   37.7106
50.58   1198   34.6122
50.6   890.429   29.8401
50.62   657.995   25.6514
50.64   526.718   22.9503
50.66   484.554   22.0126
50.68   524.078   22.8928
50.7   649.094   25.4773
50.72   858.097   29.2933
50.74   1082.7   32.9044
50.76   1138.81   33.7463
50.78   985.043   31.3854
50.8   817.183   28.5864
50.82   745.998   27.313
50.84   744.995   27.2946
50.86   697.439   26.4091
50.88   553.259   23.5215
50.9   396.752   19.9186
50.92   279.532   16.7192
50.94   202.532   14.2314
50.96   154.921   12.4467
50.98   123.667   11.1205
51   102.404   10.1195
51.02   87.0104   9.32794
51.04   75.3215   8.6788
51.06   66.1554   8.1336
51.08   58.8008   7.66817
51.1   52.7928   7.26587
51.12   47.8116   6.91459
51.14   43.6299   6.60529
51.16   40.0821   6.33104
51.18   37.045   6.08646
51.2   34.4254   5.86732
51.22   32.6968   5.71811
51.24   30.728   5.54329
51.26   29.0054   5.38567
51.28   27.4938   5.24345
51.3   26.1648   5.11515
51.32   24.9955   4.99955
51.34   23.9673   4.89564
51.36   23.0648   4.80259
51.38   22.2758   4.71973
51.4   21.5901   4.64652
51.42   20.9997   4.58255
51.44   20.4982   4.52749
51.46   20.0806   4.48113
51.48   19.7434   4.44336
51.5   18.6375   4.4
51.52   18.4781   4.4
51.54   18.3956   4.4
51.56   18.3914   4.4
51.58   18.4688   4.4
51.6   18.6325   4.4
51.62   18.8893   4.4
51.64   19.7455   4.4436
51.66   21.5559   4.64284
51.68   22.2103   4.71279
51.7   23.0162   4.79752
51.72   23.9995   4.89893
51.74   25.1945   5.01941
51.76   26.6464   5.16201
51.78   28.4155   5.33062
51.8   30.5838   5.53027
51.82   33.2649   5.76757
51.84   36.6188   6.05135
51.86   40.8775   6.39355
51.88   46.388   6.81087
51.9   53.6982   7.3279
51.92   62.1576   7.88401
51.94   76.7952   8.76329
51.96   99.5526   9.9776
51.98   137.062   11.7074
52   199.548   14.1261
52.02   297.022   17.2343
52.04   430.95   20.7593
52.06   547.987   23.4091
52.08   541.647   23.2733
52.1   421.763   20.5369
52.12   295.04   17.1767
52.14   205.606   14.339
52.16   151.791   12.3204
52.18   122.467   11.0665
52.2   108.091   10.3967
52.22   102.877   10.1428
52.24   103.273   10.1623
52.26   110.464   10.5102
52.28   124.394   11.1532
52.3   149.179   12.2139
52.32   188.382   13.7252
52.34   254.919   15.9662
52.36   369.093   19.2118
52.38   552.873   23.5133
52.4   810.27   28.4652
52.42   1055.43   32.4873
52.44   1077.43   32.8242
52.46   853.94   29.2223
52.48   596.106   24.4153
52.5   409.259   20.2301
52.52   296.36   17.2151
52.54   236.992   15.3946
52.56   213.975   14.6279
52.58   220.041   14.8338
52.6   257.754   16.0547
52.62   335.459   18.3155
52.64   456.277   21.3606
52.66   584.422   24.1748
52.68   612.721   24.7532
52.7   503.402   22.4366
52.72   361.807   19.0212
52.74   254.284   15.9463
52.76   186.332   13.6503
52.78   147.01   12.1248
52.8   125.353   11.1961
52.82   114.066   10.6802
52.84   109.289   10.4542
52.86   109.318   10.4555
52.88   113.618   10.6592
52.9   122.573   11.0713
52.92   136.654   11.6899
52.94   157.783   12.5612
52.96   189.301   13.7587
52.98   237.859   15.4227
53   316.624   17.7939
53.02   449.253   21.1956
53.04   670.549   25.895
53.06   1013.54   31.8361
53.08   1455.38   38.1494
53.1   1805.25   42.4882
53.12   1771.02   42.0835
53.14   1374.02   37.0678
53.16   935.217   30.5813
53.18   614.556   24.7902
53.2   412.637   20.3135
53.22   292.255   17.0955
53.24   219.971   14.8314
53.26   174.182   13.1978
53.28   143.288   11.9703
53.3   121.43   11.0195
53.32   105.54   10.2733
53.34   93.8539   9.68782
53.36   85.2771   9.23456
53.38   79.107   8.89421
53.4   74.893   8.65408
53.42   72.3608   8.50652
53.44   71.3702   8.44809
53.46   71.8961   8.47916
53.48   74.0276   8.60393
53.5   77.9845   8.83088
53.52   84.1573   9.17373
53.54   93.1837   9.65317
53.56   105.598   10.2761
53.58   124.171   11.1432
53.6   151.657   12.3149
53.62   194.567   13.9487
53.64   265.602   16.2973
53.66   386.348   19.6557
53.68   585.278   24.1925
53.7   880.919   29.6803
53.72   1216.98   34.8852
53.74   1360.18   36.8806
53.76   1150.1   33.9132
53.78   808.599   28.4359
53.8   531.929   23.0636
53.82   350.844   18.7308
53.84   241.733   15.5478
53.86   176.92   13.3011
53.88   136.767   11.6948
53.9   110.147   10.4951
53.92   90.4244   9.50917
53.94   76.7436   8.76035
53.96   66.4842   8.15379
53.98   58.6685   7.65954
54   52.6621   7.25686
54.02   48.0409   6.93115
54.04   44.5187   6.67223
54.06   41.9039   6.47333
54.08   40.0748   6.33046
54.1   38.9649   6.24219
54.12   38.5582   6.20952
54.14   38.3546   6.19311
54.16   39.544   6.2884
54.18   41.7755   6.46339
54.2   45.4291   6.74011
54.22   51.2555   7.15929
54.24   61.899   7.86759
54.26   77.7544   8.81784
54.28   103.896   10.1929
54.3   144.232   12.0097
54.32   196.812   14.029
54.34   238.46   15.4421
54.36   234.141   15.3017
54.38   199.664   14.1302
54.4   173.915   13.1877
54.42   173.465   13.1706
54.44   205.673   14.3413
54.46   279.318   16.7128
54.48   401.7   20.0425
54.5   554.831   23.5548
54.52   643.912   25.3754
54.54   570.026   23.8752
54.56   412.647   20.3137
54.58   276.385   16.6248
54.6   184.885   13.5973
54.62   131.637   11.4733
54.64   102.804   10.1392
54.66   88.9179   9.42963
54.68   82.8249   9.10082
54.7   76.1846   8.72838
54.72   64.172   8.01074
54.74   51.1387   7.15113
54.76   40.8437   6.39091
54.78   33.5674   5.79373
54.8   28.541   5.34238
54.82   24.9907   4.99907
54.84   22.3712   4.72982
54.86   20.7357   4.55365
54.88   19.1545   4.4
54.9   18.0337   4.4
54.92   17.7807   4.4
54.94   16.9835   4.4
54.96   16.3512   4.4
54.98   15.8591   4.4
55   15.489   4.4
55.02   15.2278   4.4
55.04   15.0659   4.4
55.06   14.9971   4.4
55.08   15.0174   4.4
55.1   15.1254   4.4
55.12   15.3215   4.4
55.14   15.6082   4.4
55.16   16.2568   4.4
55.18   16.7489   4.4
55.2   16.0537   4.4
55.22   16.8178   4.4
55.24   17.722   4.4
55.26   18.7871   4.4
55.28   20.0398   4.47659
55.3   21.5145   4.63837
55.32   24.2385   4.92326
55.34   26.3289   5.13117
55.36   28.8175   5.36819
55.38   31.8029   5.63941
55.4   35.4178   5.95128
55.42   39.8433   6.31215
55.44   45.3319   6.7329
55.46   52.2428   7.22792
55.48   61.1007   7.8167
55.5   72.6994   8.52639
55.52   88.311   9.39739
55.54   110.172   10.4963
55.56   142.611   11.942
55.58   194.239   13.937
55.6   280.973   16.7623
55.62   425.412   20.6255
55.64   650.785   25.5105
55.66   945.26   30.7451
55.68   1168.9   34.1892
55.7   1100.29   33.1706
55.72   818.608   28.6113
55.74   547.284   23.3941
55.76   358.939   18.9457
55.78   243.758   15.6127
55.8   175.706   13.2554
55.82   134.506   11.5977
55.84   108.413   10.4122
55.86   90.7899   9.52837
55.88   78.409   8.85489
55.9   69.5538   8.33989
55.92   63.2187   7.95102
55.94   58.7748   7.66647
55.96   55.8185   7.47118
55.98   53.4909   7.31375
56   52.8637   7.27075
56.02   53.2465   7.29702
56.04   54.6389   7.39182
56.06   58.0721   7.6205
56.08   61.7966   7.86108
56.1   66.9972   8.18518
56.12   74.0644   8.60607
56.14   83.607   9.14369
56.16   96.7901   9.83819
56.18   114.939   10.721
56.2   141.365   11.8897
56.22   181.978   13.4899
56.24   247.255   15.7243
56.26   353.322   18.7969
56.28   518.477   22.7701
56.3   741.677   27.2337
56.32   967.183   31.0996
56.34   1132.81   33.6573
56.36   1169.51   34.1981
56.38   988.458   31.4398
56.4   712.167   26.6865
56.42   487.055   22.0693
56.44   340.993   18.466
56.46   255.996   15.9999
56.48   210.933   14.5235
56.5   192.103   13.8601
56.52   194.277   13.9383
56.54   218.379   14.7777
56.56   267.204   16.3464
56.58   333.835   18.2712
56.6   379.981   19.4931
56.62   360.84   18.9958
56.64   308.273   17.5577
56.66   272.812   16.517
56.68   273.212   16.5291
56.7   318.796   17.8549
56.72   423.558   20.5805
56.74   603.92   24.5748
56.76   852.633   29.1999
56.78   1060.35   32.563
56.8   1025.71   32.0267
56.82   786.64   28.0471
56.84   543.981   23.3234
56.86   373.887   19.3362
56.88   270.821   16.4566
56.9   213.611   14.6154
56.92   185.057   13.6036
56.94   176.046   13.2682
56.96   184.77   13.593
56.98   214.248   14.6372
57   268.736   16.3932
57.02   343.437   18.5321
57.04   399.475   19.9869
57.06   384.531   19.6095
57.08   326.991   18.0829
57.1   284.916   16.8794
57.12   280.581   16.7505
57.14   323.54   17.9872
57.16   424.256   20.5975
57.18   595.15   24.3957
57.2   811.287   28.4831
57.22   952.61   30.8644
57.24   895.818   29.9302
57.26   702.622   26.507
57.28   502.28   22.4116
57.3   358.694   18.9392
57.32   273.508   16.5381
57.34   230.225   15.1732
57.36   215.938   14.6948
57.38   225.347   15.0116
57.4   262.092   16.1893
57.42   338.868   18.4084
57.44   474.836   21.7907
57.46   683.463   26.1431
57.48   927.323   30.452
57.5   1043.77   32.3075
57.52   915.023   30.2494
57.54   700.148   26.4603
57.56   546.015   23.367
57.58   467.494   21.6216
57.6   410.898   20.2706
57.62   330.717   18.1856
57.64   248.847   15.7749
57.66   189.213   13.7555
57.68   153.844   12.4034
57.7   138.368   11.763
57.72   137.442   11.7236
57.74   141.355   11.8893
57.76   133.663   11.5613
57.78   111.505   10.5596
57.8   89.2105   9.44513
57.82   72.8696   8.53637
57.84   61.9918   7.87349
57.86   56.4115   7.51076
57.88   54.1965   7.36183
57.9   54.9659   7.4139
57.92   59.3666   7.70498
57.94   69.3032   8.32485
57.96   88.0032   9.381
57.98   118.756   10.8975
58   160.734   12.6781
58.02   195.619   13.9864
58.04   189.701   13.7732
58.06   149.68   12.2344
58.08   109.223   10.451
58.1   81.4364   9.02421
58.12   65.2769   8.07942
58.14   57.3568   7.57342
58.16   55.1193   7.42424
58.18   57.6523   7.59291
58.2   65.8378   8.11405
58.22   82.0471   9.05799
58.24   109.102   10.4452
58.26   145.476   12.0613
58.28   178.16   13.3477
58.3   177.483   13.3223
58.32   148.523   12.187
58.34   121.281   11.0128
58.36   108.827   10.432
58.38   113.238   10.6414
58.4   134.593   11.6014
58.42   170.682   13.0645
58.44   216.256   14.7056
58.46   264.961   16.2776
58.48   290.803   17.0529
58.5   279.403   16.7153
58.52   269.533   16.4175
58.54   287.944   16.9689
58.56   312.881   17.6884
58.58   292.068   17.09
58.6   227.848   15.0946
58.62   165.92   12.881
58.64   124.281   11.1481
58.66   101.935   10.0963
58.68   94.1125   9.70116
58.7   100.709   10.0354
58.72   122.949   11.0882
58.74   165.722   12.8733
58.76   229.428   15.1469
58.78   292.242   17.0951
58.8   298.423   17.2749
58.82   238.645   15.4482
58.84   168.422   12.9777
58.86   116.531   10.795
58.88   84.7539   9.20619
58.9   66.5227   8.15614
58.92   57.1559   7.56015
58.94   53.6458   7.32433
58.96   54.2478   7.36531
58.98   62.2596   7.89047
59   79.0309   8.88993
59.02   108.348   10.409
59.04   150.517   12.2686
59.06   189.933   13.7816
59.08   190.885   13.8161
59.1   150.724   12.277
59.12   105.5   10.2713
59.14   72.7055   8.52675
59.16   51.8995   7.20413
59.18   39.5944   6.29241
59.2   32.3721   5.68965
59.22   28.0452   5.29577
59.24   25.4061   5.04045
59.26   24.0844   4.90759
59.28   23.8705   4.88574
59.3   24.9229   4.99228
59.32   27.7726   5.26997
59.34   33.404   5.77962
59.36   43.1042   6.56538
59.38   57.5546   7.58648
59.4   73.5279   8.57484
59.42   80.4421   8.96895
59.44   74.9183   8.65553
59.46   69.4897   8.33605
59.48   72.9155   8.53906
59.5   84.9341   9.21597
59.52   95.5295   9.77392
59.54   89.0469   9.43647
59.56   70.3217   8.3858
59.58   53.6298   7.32324
59.6   42.8862   6.54875
59.62   35.4726   5.95589
59.64   28.9089   5.3767
59.66   23.596   4.85757
59.68   19.9075   4.46178
59.7   17.9173   4.4
59.72   16.459   4.4
59.74   15.6003   4.4
59.76   15.1434   4.4
59.78   14.8395   4.4
59.8   14.907   4.4
59.82   15.1778   4.4
59.84   15.6425   4.4
59.86   16.3057   4.4
59.88   17.1848   4.4
59.9   18.2766   4.4
59.92   19.701   4.43858
59.94   21.3056   4.6158
59.96   23.5964   4.85762
59.98   26.5677   5.15439
60   30.5659   5.52864
60.02   36.2531   6.02105
60.04   44.8361   6.69597
60.06   57.9719   7.61393
60.08   78.2225   8.84435
60.1   105.692   10.2807
60.12   132.287   11.5016
60.14   139.738   11.8211
60.16   128.831   11.3504
60.18   119.864   10.9483
60.2   124.101   11.1401
60.22   146.251   12.0934
60.24   191.516   13.8389
60.26   266.045   16.3109
60.28   367.459   19.1692
60.3   472.302   21.7325
60.32   568.968   23.853
60.34   654.515   25.5835
60.36   658.135   25.6541
60.38   575.08   23.9808
60.4   503.499   22.4388
60.42   473.309   21.7557
60.44   431.947   20.7833
60.46   351.786   18.756
60.48   277.189   16.649
60.5   238.373   15.4393
60.52   240.244   15.4998
60.54   278.18   16.6787
60.56   334.021   18.2762
60.58   363.731   19.0717
60.6   321.512   17.9307
60.62   238.842   15.4545
60.64   165.792   12.876
60.66   115.591   10.7513
60.68   84.1891   9.17546
60.7   64.9517   8.05926
60.72   52.7748   7.26462
60.74   44.602   6.67847
60.76   38.8293   6.23132
60.78   34.6332   5.885
60.8   31.5628   5.61807
60.82   29.3515   5.4177
60.84   28.0177   5.29317
60.86   27.1115   5.20687
60.88   26.7098   5.16815
60.9   26.9301   5.18942
60.92   27.7631   5.26907
60.94   29.314   5.41424
60.96   31.766   5.63614
60.98   35.425   5.95189
61   40.7468   6.38332
61.02   48.8727   6.9909
61.04   61.7165   7.85598
61.06   83.1441   9.11834
61.08   119.657   10.9388
61.1   179.715   13.4058
61.12   268.321   16.3805
61.14   366.8   19.152
61.16   404.063   20.1013
61.18   337.947   18.3833
61.2   237.188   15.4009
61.22   156.949   12.5279
61.24   104.792   10.2368
61.26   73.4951   8.57293
61.28   54.966   7.4139
61.3   43.5497   6.59922
61.32   36.0752   6.00626
61.34   30.9529   5.56353
61.36   27.3933   5.23386
61.38   24.9968   4.99968
61.4   23.5966   4.85764
61.42   23.2146   4.81816
61.44   24.03   4.90204
61.46   26.2602   5.12447
61.48   29.713   5.45096
61.5   32.6168   5.71111
61.52   32.2737   5.68099
61.54   29.7988   5.45883
61.56   28.0591   5.29709
61.58   28.1116   5.30204
61.6   30.1256   5.48867
61.62   34.2539   5.85268
61.64   41.5034   6.44231
61.66   53.8593   7.33889
61.68   75.0052   8.66055
61.7   110.77   10.5247
61.72   166.853   12.9172
61.74   240.194   15.4982
61.76   295.414   17.1876
61.78   277.656   16.663
61.8   206.963   14.3862
61.82   139.081   11.7932
61.84   91.5232   9.56678
61.86   62.9455   7.93382
61.88   45.92   6.77643
61.9   35.5123   5.95922
61.92   29.2238   5.40591
61.94   25.2722   5.02714
61.96   22.993   4.7951
61.98   22.0999   4.70106
62   22.2857   4.72078
62.02   22.5938   4.7533
62.04   21.603   4.6479
62.06   19.5057   4.41652
62.08   18.134   4.4
62.1   17.7054   4.4
62.12   18.4691   4.4
62.14   21.1538   4.59932
62.16   23.961   4.895
62.18   28.5833   5.34634
62.2   36.3247   6.027
62.22   49.6248   7.04448
62.24   72.1538   8.49434
62.26   107.627   10.3744
62.28   154.486   12.4293
62.3   191.126   13.8248
62.32   181.549   13.474
62.34   136.671   11.6906
62.36   92.7041   9.6283
62.38   61.9911   7.87344
62.4   43.0327   6.55993
62.42   31.8289   5.64171
62.44   25.0947   5.00946
62.46   20.8125   4.56207
62.48   17.9281   4.4
62.5   15.918   4.4
62.52   14.5117   4.4
62.54   13.566   4.4
62.56   13.0225   4.4
62.58   12.9019   4.4
62.6   13.5578   4.4
62.62   14.2507   4.4
62.64   16.0397   4.4
62.66   17.9309   4.4
62.68   18.2814   4.4
62.7   16.6779   4.4
62.72   15.0789   4.4
62.74   13.7454   4.4
62.76   13.0617   4.4
62.78   12.8636   4.4
62.8   12.9952   4.4
62.82   13.3588   4.4
62.84   13.9102   4.4
62.86   14.6408   4.4
62.88   15.5641   4.4
62.9   16.712   4.4
62.92   18.1375   4.4
62.94   19.925   4.46374
62.96   22.2142   4.71319
62.98   25.2447   5.02441
63   29.5331   5.43443
63.02   35.9706   5.99755
63.04   45.9979   6.78217
63.06   61.4353   7.83807
63.08   82.6438   9.09087
63.1   104.226   10.2091
63.12   111.381   10.5537
63.14   101.652   10.0823
63.16   90.8016   9.52899
63.18   88.3301   9.39841
63.2   97.3402   9.86611
63.22   121.24   11.0109
63.24   165.629   12.8697
63.26   237.408   15.408
63.28   332.186   18.226
63.3   405.983   20.149
63.32   389.085   19.7252
63.34   306.888   17.5182
63.36   229.531   15.1503
63.38   180.826   13.4472
63.4   158.517   12.5904
63.42   156.474   12.5089
63.44   171.471   13.0947
63.46   205.838   14.3471
63.48   269.69   16.4222
63.5   382.889   19.5675
63.52   573.11   23.9397
63.54   860.582   29.3357
63.56   1197.67   34.6074
63.58   1367.97   36.9861
63.6   1191.11   34.5124
63.62   853.161   29.2089
63.64   564.566   23.7606
63.66   371.765   19.2812
63.68   254.72   15.9599
63.7   185.355   13.6145
63.72   142.899   11.954
63.74   115.264   10.7361
63.76   96.2586   9.81114
63.78   82.5822   9.08748
63.8   72.9082   8.53863
63.82   66.0657   8.12808
63.84   61.4655   7.84
63.86   58.7826   7.66698
63.88   57.9005   7.60924
63.9   58.9103   7.6753
63.92   62.1833   7.88564
63.94   68.5892   8.28186
63.96   79.9576   8.9419
63.98   99.734   9.98669
64   133.326   11.5467
64.02   186.996   13.6747
64.04   262.02   16.187
64.06   336.095   18.3329
64.08   362.132   19.0298
64.1   351.495   18.7482
64.12   361.363   19.0096
64.14   399.619   19.9905
64.16   406.911   20.172
64.18   337.264   18.3647
64.2   241.351   15.5355
64.22   165.46   12.8631
64.24   115.746   10.7585
64.26   85.4999   9.24662
64.28   67.376   8.20829
64.3   56.2414   7.49943
64.32   49.2191   7.01563
64.34   44.9158   6.70192
64.36   42.771   6.53996
64.38   42.7916   6.54153
64.4   45.5947   6.75238
64.42   52.5591   7.24976
64.44   65.7182   8.10667
64.46   87.3325   9.34519
64.48   113.186   10.6389
64.5   127.868   11.3079
64.52   115.782   10.7602
64.54   91.044   9.5417
64.56   70.7677   8.41235
64.58   58.7756   7.66652
64.6   53.7958   7.33456
64.62   54.4751   7.38072
64.64   60.387   7.77091
64.66   72.8861   8.53734
64.68   95.2917   9.76174
64.7   132.478   11.5099
64.72   187.423   13.6902
64.74   253.257   15.914
64.76   315.796   17.7706
64.78   347.121   18.6312
64.8   308.005   17.5501
64.82   228.742   15.1242
64.84   160.626   12.6738
64.86   116.969   10.8152
64.88   94.2816   9.70987
64.9   87.8312   9.37183
64.92   95.8362   9.7896
64.94   119.388   10.9265
64.96   158.753   12.5997
64.98   201.629   14.1996
65   211.188   14.5323
65.02   173.203   13.1607
65.04   122.509   11.0684
65.06   84.8028   9.20885
65.08   61.012   7.81102
65.1   47.8987   6.92089
65.12   40.9752   6.40119
65.14   35.9988   5.9999
65.16   30.4708   5.52003
65.18   25.2137   5.02132
65.2   21.1625   4.60028
65.22   18.293   4.4
65.24   16.3034   4.4
65.26   14.9143   4.4
65.28   13.9325   4.4
65.3   13.2425   4.4
65.32   12.7805   4.4
65.34   12.5129   4.4
65.36   12.4243   4.4
65.38   12.5139   4.4
65.4   12.7948   4.4
65.42   13.2993   4.4
65.44   14.0905   4.4
65.46   15.2911   4.4
65.48   17.1394   4.4
65.5   20.0705   4.48001
65.52   24.7576   4.9757
65.54   31.9234   5.65008
65.56   41.3826   6.43293
65.58   51.4741   7.17455
65.6   55.5269   7.45163
65.62   50.0765   7.07647
65.64   42.7259   6.5365
65.66   38.0601   6.16929
65.68   36.9315   6.07713
65.7   39.1387   6.2561
65.72   43.9546   6.62983
65.74   51.8481   7.20056
65.76   63.9503   7.99689
65.78   82.9273   9.10644
65.8   114.229   10.6878
65.82   167.411   12.9387
65.84   255.611   15.9878
65.86   388.992   19.7229
65.88   548.37   23.4173
65.9   633.907   25.1775
65.92   552.552   23.5064
65.94   393.169   19.8285
65.96   258.073   16.0646
65.98   168.235   12.9705
66   114.214   10.6871
66.02   81.9195   9.05094
66.04   62.0463   7.87695
66.06   49.3573   7.02547
66.08   40.3328   6.35081
66.1   34.0315   5.83365
66.12   28.9683   5.38222
66.14   25.0611   5.00611
66.16   21.9914   4.6895
66.18   19.5431   4.42076
66.2   17.4961   4.4
66.22   15.8836   4.4
66.24   14.5561   4.4
66.26   13.1827   4.4
66.28   12.2732   4.4
66.3   11.5139   4.4
66.32   10.9374   4.4
66.34   10.4094   4.4
66.36   9.9708   4.4
66.38   9.60935   4.4
66.4   9.35737   4.4
66.42   9.12431   4.4
66.44   8.94505   4.4
66.46   8.62997   4.4
66.48   8.55028   4.4
66.5   8.51329   4.4
66.52   8.51725   4.4
66.54   8.56115   4.4
66.56   8.64471   4.4
66.58   8.76834   4.4
66.6   8.92427   4.4
66.62   9.13245   4.4
66.64   9.38645   4.4
66.66   9.68995   4.4
66.68   10.0477   4.4
66.7   10.4659   4.4
66.72   10.9523   4.4
66.74   11.5754   4.4
66.76   12.232   4.4
66.78   12.9954   4.4
66.8   13.8861   4.4
66.82   14.9314   4.4
66.84   16.1671   4.4
66.86   17.6419   4.4
66.88   19.4228   4.40713
66.9   21.6048   4.6481
66.92   24.3274   4.93228
66.94   28.0537   5.29657
66.96   32.6653   5.71535
66.98   39.0709   6.25068
67   48.6128   6.97229
67.02   63.1439   7.94631
67.04   85.8004   9.26285
67.06   119.651   10.9385
67.08   163.466   12.7854
67.1   205.647   14.3404
67.12   242.239   15.564
67.14   278.69   16.694
67.16   285.49   16.8965
67.18   240.578   15.5106
67.2   181.694   13.4794
67.22   138.277   11.7591
67.24   113.66   10.6611
67.26   103.663   10.1815
67.28   104.351   10.2152
67.3   114.073   10.6805
67.32   134.079   11.5792
67.34   168.976   12.9991
67.36   226.447   15.0482
67.38   317.926   17.8305
67.4   446.83   21.1384
67.42   598.935   24.4732
67.44   728.085   26.983
67.46   784.726   28.013
67.48   824.346   28.7114
67.5   878.325   29.6365
67.52   874.097   29.5651
67.54   816.452   28.5736
67.56   761.795   27.6006
67.58   663.409   25.7567
67.6   502.488   22.4163
67.62   351.862   18.758
67.64   246.1   15.6876
67.66   180.387   13.4308
67.68   142.865   11.9526
67.7   124.365   11.1519
67.72   119.197   10.9177
67.74   121.67   11.0304
67.76   120.363   10.971
67.78   107.143   10.351
67.8   91.2848   9.55431
67.82   82.1319   9.06267
67.84   81.0206   9.00114
67.86   82.9654   9.10853
67.88   77.8915   8.82562
67.9   64.5353   8.03339
67.92   51.0548   7.14526
67.94   41.2013   6.41882
67.96   34.8181   5.90068
67.98   30.9166   5.56027
68   28.6518   5.35274
68.02   27.5255   5.24647
68.04   27.363   5.23097
68.06   28.2786   5.31777
68.08   30.7252   5.54303
68.1   35.5813   5.96501
68.12   44.0761   6.63899
68.14   57.1297   7.55842
68.16   72.7578   8.52982
68.18   81.3772   9.02093
68.2   75.0056   8.66058
68.22   62.6893   7.91766
68.24   53.9366   7.34415
68.26   50.9917   7.14085
68.28   53.8918   7.3411
68.3   63.38   7.96116
68.32   82.1892   9.06583
68.34   115.441   10.7443
68.36   169.287   13.011
68.38   244.105   15.6238
68.4   314.318   17.729
68.42   331.443   18.2056
68.44   298.53   17.278
68.46   243.6   15.6077
68.48   177.977   13.3408
68.5   122.261   11.0572
68.52   84.4089   9.18743
68.54   60.8388   7.79992
68.56   46.3417   6.80747
68.58   37.3284   6.10969
68.6   31.4582   5.60876
68.62   27.3101   5.22591
68.64   24.7155   4.97147
68.66   23.2382   4.8206
68.68   22.6134   4.75535
68.7   22.9868   4.79445
68.72   24.6771   4.9676
68.74   28.4441   5.3333
68.76   35.7193   5.97656
68.78   48.5963   6.97111
68.8   68.9806   8.30546
68.82   94.9879   9.74618
68.84   112.533   10.6082
68.86   102.719   10.135
68.88   76.3082   8.73546
68.9   52.3949   7.23843
68.92   35.6252   5.96869
68.94   25.8484   5.08414
68.96   19.8381   4.454
68.98   15.6041   4.4
69   13.1769   4.4
69.02   11.4776   4.4
69.04   10.235   4.4
69.06   8.89253   4.4
69.08   8.19111   4.4
69.1   7.6529   4.4
69.12   7.23933   4.4
69.14   6.92371   4.4
69.16   6.68729   4.4
69.18   6.51669   4.4
69.2   6.40239   4.4
69.22   6.28139   4.4
69.24   6.26299   4.4
69.26   6.28637   4.4
69.28   6.34984   4.4
69.3   6.45286   4.4
69.32   6.59595   4.4
69.34   6.78063   4.4
69.36   6.96855   4.4
69.38   7.24639   4.4
69.4   7.57709   4.4
69.42   7.96718   4.4
69.44   8.42504   4.4
69.46   8.96135   4.4
69.48   9.58973   4.4
69.5   10.3276   4.4
69.52   11.1976   4.4
69.54   12.2288   4.4
69.56   13.4598   4.4
69.58   14.9423   4.4
69.6   16.746   4.4
69.62   18.9678   4.4
69.64   21.6874   4.65697
69.66   25.2179   5.02175
69.68   29.7969   5.45865
69.7   35.8903   5.99085
69.72   44.2968   6.65558
69.74   56.5299   7.51863
69.76   75.5965   8.69462
69.78   107.108   10.3493
69.8   159.857   12.6434
69.82   243.767   15.613
69.84   359.515   18.9609
69.86   466.609   21.6011
69.88   473.907   21.7694
69.9   374.117   19.3421
69.92   258.065   16.0644
69.94   172.762   13.1439
69.96   119.971   10.9531
69.98   90.1057   9.4924
70   74.6125   8.63785
