1.54056
5   0   4.4
5.02   0   4.4
5.04   0   4.4
5.06   0   4.4
5.08   0   4.4
5.1   0   4.4
5.12   0   4.4
5.14   0   4.4
5.16   0   4.4
5.18   0   4.4
5.2   0   4.4
5.22   0   4.4
5.24   0   4.4
5.26   0   4.4
5.28   0   4.4
5.3   0   4.4
5.32   0   4.4
5.34   0   4.4
5.36   0   4.4
5.38   0   4.4
5.4   0   4.4
5.42   0   4.4
5.44   0   4.4
5.46   0   4.4
5.48   0   4.4
5.5   0   4.4
5.52   0   4.4
5.54   0   4.4
5.56   0   4.4
5.58   0   4.4
5.6   0   4.4
5.62   0   4.4
5.64   0   4.4
5.66   0   4.4
5.68   0   4.4
5.7   0   4.4
5.72   0   4.4
5.74   0   4.4
5.76   0   4.4
5.78   0   4.4
5.8   0   4.4
5.82   0   4.4
5.84   0   4.4
5.86   0   4.4
5.88   0   4.4
5.9   0   4.4
5.92   0   4.4
5.94   0   4.4
5.96   0   4.4
5.98   0   4.4
6   0   4.4
6.02   0   4.4
6.04   0   4.4
6.06   0   4.4
6.08   0   4.4
6.1   0   4.4
6.12   0   4.4
6.14   0   4.4
6.16   0   4.4
6.18   0   4.4
6.2   0   4.4
6.22   0   4.4
6.24   0   4.4
6.26   0   4.4
6.28   0   4.4
6.3   0   4.4
6.32   0   4.4
6.34   0   4.4
6.36   0   4.4
6.38   0   4.4
6.4   0   4.4
6.42   0   4.4
6.44   0   4.4
6.46   0   4.4
6.48   0   4.4
6.5   0   4.4
6.52   0   4.4
6.54   0   4.4
6.56   0   4.4
6.58   0   4.4
6.6   0   4.4
6.62   0   4.4
6.64   0   4.4
6.66   0   4.4
6.68   0   4.4
6.7   0   4.4
6.72   0   4.4
6.74   0   4.4
6.76   0   4.4
6.78   0   4.4
6.8   0   4.4
6.82   0   4.4
6.84   0   4.4
6.86   0   4.4
6.88   0   4.4
6.9   0   4.4
6.92   0   4.4
6.94   0   4.4
6.96   0   4.4
6.98   0   4.4
7   0   4.4
7.02   0   4.4
7.04   0   4.4
7.06   0   4.4
7.08   0   4.4
7.1   0   4.4
7.12   0   4.4
7.14   0   4.4
7.16   0   4.4
7.18   0   4.4
7.2   0   4.4
7.22   0   4.4
7.24   0   4.4
7.26   0   4.4
7.28   0   4.4
7.3   0   4.4
7.32   0   4.4
7.34   0   4.4
7.36   0   4.4
7.38   0   4.4
7.4   0   4.4
7.42   0   4.4
7.44   0   4.4
7.46   0   4.4
7.48   0   4.4
7.5   0   4.4
7.52   0   4.4
7.54   0   4.4
7.56   0   4.4
7.58   0   4.4
7.6   0   4.4
7.62   0   4.4
7.64   0   4.4
7.66   0   4.4
7.68   0   4.4
7.7   0   4.4
7.72   0   4.4
7.74   0   4.4
7.76   0   4.4
7.78   0   4.4
7.8   0   4.4
7.82   0   4.4
7.84   0   4.4
7.86   0   4.4
7.88   0   4.4
7.9   0   4.4
7.92   0   4.4
7.94   0   4.4
7.96   0   4.4
7.98   0   4.4
8   0   4.4
8.02   0   4.4
8.04   0   4.4
8.06   0   4.4
8.08   0   4.4
8.1   0   4.4
8.12   0   4.4
8.14   0   4.4
8.16   0   4.4
8.18   0   4.4
8.2   0   4.4
8.22   0   4.4
8.24   0   4.4
8.26   0   4.4
8.28   0   4.4
8.3   0   4.4
8.32   0   4.4
8.34   0   4.4
8.36   0   4.4
8.38   0   4.4
8.4   0   4.4
8.42   0   4.4
8.44   0   4.4
8.46   0   4.4
8.48   0   4.4
8.5   0   4.4
8.52   0   4.4
8.54   0   4.4
8.56   0   4.4
8.58   0   4.4
8.6   0   4.4
8.62   0   4.4
8.64   0   4.4
8.66   0   4.4
8.68   0   4.4
8.7   0   4.4
8.72   0   4.4
8.74   0   4.4
8.76   0   4.4
8.78   0   4.4
8.8   0   4.4
8.82   0   4.4
8.84   0   4.4
8.86   0   4.4
8.88   0   4.4
8.9   0   4.4
8.92   0   4.4
8.94   0   4.4
8.96   0   4.4
8.98   0   4.4
9   0   4.4
9.02   0   4.4
9.04   0   4.4
9.06   0   4.4
9.08   0   4.4
9.1   0   4.4
9.12   0   4.4
9.14   0   4.4
9.16   0   4.4
9.18   0   4.4
9.2   0   4.4
9.22   0   4.4
9.24   0   4.4
9.26   0   4.4
9.28   0   4.4
9.3   0   4.4
9.32   0   4.4
9.34   0   4.4
9.36   0   4.4
9.38   0   4.4
9.4   0   4.4
9.42   0   4.4
9.44   0   4.4
9.46   0   4.4
9.48   0   4.4
9.5   0   4.4
9.52   0   4.4
9.54   0   4.4
9.56   0   4.4
9.58   0   4.4
9.6   0   4.4
9.62   0   4.4
9.64   0   4.4
9.66   0   4.4
9.68   0   4.4
9.7   0   4.4
9.72   0   4.4
9.74   0   4.4
9.76   0   4.4
9.78   0   4.4
9.8   0   4.4
9.82   0   4.4
9.84   0   4.4
9.86   0   4.4
9.88   0   4.4
9.9   0   4.4
9.92   0   4.4
9.94   0   4.4
9.96   0   4.4
9.98   0   4.4
10   0   4.4
10.02   0   4.4
10.04   0   4.4
10.06   0   4.4
10.08   0   4.4
10.1   0   4.4
10.12   0   4.4
10.14   0   4.4
10.16   0   4.4
10.18   0   4.4
10.2   0   4.4
10.22   0   4.4
10.24   0   4.4
10.26   0   4.4
10.28   0   4.4
10.3   0   4.4
10.32   0   4.4
10.34   0   4.4
10.36   0   4.4
10.38   0   4.4
10.4   0   4.4
10.42   0   4.4
10.44   0   4.4
10.46   0   4.4
10.48   0   4.4
10.5   0   4.4
10.52   0   4.4
10.54   0   4.4
10.56   0   4.4
10.58   0   4.4
10.6   0   4.4
10.62   0   4.4
10.64   0   4.4
10.66   0   4.4
10.68   0   4.4
10.7   0   4.4
10.72   0   4.4
10.74   0   4.4
10.76   0   4.4
10.78   0   4.4
10.8   0   4.4
10.82   0   4.4
10.84   0   4.4
10.86   0   4.4
10.88   0   4.4
10.9   0   4.4
10.92   0   4.4
10.94   0   4.4
10.96   0   4.4
10.98   0   4.4
11   0   4.4
11.02   0   4.4
11.04   0   4.4
11.06   0   4.4
11.08   0   4.4
11.1   0   4.4
11.12   0   4.4
11.14   0   4.4
11.16   0   4.4
11.18   0   4.4
11.2   0   4.4
11.22   0   4.4
11.24   0   4.4
11.26   0   4.4
11.28   0   4.4
11.3   0   4.4
11.32   0   4.4
11.34   0   4.4
11.36   0   4.4
11.38   0   4.4
11.4   0   4.4
11.42   0   4.4
11.44   0   4.4
11.46   0   4.4
11.48   0   4.4
11.5   0   4.4
11.52   0   4.4
11.54   0   4.4
11.56   0   4.4
11.58   0   4.4
11.6   0   4.4
11.62   0   4.4
11.64   0   4.4
11.66   0   4.4
11.68   0   4.4
11.7   0   4.4
11.72   0   4.4
11.74   0   4.4
11.76   0   4.4
11.78   0   4.4
11.8   0   4.4
11.82   0   4.4
11.84   0   4.4
11.86   0   4.4
11.88   0   4.4
11.9   0   4.4
11.92   0   4.4
11.94   0   4.4
11.96   0   4.4
11.98   0   4.4
12   0   4.4
12.02   0   4.4
12.04   0   4.4
12.06   0   4.4
12.08   0   4.4
12.1   0   4.4
12.12   0   4.4
12.14   0   4.4
12.16   0   4.4
12.18   0   4.4
12.2   0   4.4
12.22   0   4.4
12.24   0   4.4
12.26   0   4.4
12.28   0   4.4
12.3   0   4.4
12.32   0   4.4
12.34   0   4.4
12.36   0   4.4
12.38   0   4.4
12.4   0   4.4
12.42   0   4.4
12.44   0   4.4
12.46   0   4.4
12.48   0   4.4
12.5   0   4.4
12.52   0   4.4
12.54   0   4.4
12.56   0   4.4
12.58   0   4.4
12.6   0   4.4
12.62   0   4.4
12.64   0   4.4
12.66   0   4.4
12.68   0   4.4
12.7   0   4.4
12.72   0   4.4
12.74   0   4.4
12.76   0   4.4
12.78   0   4.4
12.8   0   4.4
12.82   0   4.4
12.84   0   4.4
12.86   0   4.4
12.88   0   4.4
12.9   0   4.4
12.92   0   4.4
12.94   0   4.4
12.96   0   4.4
12.98   0   4.4
13   0   4.4
13.02   0   4.4
13.04   0   4.4
13.06   0   4.4
13.08   0   4.4
13.1   0   4.4
13.12   0   4.4
13.14   0   4.4
13.16   0   4.4
13.18   0   4.4
13.2   0   4.4
13.22   0   4.4
13.24   0   4.4
13.26   0   4.4
13.28   0   4.4
13.3   0   4.4
13.32   0   4.4
13.34   0   4.4
13.36   0   4.4
13.38   0   4.4
13.4   0   4.4
13.42   0   4.4
13.44   0   4.4
13.46   0   4.4
13.48   0   4.4
13.5   0   4.4
13.52   0   4.4
13.54   0   4.4
13.56   0   4.4
13.58   0   4.4
13.6   0   4.4
13.62   0   4.4
13.64   0   4.4
13.66   0   4.4
13.68   0   4.4
13.7   0   4.4
13.72   0   4.4
13.74   0   4.4
13.76   0   4.4
13.78   0   4.4
13.8   0   4.4
13.82   0   4.4
13.84   0   4.4
13.86   0   4.4
13.88   0   4.4
13.9   0   4.4
13.92   0   4.4
13.94   0   4.4
13.96   0   4.4
13.98   0   4.4
14   0   4.4
14.02   0   4.4
14.04   0   4.4
14.06   0   4.4
14.08   0   4.4
14.1   0   4.4
14.12   0   4.4
14.14   0   4.4
14.16   0   4.4
14.18   0   4.4
14.2   0   4.4
14.22   0   4.4
14.24   0   4.4
14.26   0   4.4
14.28   0   4.4
14.3   0   4.4
14.32   0   4.4
14.34   0   4.4
14.36   0   4.4
14.38   0   4.4
14.4   0   4.4
14.42   0   4.4
14.44   0   4.4
14.46   0   4.4
14.48   0   4.4
14.5   0   4.4
14.52   0   4.4
14.54   0   4.4
14.56   0   4.4
14.58   0   4.4
14.6   0   4.4
14.62   0   4.4
14.64   0   4.4
14.66   0   4.4
14.68   0   4.4
14.7   0   4.4
14.72   0   4.4
14.74   0   4.4
14.76   0   4.4
14.78   0   4.4
14.8   0   4.4
14.82   0   4.4
14.84   0   4.4
14.86   0   4.4
14.88   0   4.4
14.9   0   4.4
14.92   0   4.4
14.94   0   4.4
14.96   0   4.4
14.98   0   4.4
15   0   4.4
15.02   0   4.4
15.04   0   4.4
15.06   0   4.4
15.08   0   4.4
15.1   0   4.4
15.12   0   4.4
15.14   0   4.4
15.16   0   4.4
15.18   0   4.4
15.2   0   4.4
15.22   0   4.4
15.24   0   4.4
15.26   0   4.4
15.28   0   4.4
15.3   0   4.4
15.32   0   4.4
15.34   0   4.4
15.36   0   4.4
15.38   0   4.4
15.4   0   4.4
15.42   0   4.4
15.44   0   4.4
15.46   0   4.4
15.48   0   4.4
15.5   0   4.4
15.52   0   4.4
15.54   0   4.4
15.56   0   4.4
15.58   0   4.4
15.6   0   4.4
15.62   0   4.4
15.64   0   4.4
15.66   0   4.4
15.68   0   4.4
15.7   0   4.4
15.72   0   4.4
15.74   0   4.4
15.76   0   4.4
15.78   0   4.4
15.8   0   4.4
15.82   0   4.4
15.84   0   4.4
15.86   0   4.4
15.88   0   4.4
15.9   0   4.4
15.92   0   4.4
15.94   0   4.4
15.96   0   4.4
15.98   0   4.4
16   0   4.4
16.02   0   4.4
16.04   0   4.4
16.06   0   4.4
16.08   0   4.4
16.1   0   4.4
16.12   0   4.4
16.14   0   4.4
16.16   0   4.4
16.18   0   4.4
16.2   0   4.4
16.22   0   4.4
16.24   0   4.4
16.26   0   4.4
16.28   0   4.4
16.3   0   4.4
16.32   0   4.4
16.34   0   4.4
16.36   0   4.4
16.38   0   4.4
16.4   0   4.4
16.42   0   4.4
16.44   0   4.4
16.46   0   4.4
16.48   0   4.4
16.5   0   4.4
16.52   0   4.4
16.54   0   4.4
16.56   0   4.4
16.58   0   4.4
16.6   0   4.4
16.62   0   4.4
16.64   0   4.4
16.66   0   4.4
16.68   0   4.4
16.7   0   4.4
16.72   0   4.4
16.74   0   4.4
16.76   0   4.4
16.78   0   4.4
16.8   0   4.4
16.82   0   4.4
16.84   0   4.4
16.86   0   4.4
16.88   0   4.4
16.9   0   4.4
16.92   0   4.4
16.94   0   4.4
16.96   0   4.4
16.98   0   4.4
17   0   4.4
17.02   0   4.4
17.04   0   4.4
17.06   0   4.4
17.08   0   4.4
17.1   0   4.4
17.12   0   4.4
17.14   0   4.4
17.16   0   4.4
17.18   0   4.4
17.2   0   4.4
17.22   0   4.4
17.24   0   4.4
17.26   0   4.4
17.28   0   4.4
17.3   0   4.4
17.32   0   4.4
17.34   0   4.4
17.36   0   4.4
17.38   0   4.4
17.4   0   4.4
17.42   0   4.4
17.44   0   4.4
17.46   0   4.4
17.48   0   4.4
17.5   0   4.4
17.52   0   4.4
17.54   0   4.4
17.56   0   4.4
17.58   0   4.4
17.6   0   4.4
17.62   0   4.4
17.64   0   4.4
17.66   0   4.4
17.68   0   4.4
17.7   0   4.4
17.72   0   4.4
17.74   0   4.4
17.76   0   4.4
17.78   0   4.4
17.8   0   4.4
17.82   0   4.4
17.84   0   4.4
17.86   0   4.4
17.88   0   4.4
17.9   0   4.4
17.92   0   4.4
17.94   0   4.4
17.96   0   4.4
17.98   0   4.4
18   0   4.4
18.02   0   4.4
18.04   0   4.4
18.06   0   4.4
18.08   0   4.4
18.1   0   4.4
18.12   0   4.4
18.14   0   4.4
18.16   0   4.4
18.18   0   4.4
18.2   0   4.4
18.22   0   4.4
18.24   0   4.4
18.26   0   4.4
18.28   0   4.4
18.3   0   4.4
18.32   0   4.4
18.34   0   4.4
18.36   0   4.4
18.38   0   4.4
18.4   0   4.4
18.42   0   4.4
18.44   0   4.4
18.46   0   4.4
18.48   0   4.4
18.5   0   4.4
18.52   0   4.4
18.54   0   4.4
18.56   0   4.4
18.58   0   4.4
18.6   0   4.4
18.62   0   4.4
18.64   0   4.4
18.66   0   4.4
18.68   0   4.4
18.7   0   4.4
18.72   0.0306399   4.4
18.74   0.0315044   4.4
18.76   0.0324059   4.4
18.78   0.0333467   4.4
18.8   0.034329   4.4
18.82   0.0353554   4.4
18.84   0.0364285   4.4
18.86   0.0375511   4.4
18.88   0.0387265   4.4
18.9   0.0399578   4.4
18.92   0.0412488   4.4
18.94   0.0426034   4.4
18.96   0.0440258   4.4
18.98   0.0455205   4.4
19   0.0470927   4.4
19.02   0.0487476   4.4
19.04   0.0504913   4.4
19.06   0.0523302   4.4
19.08   0.0542714   4.4
19.1   0.0563225   4.4
19.12   0.058492   4.4
19.14   0.0607893   4.4
19.16   0.0632244   4.4
19.18   0.0658088   4.4
19.2   0.0685547   4.4
19.22   0.071476   4.4
19.24   0.0745879   4.4
19.26   0.0779074   4.4
19.28   0.0814532   4.4
19.3   0.0852464   4.4
19.32   0.0893106   4.4
19.34   0.0936721   4.4
19.36   0.0983607   4.4
19.38   0.10341   4.4
19.4   0.108857   4.4
19.42   0.114746   4.4
19.44   0.121125   4.4
19.46   0.128051   4.4
19.48   0.135587   4.4
19.5   0.143806   4.4
19.52   0.152795   4.4
19.54   0.162652   4.4
19.56   0.173492   4.4
19.58   0.18545   4.4
19.6   0.198686   4.4
19.62   0.213386   4.4
19.64   0.229774   4.4
19.66   0.248119   4.4
19.68   0.268744   4.4
19.7   0.292041   4.4
19.72   0.318489   4.4
19.74   0.348683   4.4
19.76   0.383359   4.4
19.78   0.423446   4.4
19.8   0.470122   4.4
19.82   0.524903   4.4
19.84   0.589765   4.4
19.86   0.667317   4.4
19.88   0.761057   4.4
19.9   0.875766   4.4
19.92   1.0181   4.4
19.94   1.19751   4.4
19.96   1.42784   4.4
19.98   1.72997   4.4
20   2.13741   4.4
20.02   2.70896   4.4
20.04   3.55847   4.4
20.06   4.91234   4.4
20.08   7.18218   4.4
20.1   10.9799   4.4
20.12   16.9152   4.4
20.14   24.6926   4.96917
20.16   30.6509   5.53632
20.18   28.9029   5.37614
20.2   21.455   4.63196
20.22   14.2415   4.4
20.24   9.21962   4.4
20.26   6.1207   4.4
20.28   4.28395   4.4
20.3   3.17119   4.4
20.32   2.45309   4.4
20.34   1.95739   4.4
20.36   1.59767   4.4
20.38   1.32765   4.4
20.4   1.1199   4.4
20.42   0.956821   4.4
20.44   0.826589   4.4
20.46   0.721018   4.4
20.48   0.634301   4.4
20.5   0.562233   4.4
20.52   0.501712   4.4
20.54   0.450409   4.4
20.56   0.406553   4.4
20.58   0.368775   4.4
20.6   0.336007   4.4
20.62   0.307404   4.4
20.64   0.282291   4.4
20.66   0.260125   4.4
20.68   0.240463   4.4
20.7   0.222943   4.4
20.72   0.207265   4.4
20.74   0.193181   4.4
20.76   0.180482   4.4
20.78   0.168992   4.4
20.8   0.158564   4.4
20.82   0.14907   4.4
20.84   0.140403   4.4
20.86   0.132468   4.4
20.88   0.125187   4.4
20.9   0.118489   4.4
20.92   0.112314   4.4
20.94   0.106609   4.4
20.96   0.101327   4.4
20.98   0.0964277   4.4
21   0.0918748   4.4
21.02   0.0876366   4.4
21.04   0.0836848   4.4
21.06   0.0799941   4.4
21.08   0.076542   4.4
21.1   0.0733085   4.4
21.12   0.0702754   4.4
21.14   0.0674266   4.4
21.16   0.0647474   4.4
21.18   0.0622247   4.4
21.2   0.0598464   4.4
21.22   0.0576019   4.4
21.24   0.0554812   4.4
21.26   0.0534754   4.4
21.28   0.0515764   4.4
21.3   0.0497768   4.4
21.32   0.0480696   4.4
21.34   0.0464487   4.4
21.36   0.0449084   4.4
21.38   0.0434435   4.4
21.4   0.042049   4.4
21.42   0.0407206   4.4
21.44   0.0394541   4.4
21.46   0.0382457   4.4
21.48   0.037092   4.4
21.5   0.0359897   4.4
21.52   0.0349359   4.4
21.54   0.0339276   4.4
21.56   0.0329623   4.4
21.58   0.0320376   4.4
21.6   0.0311513   4.4
21.62   0.0303012   4.4
21.64   0   4.4
21.66   0   4.4
21.68   0   4.4
21.7   0   4.4
21.72   0   4.4
21.74   0   4.4
21.76   0.972101   4.4
21.78   0.999131   4.4
21.8   1.0273   4.4
21.82   1.474   4.4
21.84   1.51645   4.4
21.86   1.56077   4.4
21.88   1.60705   4.4
21.9   1.65543   4.4
21.92   1.70602   4.4
21.94   1.75896   4.4
21.96   1.81441   4.4
21.98   1.87252   4.4
22   1.93347   4.4
22.02   1.99744   4.4
22.04   2.06463   4.4
22.06   2.13528   4.4
22.08   2.20961   4.4
22.1   2.28789   4.4
22.12   2.3704   4.4
22.14   2.45745   4.4
22.16   2.54939   4.4
22.18   2.64658   4.4
22.2   2.74944   4.4
22.22   2.8584   4.4
22.24   2.97398   4.4
22.26   3.0967   4.4
22.28   3.22717   4.4
22.3   3.36605   4.4
22.32   3.5141   4.4
22.34   3.67212   4.4
22.36   3.84104   4.4
22.38   4.02188   4.4
22.4   4.21578   4.4
22.42   4.42405   4.4
22.44   4.64811   4.4
22.46   4.88963   4.4
22.48   5.15045   4.4
22.5   5.43269   4.4
22.52   5.73874   4.4
22.54   6.07138   4.4
22.56   6.43376   4.4
22.58   6.82953   4.4
22.6   7.26292   4.4
22.62   7.73885   4.4
22.64   8.26304   4.4
22.66   8.84226   4.4
22.68   9.48447   4.4
22.7   10.1991   4.4
22.72   10.9975   4.4
22.74   11.8931   4.4
22.76   12.9025   4.4
22.78   14.0457   4.4
22.8   15.3472   4.4
22.82   16.8378   4.4
22.84   18.5556   4.4
22.86   20.549   4.5331
22.88   22.8801   4.78331
22.9   25.629   5.06251
22.92   28.9013   5.376
22.94   32.8376   5.73041
22.96   37.6287   6.13422
22.98   43.5381   6.59834
23   50.9379   7.13708
23.02   60.3666   7.76959
23.04   72.6293   8.52228
23.06   88.9946   9.43369
23.08   111.636   10.5658
23.1   144.654   12.0272
23.12   196.109   14.0039
23.14   280.85   16.7586
23.16   421.983   20.5422
23.18   645.681   25.4103
23.2   953.226   30.8744
23.22   1238.73   35.1955
23.24   1299.34   36.0464
23.26   1130.56   33.6238
23.28   854.828   29.2374
23.3   583.759   24.1611
23.32   385.914   19.6447
23.34   260.266   16.1328
23.36   183.837   13.5586
23.38   136.667   11.6905
23.4   106.027   10.2969
23.42   84.8721   9.21261
23.44   69.5146   8.33754
23.46   57.9629   7.61334
23.48   49.0481   7.00344
23.5   42.0276   6.48287
23.52   36.4037   6.03355
23.54   31.8312   5.64191
23.56   28.0648   5.29763
23.58   24.9266   4.99265
23.6   22.2847   4.72067
23.62   20.0402   4.47663
23.64   18.1174   4.4
23.66   16.4578   4.4
23.68   15.0157   4.4
23.7   13.7547   4.4
23.72   12.6457   4.4
23.74   11.6654   4.4
23.76   10.7946   4.4
23.78   10.0177   4.4
23.8   9.32153   4.4
23.82   8.69539   4.4
23.84   8.13021   4.4
23.86   7.61831   4.4
23.88   7.15322   4.4
23.9   6.72941   4.4
23.92   6.34213   4.4
23.94   5.98732   4.4
23.96   5.66143   4.4
23.98   5.36143   4.4
24   5.08463   4.4
24.02   4.82871   4.4
24.04   4.59162   4.4
24.06   4.37156   4.4
24.08   4.16693   4.4
24.1   3.97634   4.4
24.12   3.79852   4.4
24.14   3.63235   4.4
24.16   3.47686   4.4
24.18   3.33113   4.4
24.2   3.19437   4.4
24.22   3.06585   4.4
24.24   2.94494   4.4
24.26   2.83104   4.4
24.28   2.72361   4.4
24.3   2.62219   4.4
24.32   2.52632   4.4
24.34   2.43561   4.4
24.36   2.3497   4.4
24.38   2.26826   4.4
24.4   2.19097   4.4
24.42   2.11757   4.4
24.44   2.04779   4.4
24.46   1.98141   4.4
24.48   1.9182   4.4
24.5   1.85797   4.4
24.52   1.80053   4.4
24.54   1.74571   4.4
24.56   1.69336   4.4
24.58   1.91484   4.4
24.6   1.87467   4.4
24.62   1.83689   4.4
24.64   1.80141   4.4
24.66   1.76813   4.4
24.68   1.73697   4.4
24.7   0.744289   4.4
24.72   0.742796   4.4
24.74   0.343407   4.4
24.76   0.35436   4.4
24.78   0.365847   4.4
24.8   0.3779   4.4
24.82   0.390559   4.4
24.84   0.403864   4.4
24.86   0.41786   4.4
24.88   0.432597   4.4
24.9   0.448126   4.4
24.92   0.464506   4.4
24.94   0.481801   4.4
24.96   0.500078   4.4
24.98   0.519415   4.4
25   0.539895   4.4
25.02   0.56161   4.4
25.04   0.58466   4.4
25.06   0.609157   4.4
25.08   0.635225   4.4
25.1   0.663002   4.4
25.12   0.692639   4.4
25.14   0.724307   4.4
25.16   0.758194   4.4
25.18   0.794514   4.4
25.2   0.833504   4.4
25.22   0.875432   4.4
25.24   0.920601   4.4
25.26   0.969352   4.4
25.28   1.02208   4.4
25.3   1.07921   4.4
25.32   1.14127   4.4
25.34   1.20883   4.4
25.36   1.28255   4.4
25.38   1.36322   4.4
25.4   1.45173   4.4
25.42   1.54913   4.4
25.44   1.65664   4.4
25.46   1.77571   4.4
25.48   1.90806   4.4
25.5   2.05572   4.4
25.52   2.22116   4.4
25.54   2.40732   4.4
25.56   2.6178   4.4
25.58   2.85702   4.4
25.6   3.13042   4.4
25.62   3.44482   4.4
25.64   3.80876   4.4
25.66   4.23318   4.4
25.68   4.73215   4.4
25.7   5.32403   4.4
25.72   6.03317   4.4
25.74   6.89236   4.4
25.76   7.94651   4.4
25.78   9.25842   4.4
25.8   10.9178   4.4
25.82   13.0566   4.4
25.84   15.876   4.4
25.86   19.7035   4.43887
25.88   25.1266   5.01264
25.9   33.2977   5.77041
25.92   46.4895   6.81832
25.94   68.7059   8.2889
25.96   105.579   10.2752
25.98   161.876   12.7231
26   231.189   15.2049
26.02   273.352   16.5334
26.04   243.637   15.6089
26.06   175.156   13.2347
26.08   115.075   10.7273
26.1   74.6256   8.63861
26.12   49.9964   7.07081
26.14   35.403   5.95004
26.16   26.4689   5.1448
26.18   20.6211   4.54105
26.2   16.5374   4.4
26.22   13.5507   4.4
26.24   11.2965   4.4
26.26   9.55473   4.4
26.28   8.18246   4.4
26.3   7.08314   4.4
26.32   6.18952   4.4
26.34   5.4537   4.4
26.36   4.84085   4.4
26.38   4.32518   4.4
26.4   3.88729   4.4
26.42   3.51236   4.4
26.44   3.18894   4.4
26.46   2.90804   4.4
26.48   2.66255   4.4
26.5   2.44678   4.4
26.52   2.25613   4.4
26.54   2.08686   4.4
26.56   1.9359   4.4
26.58   1.8007   4.4
26.6   1.67916   4.4
26.62   1.56949   4.4
26.64   1.4702   4.4
26.66   1.38003   4.4
26.68   1.29789   4.4
26.7   1.22286   4.4
26.72   1.15414   4.4
26.74   1.09104   4.4
26.76   1.03298   4.4
26.78   0.979423   4.4
26.8   0.92992   4.4
26.82   0.884073   4.4
26.84   0.841531   4.4
26.86   0.801984   4.4
26.88   0.765158   4.4
26.9   0.730808   4.4
26.92   0.698718   4.4
26.94   0.668695   4.4
26.96   0.640564   4.4
26.98   0.61417   4.4
27   0.589373   4.4
27.02   0.566046   4.4
27.04   0.544077   4.4
27.06   0.523361   4.4
27.08   0.503806   4.4
27.1   0.485325   4.4
27.12   0.467842   4.4
27.14   0.451287   4.4
27.16   0.435595   4.4
27.18   0.420706   4.4
27.2   0.406568   4.4
27.22   0.39313   4.4
27.24   0.380347   4.4
27.26   0.368178   4.4
27.28   0.356582   4.4
27.3   0.345526   4.4
27.32   0.334976   4.4
27.34   0.324902   4.4
27.36   0.315275   4.4
27.38   0.30607   4.4
27.4   0.297261   4.4
27.42   0.288828   4.4
27.44   0.280748   4.4
27.46   0.273003   4.4
27.48   0   4.4
27.5   0   4.4
27.52   0   4.4
27.54   0   4.4
27.56   0   4.4
27.58   0   4.4
27.6   0   4.4
27.62   0   4.4
27.64   0   4.4
27.66   0   4.4
27.68   0   4.4
27.7   0   4.4
27.72   0   4.4
27.74   0   4.4
27.76   0   4.4
27.78   0   4.4
27.8   0   4.4
27.82   0   4.4
27.84   0   4.4
27.86   0   4.4
27.88   0   4.4
27.9   0   4.4
27.92   0   4.4
27.94   0   4.4
27.96   0   4.4
27.98   0   4.4
28   0   4.4
28.02   0   4.4
28.04   0   4.4
28.06   0   4.4
28.08   0   4.4
28.1   0   4.4
28.12   0   4.4
28.14   0   4.4
28.16   0   4.4
28.18   0   4.4
28.2   0   4.4
28.22   0   4.4
28.24   0   4.4
28.26   0   4.4
28.28   0   4.4
28.3   0   4.4
28.32   0   4.4
28.34   0   4.4
28.36   0   4.4
28.38   0   4.4
28.4   0   4.4
28.42   0   4.4
28.44   0   4.4
28.46   0   4.4
28.48   0   4.4
28.5   0   4.4
28.52   0   4.4
28.54   0   4.4
28.56   0   4.4
28.58   0   4.4
28.6   0   4.4
28.62   0   4.4
28.64   0   4.4
28.66   0   4.4
28.68   0   4.4
28.7   0   4.4
28.72   0   4.4
28.74   0   4.4
28.76   0   4.4
28.78   0   4.4
28.8   0   4.4
28.82   0   4.4
28.84   0   4.4
28.86   0   4.4
28.88   0   4.4
28.9   0   4.4
28.92   0   4.4
28.94   0   4.4
28.96   0   4.4
28.98   0   4.4
29   0   4.4
29.02   0   4.4
29.04   0   4.4
29.06   0   4.4
29.08   0   4.4
29.1   0   4.4
29.12   0   4.4
29.14   0   4.4
29.16   0   4.4
29.18   0   4.4
29.2   0   4.4
29.22   0   4.4
29.24   0   4.4
29.26   0   4.4
29.28   0   4.4
29.3   0   4.4
29.32   0   4.4
29.34   0   4.4
29.36   0   4.4
29.38   0   4.4
29.4   0   4.4
29.42   0   4.4
29.44   0   4.4
29.46   0   4.4
29.48   0   4.4
29.5   0   4.4
29.52   0   4.4
29.54   0   4.4
29.56   0   4.4
29.58   0   4.4
29.6   0   4.4
29.62   0   4.4
29.64   0   4.4
29.66   0   4.4
29.68   0   4.4
29.7   0   4.4
29.72   0   4.4
29.74   0   4.4
29.76   0   4.4
29.78   0   4.4
29.8   0   4.4
29.82   0   4.4
29.84   0   4.4
29.86   0   4.4
29.88   0   4.4
29.9   0   4.4
29.92   0   4.4
29.94   0   4.4
29.96   0   4.4
29.98   0   4.4
30   0   4.4
30.02   0   4.4
30.04   0   4.4
30.06   0   4.4
30.08   0   4.4
30.1   0   4.4
30.12   0   4.4
30.14   0   4.4
30.16   0   4.4
30.18   0   4.4
30.2   0   4.4
30.22   0   4.4
30.24   0   4.4
30.26   0   4.4
30.28   0   4.4
30.3   0   4.4
30.32   0   4.4
30.34   0   4.4
30.36   0   4.4
30.38   0   4.4
30.4   0   4.4
30.42   0   4.4
30.44   0   4.4
30.46   0   4.4
30.48   0   4.4
30.5   0   4.4
30.52   0   4.4
30.54   0   4.4
30.56   0   4.4
30.58   0   4.4
30.6   0   4.4
30.62   0   4.4
30.64   0   4.4
30.66   0   4.4
30.68   0   4.4
30.7   0   4.4
30.72   0   4.4
30.74   0   4.4
30.76   0   4.4
30.78   0   4.4
30.8   0   4.4
30.82   0   4.4
30.84   0   4.4
30.86   0   4.4
30.88   0   4.4
30.9   0   4.4
30.92   0   4.4
30.94   0   4.4
30.96   0   4.4
30.98   0   4.4
31   0   4.4
31.02   0   4.4
31.04   0   4.4
31.06   0   4.4
31.08   0   4.4
31.1   0   4.4
31.12   0   4.4
31.14   0   4.4
31.16   0   4.4
31.18   0   4.4
31.2   0   4.4
31.22   0   4.4
31.24   0   4.4
31.26   0   4.4
31.28   0   4.4
31.3   0   4.4
31.32   0   4.4
31.34   0   4.4
31.36   0   4.4
31.38   0   4.4
31.4   0   4.4
31.42   2.47481   4.4
31.44   2.54346   4.4
31.46   2.615   4.4
31.48   2.6896   4.4
31.5   2.76743   4.4
31.52   2.8487   4.4
31.54   2.93359   4.4
31.56   3.02234   4.4
31.58   3.11517   4.4
31.6   3.21234   4.4
31.62   3.31413   4.4
31.64   12.9253   4.4
31.66   13.3014   4.4
31.68   13.6943   4.4
31.7   14.1049   4.4
31.72   14.5344   4.4
31.74   14.9839   4.4
31.76   15.4548   4.4
31.78   15.9483   4.4
31.8   18.735   4.4
31.82   19.3415   4.4
31.84   19.9782   4.46969
31.86   20.6471   4.54391
31.88   21.3505   4.62066
31.9   22.0909   4.7001
31.92   22.871   4.78236
31.94   23.6935   4.8676
31.96   24.5617   4.95598
31.98   25.4792   5.04769
32   26.4497   5.14293
32.02   27.4775   5.2419
32.04   28.5672   5.34483
32.06   29.724   5.45198
32.08   30.9537   5.5636
32.1   32.2624   5.68
32.12   33.6574   5.8015
32.14   35.1465   5.92845
32.16   36.7384   6.06122
32.18   38.4432   6.20026
32.2   40.2719   6.34601
32.22   42.2371   6.49901
32.24   44.3532   6.65982
32.26   46.6362   6.82907
32.28   49.1047   7.00748
32.3   51.78   7.19584
32.32   54.6865   7.39503
32.34   57.8525   7.60608
32.36   61.3107   7.83012
32.38   65.0997   8.06844
32.4   69.2645   8.32253
32.42   73.8587   8.59411
32.44   78.9458   8.88515
32.46   84.6023   9.19795
32.48   90.9207   9.53523
32.5   98.0138   9.90019
32.52   106.021   10.2966
32.54   115.115   10.7292
32.56   125.517   11.2034
32.58   137.505   11.7262
32.6   151.443   12.3062
32.62   167.813   12.9543
32.64   187.262   13.6844
32.66   210.679   14.5148
32.68   239.322   15.47
32.7   275.024   16.5838
32.72   320.597   17.9052
32.74   380.736   19.5125
32.76   464.12   21.5434
32.78   587.729   24.2431
32.8   782.994   27.982
32.82   1099.02   33.1514
32.84   1591.55   39.8943
32.86   2267.22   47.6154
32.88   2903.63   53.8854
32.9   2991.21   54.692
32.92   2522.94   50.2289
32.94   2023.18   44.9798
32.96   1747.07   41.7979
32.98   1728.88   41.5798
33   1984.4   44.5466
33.02   2592.83   50.9199
33.04   3715.89   60.9581
33.06   5537.31   74.4131
33.08   7992.1   89.3985
33.1   10000   100
33.12   9636.86   98.1675
33.14   7353.3   85.7514
33.16   5095.44   71.3823
33.18   3593.15   59.9429
33.2   2825.19   53.1525
33.22   2630.39   51.2874
33.24   2835.77   53.2519
33.26   3122.52   55.8795
33.28   2961.86   54.423
33.3   2319.15   48.1576
33.32   1650.12   40.6216
33.34   1159.9   34.0573
33.36   841.026   29.0004
33.38   640.088   25.3
33.4   510.075   22.5848
33.42   420.659   20.51
33.44   355.233   18.8476
33.46   305.14   17.4683
33.48   265.606   16.2974
33.5   233.713   15.2877
33.52   207.626   14.4092
33.54   185.826   13.6318
33.56   167.444   12.94
33.58   151.776   12.3197
33.6   138.296   11.7599
33.62   126.602   11.2518
33.64   116.382   10.7881
33.66   107.392   10.363
33.68   99.4373   9.97182
33.7   92.3604   9.61043
33.72   86.0339   9.27545
33.74   80.3532   8.964
33.76   75.2315   8.67361
33.78   70.5964   8.40217
33.8   66.3872   8.14783
33.82   62.5523   7.909
33.84   59.048   7.68427
33.86   55.8369   7.47241
33.88   52.8868   7.27233
33.9   50.1699   7.08307
33.92   47.6619   6.90376
33.94   45.342   6.73365
33.96   43.1916   6.57203
33.98   41.1945   6.4183
34   39.3366   6.27189
34.02   37.6052   6.13231
34.04   35.9891   5.99909
34.06   34.4784   5.87183
34.08   33.0643   5.75016
34.1   31.7388   5.63372
34.12   30.4948   5.52221
34.14   29.326   5.41535
34.16   28.2267   5.31288
34.18   27.1916   5.21456
34.2   26.2163   5.12018
34.22   25.2964   5.02955
34.24   24.4282   4.94249
34.26   23.6083   4.85884
34.28   22.8337   4.77846
34.3   22.1015   4.70122
34.32   21.4092   4.62701
34.34   20.7547   4.55574
34.36   20.136   4.48732
34.38   17.1403   4.4
34.4   16.6516   4.4
34.42   16.1916   4.4
34.44   15.7595   4.4
34.46   15.3546   4.4
34.48   14.9764   4.4
34.5   14.6249   4.4
34.52   14.3002   4.4
34.54   14.0028   4.4
34.56   13.7337   4.4
34.58   4.06145   4.4
34.6   4.10527   4.4
34.62   4.17459   4.4
34.64   4.27434   4.4
34.66   4.41104   4.4
34.68   4.59347   4.4
34.7   4.83359   4.4
34.72   5.1479   4.4
34.74   5.55975   4.4
34.76   3.89332   4.4
34.78   4.6755   4.4
34.8   5.71385   4.4
34.82   7.13743   4.4
34.84   9.18427   4.4
34.86   12.3273   4.4
34.88   17.4814   4.4
34.9   26.1815   5.11679
34.92   40.4063   6.3566
34.94   61.2983   7.82932
34.96   84.3455   9.18398
34.98   92.7704   9.63174
35   77.0633   8.77857
35.02   53.5091   7.31499
35.04   34.8301   5.9017
35.06   22.7037   4.76484
35.08   15.4205   4.4
35.1   11.09   4.4
35.12   8.39554   4.4
35.14   6.5984   4.4
35.16   5.32534   4.4
35.18   4.3853   4.4
35.2   3.67091   4.4
35.22   3.11584   4.4
35.24   2.67646   4.4
35.26   2.32303   4.4
35.28   2.03469   4.4
35.3   1.79651   4.4
35.32   1.59756   4.4
35.34   1.42973   4.4
35.36   1.28689   4.4
35.38   1.16433   4.4
35.4   1.05841   4.4
35.42   0.966251   4.4
35.44   0.885585   4.4
35.46   0.814581   4.4
35.48   0.751761   4.4
35.5   0.695916   4.4
35.52   0.762094   4.4
35.54   0.72061   4.4
35.56   0.683736   4.4
35.58   0.650902   4.4
35.6   0.62163   4.4
35.62   0.595516   4.4
35.64   0.572217   4.4
35.66   0.551442   4.4
35.68   0.53294   4.4
35.7   0.516499   4.4
35.72   0.501936   4.4
35.74   0.489094   4.4
35.76   0.47784   4.4
35.78   0.618454   4.4
35.8   0.614224   4.4
35.82   0.611462   4.4
35.84   0.610108   4.4
35.86   0.610117   4.4
35.88   0.611452   4.4
35.9   0.614089   4.4
35.92   0.618014   4.4
35.94   0.623222   4.4
35.96   0.629718   4.4
35.98   0.637516   4.4
36   0.64664   4.4
36.02   0.657122   4.4
36.04   0.669006   4.4
36.06   0.682344   4.4
36.08   0.697202   4.4
36.1   0.713653   4.4
36.12   0.731788   4.4
36.14   0.751709   4.4
36.16   0.773534   4.4
36.18   0.797398   4.4
36.2   0.823456   4.4
36.22   0.851885   4.4
36.24   0.882886   4.4
36.26   0.916691   4.4
36.28   0.953562   4.4
36.3   0.993802   4.4
36.32   1.03776   4.4
36.34   1.08583   4.4
36.36   1.13847   4.4
36.38   1.19622   4.4
36.4   1.25969   4.4
36.42   1.32962   4.4
36.44   1.31712   4.4
36.46   1.40505   4.4
36.48   1.50239   4.4
36.5   1.61055   4.4
36.52   1.73125   4.4
36.54   1.86656   4.4
36.56   2.01901   4.4
36.58   2.19173   4.4
36.6   2.38856   4.4
36.62   2.61439   4.4
36.64   2.87537   4.4
36.66   3.17946   4.4
36.68   3.53701   4.4
36.7   3.96177   4.4
36.72   4.47225   4.4
36.74   5.09389   4.4
36.76   5.86242   4.4
36.78   6.82932   4.4
36.8   8.07116   4.4
36.82   9.70784   4.4
36.84   11.9437   4.4
36.86   15.1643   4.4
36.88   20.1363   4.48735
36.9   28.2931   5.31913
36.92   41.8865   6.47198
36.94   63.4767   7.96722
36.96   93.3464   9.66159
36.98   121.122   11.0055
37   122.739   11.0788
37.02   97.1843   9.85821
37.04   68.6128   8.28329
37.06   48.4144   6.95805
37.08   36.7723   6.06402
37.1   31.4426   5.60737
37.12   30.6783   5.5388
37.14   34.0748   5.83736
37.16   42.8081   6.54279
37.18   59.4872   7.71279
37.2   87.112   9.33338
37.22   125.04   11.1821
37.24   157.186   12.5374
37.26   152.63   12.3543
37.28   115.987   10.7697
37.3   78.1512   8.84032
37.32   51.1945   7.15503
37.34   34.352   5.86106
37.36   24.2946   4.92895
37.38   18.1801   4.4
37.4   14.226   4.4
37.42   11.4873   4.4
37.44   9.66363   4.4
37.46   8.15864   4.4
37.48   6.99335   4.4
37.5   6.07267   4.4
37.52   5.33272   4.4
37.54   4.72918   4.4
37.56   4.23056   4.4
37.58   3.814   4.4
37.6   3.46258   4.4
37.62   3.16356   4.4
37.64   3.32293   4.4
37.66   3.41643   4.4
37.68   3.24499   4.4
37.7   3.09896   4.4
37.72   2.97465   4.4
37.74   2.86908   4.4
37.76   2.77985   4.4
37.78   2.70499   4.4
37.8   2.64289   4.4
37.82   2.59225   4.4
37.84   2.55199   4.4
37.86   2.52123   4.4
37.88   2.49925   4.4
37.9   2.48548   4.4
37.92   2.47945   4.4
37.94   2.48081   4.4
37.96   2.4893   4.4
37.98   2.50474   4.4
38   2.52703   4.4
38.02   2.55612   4.4
38.04   2.59206   4.4
38.06   2.63494   4.4
38.08   2.68494   4.4
38.1   2.74229   4.4
38.12   2.8073   4.4
38.14   2.88034   4.4
38.16   2.96188   4.4
38.18   3.05248   4.4
38.2   3.15279   4.4
38.22   3.26356   4.4
38.24   3.38568   4.4
38.26   3.5202   4.4
38.28   3.66832   4.4
38.3   3.83143   4.4
38.32   4.01117   4.4
38.34   4.20944   4.4
38.36   4.42849   4.4
38.38   4.67095   4.4
38.4   4.93994   4.4
38.42   5.23917   4.4
38.44   5.57308   4.4
38.46   5.94706   4.4
38.48   6.25449   4.4
38.5   6.73259   4.4
38.52   7.27507   4.4
38.54   7.89435   4.4
38.56   8.6062   4.4
38.58   9.43088   4.4
38.6   10.3949   4.4
38.62   11.5333   4.4
38.64   12.8939   4.4
38.66   14.5426   4.4
38.68   16.5737   4.4
38.7   19.126   4.4
38.72   22.4172   4.73468
38.74   26.6753   5.16481
38.76   32.904   5.7362
38.78   42.3359   6.50661
38.8   57.4407   7.57897
38.82   81.8262   9.04578
38.84   118.977   10.9076
38.86   166.726   12.9122
38.88   202.996   14.2477
38.9   195.66   13.9879
38.92   159.675   12.6362
38.94   128.786   11.3484
38.96   114.349   10.6934
38.98   117.282   10.8297
39   139.107   11.7943
39.02   185.917   13.6352
39.04   268.589   16.3887
39.06   396.584   19.9144
39.08   553.073   23.5175
39.1   660.35   25.6973
39.12   656.398   25.6203
39.14   556.047   23.5806
39.16   404.865   20.1213
39.18   271.481   16.4767
39.2   180.247   13.4256
39.22   124.153   11.1424
39.24   89.7955   9.47605
39.26   68.2983   8.26428
39.28   54.0195   7.3498
39.3   43.9471   6.62926
39.32   36.5146   6.04273
39.34   30.8564   5.55485
39.36   26.4481   5.14278
39.38   22.9488   4.79049
39.4   20.1264   4.48624
39.42   17.8183   4.4
39.44   15.908   4.4
39.46   14.3103   4.4
39.48   12.9615   4.4
39.5   11.8137   4.4
39.52   10.8299   4.4
39.54   10.4408   4.4
39.56   9.71789   4.4
39.58   9.09025   4.4
39.6   8.54351   4.4
39.62   8.06605   4.4
39.64   7.6484   4.4
39.66   7.28278   4.4
39.68   6.96281   4.4
39.7   6.68319   4.4
39.72   6.43952   4.4
39.74   6.22816   4.4
39.76   6.04608   4.4
39.78   5.89076   4.4
39.8   5.76014   4.4
39.82   5.65253   4.4
39.84   5.5666   4.4
39.86   5.50128   4.4
39.88   5.45579   4.4
39.9   5.42962   4.4
39.92   5.42247   4.4
39.94   5.43427   4.4
39.96   5.46522   4.4
39.98   5.5157   4.4
40   5.58639   4.4
40.02   5.6782   4.4
40.04   5.79236   4.4
40.06   5.93042   4.4
40.08   6.09429   4.4
40.1   6.28636   4.4
40.12   6.5095   4.4
40.14   6.76721   4.4
40.16   7.06374   4.4
40.18   7.40425   4.4
40.2   7.79503   4.4
40.22   8.24376   4.4
40.24   8.75993   4.4
40.26   9.35527   4.4
40.28   10.0445   4.4
40.3   10.846   4.4
40.32   11.7835   4.4
40.34   12.8875   4.4
40.36   14.0303   4.4
40.38   15.604   4.4
40.4   17.5077   4.4
40.42   19.8392   4.45412
40.44   22.7358   4.76821
40.46   26.3945   5.13756
40.48   31.1067   5.57734
40.5   37.3233   6.10928
40.52   45.7964   6.7673
40.54   57.9155   7.61022
40.56   76.0286   8.71944
40.58   106.281   10.3093
40.6   157.083   12.5333
40.62   239.352   15.471
40.64   359.59   18.9629
40.66   489.612   22.1272
40.68   532.531   23.0766
40.7   440.893   20.9975
40.72   309.736   17.5993
40.74   207.82   14.416
40.76   143.196   11.9664
40.78   106.141   10.3025
40.8   86.344   9.29215
40.82   76.9468   8.77193
40.84   74.614   8.63794
40.86   78.6612   8.86911
40.88   90.7566   9.52662
40.9   115.473   10.7459
40.92   160.777   12.6798
40.94   236.399   15.3753
40.96   345.282   18.5818
40.98   454.139   21.3105
41   471.35   21.7106
41.02   375.458   19.3767
41.04   257.634   16.051
41.06   169.095   13.0036
41.08   112.624   10.6125
41.1   78.7536   8.87432
41.12   58.3519   7.63884
41.14   45.5787   6.7512
41.16   36.7222   6.05988
41.18   30.3245   5.50677
41.2   25.5212   5.05185
41.22   21.8153   4.67069
41.24   18.894   4.4
41.26   16.5493   4.4
41.28   14.6378   4.4
41.3   13.0581   4.4
41.32   11.7369   4.4
41.34   10.6204   4.4
41.36   9.66797   4.4
41.38   8.84884   4.4
41.4   8.13916   4.4
41.42   7.52029   4.4
41.44   6.97744   4.4
41.46   6.49881   4.4
41.48   6.07484   4.4
41.5   5.69774   4.4
41.52   5.36114   4.4
41.54   5.05973   4.4
41.56   4.78912   4.4
41.58   4.54561   4.4
41.6   4.3261   4.4
41.62   4.12796   4.4
41.64   3.94898   4.4
41.66   3.78726   4.4
41.68   3.64118   4.4
41.7   3.50938   4.4
41.72   3.39069   4.4
41.74   3.28411   4.4
41.76   3.18883   4.4
41.78   3.10413   4.4
41.8   3.02945   4.4
41.82   2.96433   4.4
41.84   2.90843   4.4
41.86   2.86149   4.4
41.88   2.82337   4.4
41.9   2.79402   4.4
41.92   2.77349   4.4
41.94   2.76193   4.4
41.96   2.75963   4.4
41.98   2.76698   4.4
42   2.78451   4.4
42.02   2.81293   4.4
42.04   2.85312   4.4
42.06   2.9062   4.4
42.08   2.97355   4.4
42.1   3.05685   4.4
42.12   3.15821   4.4
42.14   2.77387   4.4
42.16   2.93329   4.4
42.18   3.12005   4.4
42.2   3.3392   4.4
42.22   3.59713   4.4
42.24   3.90196   4.4
42.26   4.2642   4.4
42.28   4.69752   4.4
42.3   5.22   4.4
42.32   5.85594   4.4
42.34   6.63851   4.4
42.36   7.61389   4.4
42.38   8.84781   4.4
42.4   10.4362   4.4
42.42   12.5241   4.4
42.44   15.3435   4.4
42.46   19.3015   4.4
42.48   24.7465   4.97459
42.5   34.1326   5.84231
42.52   49.8621   7.06131
42.54   76.1926   8.72884
42.56   117.411   10.8356
42.58   171.65   13.1015
42.6   213.817   14.6225
42.62   202.512   14.2307
42.64   150.73   12.2772
42.66   100.144   10.0072
42.68   64.8273   8.05154
42.7   43.178   6.571
42.72   30.2494   5.49995
42.74   22.4247   4.73547
42.76   17.3826   4.4
42.78   13.907   4.4
42.8   11.3882   4.4
42.82   9.49989   4.4
42.84   8.04917   4.4
42.86   6.9123   4.4
42.88   6.00624   4.4
42.9   5.27351   4.4
42.92   4.67335   4.4
42.94   4.2888   4.4
42.96   3.87625   4.4
42.98   3.52886   4.4
43   3.23424   4.4
43.02   2.98285   4.4
43.04   2.76724   4.4
43.06   2.58152   4.4
43.08   2.42102   4.4
43.1   2.28198   4.4
43.12   2.16138   4.4
43.14   2.05673   4.4
43.16   1.96601   4.4
43.18   1.88757   4.4
43.2   1.82003   4.4
43.22   1.76227   4.4
43.24   1.71334   4.4
43.26   1.6725   4.4
43.28   1.6391   4.4
43.3   1.61266   4.4
43.32   1.59278   4.4
43.34   1.57916   4.4
43.36   1.57157   4.4
43.38   1.5699   4.4
43.4   1.57408   4.4
43.42   1.58412   4.4
43.44   1.60012   4.4
43.46   1.62224   4.4
43.48   1.65073   4.4
43.5   1.68593   4.4
43.52   1.72825   4.4
43.54   1.77825   4.4
43.56   1.83659   4.4
43.58   1.90407   4.4
43.6   1.98168   4.4
43.62   2.07061   4.4
43.64   2.17228   4.4
43.66   2.28844   4.4
43.68   2.4212   4.4
43.7   2.57313   4.4
43.72   2.74742   4.4
43.74   2.94797   4.4
43.76   3.1797   4.4
43.78   3.44875   4.4
43.8   3.76298   4.4
43.82   4.13247   4.4
43.84   4.57042   4.4
43.86   5.09424   4.4
43.88   5.72738   4.4
43.9   6.50199   4.4
43.92   7.46298   4.4
43.94   8.67467   4.4
43.96   10.2319   4.4
43.98   12.2804   4.4
44   15.0618   4.4
44.02   19.0183   4.4
44.04   25.0249   5.00249
44.06   34.7735   5.89691
44.08   50.9054   7.1348
44.1   77.5359   8.80545
44.12   116.69   10.8023
44.14   160.363   12.6634
44.16   177.691   13.3301
44.18   150.032   12.2488
44.2   107.298   10.3585
44.22   73.8599   8.59418
44.24   53.3676   7.30531
44.26   43.1924   6.57209
44.28   40.8031   6.38773
44.3   45.4615   6.74252
44.32   58.1395   7.62493
44.34   79.9009   8.93873
44.36   106.676   10.3284
44.38   119.976   10.9534
44.4   103.674   10.182
44.42   74.2724   8.61815
44.44   49.6503   7.04629
44.46   33.2359   5.76506
44.48   23.1842   4.815
44.5   17.1151   4.4
44.52   13.2911   4.4
44.54   10.7085   4.4
44.56   8.85251   4.4
44.58   7.45982   4.4
44.6   6.3833   4.4
44.62   5.53219   4.4
44.64   4.84666   4.4
44.66   4.28563   4.4
44.68   3.82012   4.4
44.7   3.42918   4.4
44.72   3.09735   4.4
44.74   2.81305   4.4
44.76   2.5674   4.4
44.78   2.35357   4.4
44.8   2.16616   4.4
44.82   2.0009   4.4
44.84   1.85436   4.4
44.86   1.72377   4.4
44.88   1.60684   4.4
44.9   1.50169   4.4
44.92   1.40677   4.4
44.94   1.32076   4.4
44.96   1.24257   4.4
44.98   1.17126   4.4
45   1.10603   4.4
45.02   1.0462   4.4
45.04   0.991177   4.4
45.06   0.940456   4.4
45.08   0.893592   4.4
45.1   0.850199   4.4
45.12   0.809937   4.4
45.14   0.772508   4.4
45.16   0.73765   4.4
45.18   0.70513   4.4
45.2   0.67474   4.4
45.22   0.646296   4.4
45.24   0.619635   4.4
45.26   0.594608   4.4
45.28   0.571083   4.4
45.3   0.548941   4.4
45.32   0.528076   4.4
45.34   0.508389   4.4
45.36   0.489793   4.4
45.38   0.472208   4.4
45.4   0.455562   4.4
45.42   0.439787   4.4
45.44   0.424825   4.4
45.46   0.41062   4.4
45.48   0.39712   4.4
45.5   0.384281   4.4
45.52   0.372058   4.4
45.54   0.360414   4.4
45.56   0.349312   4.4
45.58   0.338718   4.4
45.6   0.328602   4.4
45.62   0.151586   4.4
45.64   0.14682   4.4
45.66   0.142276   4.4
45.68   0.137939   4.4
45.7   0.133797   4.4
45.72   0.129839   4.4
45.74   0.126054   4.4
45.76   0.122432   4.4
45.78   0.118964   4.4
45.8   0.115641   4.4
45.82   0.112456   4.4
45.84   0   4.4
45.86   0   4.4
45.88   0   4.4
45.9   0   4.4
45.92   0   4.4
45.94   0   4.4
45.96   0   4.4
45.98   0   4.4
46   0   4.4
46.02   0   4.4
46.04   4.57665   4.4
46.06   4.70601   4.4
46.08   4.84094   4.4
46.1   4.98175   4.4
46.12   7.47544   4.4
46.14   7.69548   4.4
46.16   7.92539   4.4
46.18   8.16576   4.4
46.2   8.41724   4.4
46.22   8.68051   4.4
46.24   8.95634   4.4
46.26   9.24553   4.4
46.28   9.54896   4.4
46.3   9.86759   4.4
46.32   10.2024   4.4
46.34   10.5546   4.4
46.36   10.9254   4.4
46.38   11.316   4.4
46.4   11.728   4.4
46.42   12.1629   4.4
46.44   12.6224   4.4
46.46   13.1085   4.4
46.48   13.6233   4.4
46.5   14.169   4.4
46.52   14.7482   4.4
46.54   15.3636   4.4
46.56   16.0184   4.4
46.58   16.7159   4.4
46.6   17.4601   4.4
46.62   18.2551   4.4
46.64   19.1057   4.4
46.66   20.0172   4.47406
46.68   20.9956   4.5821
46.7   22.0475   4.69548
46.72   23.1806   4.81462
46.74   24.4033   4.93997
46.76   25.7254   5.07203
46.78   27.1581   5.21134
46.8   28.7139   5.35854
46.82   30.4075   5.5143
46.84   32.2555   5.67939
46.86   34.2773   5.85469
46.88   36.4956   6.04116
46.9   38.9365   6.23991
46.92   41.6309   6.4522
46.94   44.6152   6.67946
46.96   47.9326   6.92334
46.98   51.6345   7.18571
47   55.7827   7.46878
47.02   60.4521   7.7751
47.04   65.7338   8.10764
47.06   71.7396   8.46993
47.08   78.6084   8.86614
47.1   86.5138   9.30128
47.12   95.6751   9.78136
47.14   106.373   10.3137
47.16   118.971   10.9074
47.18   133.947   11.5736
47.2   151.938   12.3263
47.22   173.807   13.1836
47.24   200.75   14.1686
47.26   234.456   15.312
47.28   277.377   16.6547
47.3   333.202   18.2538
47.32   407.811   20.1943
47.34   511.491   22.6162
47.36   663.96   25.7674
47.38   903.719   30.0619
47.4   1299.08   36.0428
47.42   1949.04   44.1479
47.44   2948.15   54.2969
47.46   4231.44   65.0495
47.48   5199.41   72.1069
47.5   5095.98   71.3861
47.52   4439.27   66.6279
47.54   4003.01   63.2693
47.56   3659.29   60.4921
47.58   2967.52   54.475
47.6   2120.3   46.0467
47.62   1446.71   38.0357
47.64   997.017   31.5756
47.66   714.501   26.7302
47.68   537.443   23.1828
47.7   421.76   20.5368
47.72   341.48   18.4792
47.74   282.761   16.8155
47.76   238.192   15.4335
47.78   203.474   14.2644
47.8   175.884   13.2621
47.82   153.592   12.3932
47.84   135.321   11.6328
47.86   120.158   10.9616
47.88   107.434   10.3651
47.9   96.6544   9.8313
47.92   87.4412   9.351
47.94   79.5057   8.9166
47.96   72.6227   8.5219
47.98   66.6148   8.16179
48   61.3405   7.83202
48.02   56.6861   7.52901
48.04   52.5591   7.24977
48.06   48.8841   6.99171
48.08   45.5985   6.75266
48.1   42.6505   6.53074
48.12   39.9969   6.32431
48.14   37.6012   6.13198
48.16   35.4326   5.95253
48.18   33.4651   5.78491
48.2   31.6764   5.62818
48.22   30.0475   5.48156
48.24   28.5619   5.34433
48.26   27.2058   5.21592
48.28   25.9671   5.09579
48.3   24.8354   4.98351
48.32   23.8018   4.87871
48.34   22.859   4.7811
48.36   22.0003   4.69045
48.38   21.2207   4.60659
48.4   20.5157   4.52943
48.42   19.8821   4.45893
48.44   19.3173   4.4
48.46   18.82   4.4
48.48   18.3896   4.4
48.5   18.0269   4.4
48.52   17.7337   4.4
48.54   17.5134   4.4
48.56   17.3709   4.4
48.58   17.3136   4.4
48.6   17.3514   4.4
48.62   17.4982   4.4
48.64   17.7723   4.4
48.66   18.199   4.4
48.68   18.813   4.4
48.7   19.6622   4.43421
48.72   20.8145   4.56229
48.74   22.3679   4.72947
48.76   24.4684   4.94655
48.78   27.3457   5.22931
48.8   31.3942   5.60305
48.82   37.3565   6.112
48.84   46.6742   6.83185
48.86   61.9218   7.86904
48.88   86.8993   9.32198
48.9   125.457   11.2007
48.92   176.161   13.2726
48.94   218.28   14.7743
48.96   217.308   14.7414
48.98   200.496   14.1597
49   200.732   14.168
49.02   222.633   14.9209
49.04   241.484   15.5397
49.06   213.919   14.626
49.08   156.468   12.5087
49.1   105.357   10.2644
49.12   70.3578   8.38795
49.14   48.5902   6.97066
49.16   35.3695   5.94723
49.18   27.0724   5.20312
49.2   21.5197   4.63893
49.22   17.5669   4.4
49.24   14.6257   4.4
49.26   12.3702   4.4
49.28   10.6012   4.4
49.3   9.1879   4.4
49.32   8.04085   4.4
49.34   7.09701   4.4
49.36   6.31093   4.4
49.38   5.64922   4.4
49.4   5.08689   4.4
49.42   4.60492   4.4
49.44   4.18866   4.4
49.46   3.82663   4.4
49.48   3.50979   4.4
49.5   3.23088   4.4
49.52   2.98407   4.4
49.54   2.76461   4.4
49.56   2.56857   4.4
49.58   2.39275   4.4
49.6   2.23443   4.4
49.62   2.09137   4.4
49.64   1.96166   4.4
49.66   1.84368   4.4
49.68   1.73607   4.4
49.7   1.63763   4.4
49.72   1.54736   4.4
49.74   1.46436   4.4
49.76   1.38788   4.4
49.78   1.31726   4.4
49.8   1.2519   4.4
49.82   1.1913   4.4
49.84   1.135   4.4
49.86   1.08261   4.4
49.88   1.03377   4.4
49.9   0.988162   4.4
49.92   0.945516   4.4
49.94   0.905577   4.4
49.96   0.868119   4.4
49.98   0.832942   4.4
50   0.799863   4.4
50.02   0.768719   4.4
50.04   0.739362   4.4
50.06   0.711656   4.4
50.08   0.685481   4.4
50.1   0.660726   4.4
50.12   0.637289   4.4
50.14   0.615079   4.4
50.16   0.594012   4.4
50.18   0.574009   4.4
50.2   0.555002   4.4
50.22   0.536923   4.4
50.24   0.519715   4.4
50.26   0.503322   4.4
50.28   0.487693   4.4
50.3   0.472781   4.4
50.32   0.458544   4.4
50.34   0.444941   4.4
50.36   0.431934   4.4
50.38   0.41949   4.4
50.4   0.407577   4.4
50.42   0.226685   4.4
50.44   0.220244   4.4
50.46   0.214074   4.4
50.48   0.20816   4.4
50.5   0.202487   4.4
50.52   0.0778948   4.4
50.54   0.0800567   4.4
50.56   0.0823098   4.4
50.58   0.0846594   4.4
50.6   0.087111   4.4
50.62   0.0896706   4.4
50.64   0.0923446   4.4
50.66   0.09514   4.4
50.68   0.0980642   4.4
50.7   0.101125   4.4
50.72   0.171689   4.4
50.74   0.176923   4.4
50.76   0.182402   4.4
50.78   0.188141   4.4
50.8   0.194156   4.4
50.82   0.200466   4.4
50.84   0.20709   4.4
50.86   0.21405   4.4
50.88   0.271731   4.4
50.9   0.280834   4.4
50.92   0.290408   4.4
50.94   0.300486   4.4
50.96   0.311105   4.4
50.98   0.322304   4.4
51   0.334127   4.4
51.02   0.346622   4.4
51.04   0.359841   4.4
51.06   0.373843   4.4
51.08   0.388691   4.4
51.1   0.404456   4.4
51.12   0.421215   4.4
51.14   0.439056   4.4
51.16   0.458076   4.4
51.18   0.478382   4.4
51.2   0.500095   4.4
51.22   0.52335   4.4
51.24   0.548299   4.4
51.26   0.575115   4.4
51.28   0.603991   4.4
51.3   0.635149   4.4
51.32   0.668841   4.4
51.34   0.705355   4.4
51.36   0.745021   4.4
51.38   0.788224   4.4
51.4   0.835405   4.4
51.42   0.887081   4.4
51.44   0.943856   4.4
51.46   1.00644   4.4
51.48   1.07568   4.4
51.5   1.15258   4.4
51.52   1.23834   4.4
51.54   1.33442   4.4
51.56   1.44261   4.4
51.58   1.56508   4.4
51.6   1.70456   4.4
51.62   1.86444   4.4
51.64   2.04906   4.4
51.66   2.26397   4.4
51.68   2.51641   4.4
51.7   2.81599   4.4
51.72   3.17561   4.4
51.74   3.61302   4.4
51.76   4.15312   4.4
51.78   5.04387   4.4
51.8   5.92019   4.4
51.82   7.07216   4.4
51.84   8.64259   4.4
51.86   10.9017   4.4
51.88   14.3851   4.4
51.9   20.0866   4.48181
51.92   29.5475   5.43576
51.94   44.4737   6.66886
51.96   64.8675   8.05403
51.98   83.1796   9.12029
52   83.3145   9.12768
52.02   66.0969   8.13
52.04   47.8125   6.91466
52.06   35.6735   5.97273
52.08   30.1814   5.49376
52.1   30.2149   5.49681
52.12   35.9803   5.99836
52.14   47.6441   6.90247
52.16   64.3245   8.02025
52.18   77.8251   8.82185
52.2   74.6425   8.63959
52.22   58.8251   7.66975
52.24   44.2422   6.65148
52.26   36.2077   6.01729
52.28   35.1815   5.9314
52.3   40.6969   6.37941
52.32   51.1495   7.15189
52.34   59.6901   7.72593
52.36   55.898   7.47649
52.38   42.5204   6.52076
52.4   29.5722   5.43804
52.42   20.4703   4.52441
52.44   14.7641   4.4
52.46   11.3091   4.4
52.48   9.16637   4.4
52.5   7.75603   4.4
52.52   6.77129   4.4
52.54   6.05595   4.4
52.56   5.52516   4.4
52.58   5.128   4.4
52.6   4.83154   4.4
52.62   4.61363   4.4
52.64   4.45903   4.4
52.66   4.35718   4.4
52.68   4.30077   4.4
52.7   4.28491   4.4
52.72   4.30649   4.4
52.74   4.36389   4.4
52.76   4.45672   4.4
52.78   4.58579   4.4
52.8   4.75301   4.4
52.82   4.96157   4.4
52.84   5.216   4.4
52.86   5.52252   4.4
52.88   5.88941   4.4
52.9   6.32758   4.4
52.92   6.85147   4.4
52.94   7.48028   4.4
52.96   8.2398   4.4
52.98   9.16516   4.4
53   10.3051   4.4
53.02   11.7286   4.4
53.04   13.536   4.4
53.06   15.8779   4.4
53.08   18.9941   4.4
53.1   23.3026   4.82728
53.12   29.6076   5.44128
53.14   39.5042   6.28524
53.16   55.8986   7.47653
53.18   83.1346   9.11782
53.2   125.613   11.2077
53.22   181.921   13.4878
53.24   226.065   15.0355
53.26   216.09   14.7
53.28   164.729   12.8347
53.3   114.655   10.7077
53.32   80.5514   8.97504
53.34   60.8377   7.79985
53.36   51.075   7.14668
53.38   47.8481   6.91723
53.4   49.627   7.04465
53.42   56.7992   7.53653
53.44   71.6507   8.46468
53.46   98.2103   9.91011
53.48   140.864   11.8686
53.5   198.611   14.093
53.52   249.838   15.8063
53.54   266.65   16.3294
53.56   261.096   16.1585
53.58   236.466   15.3775
53.6   184.616   13.5874
53.62   130.168   11.4091
53.64   90.8529   9.53168
53.66   67.036   8.18755
53.68   55.0927   7.42244
53.7   52.0053   7.21147
53.72   56.0523   7.48681
53.74   64.6718   8.04188
53.76   69.433   8.33265
53.78   61.4297   7.83771
53.8   46.5299   6.82128
53.82   33.5206   5.7897
53.84   24.5838   4.95821
53.86   18.8874   4.4
53.88   15.2837   4.4
53.9   12.903   4.4
53.92   11.2268   4.4
53.94   9.98191   4.4
53.96   9.02521   4.4
53.98   8.27508   4.4
54   7.68026   4.4
54.02   7.20639   4.4
54.04   6.82963   4.4
54.06   6.53309   4.4
54.08   6.30472   4.4
54.1   6.13595   4.4
54.12   6.02081   4.4
54.14   5.95539   4.4
54.16   5.93747   4.4
54.18   5.96629   4.4
54.2   6.04254   4.4
54.22   6.16827   4.4
54.24   6.34705   4.4
54.26   6.58418   4.4
54.28   6.88695   4.4
54.3   7.26518   4.4
54.32   7.7319   4.4
54.34   8.30431   4.4
54.36   9.00524   4.4
54.38   9.8652   4.4
54.4   10.9254   4.4
54.42   12.2424   4.4
54.44   13.8953   4.4
54.46   15.9963   4.4
54.48   18.71   4.4
54.5   22.2847   4.72067
54.52   27.1177   5.20747
54.54   33.9047   5.82278
54.56   43.9895   6.63246
54.58   60.0466   7.74897
54.6   86.9594   9.32521
54.62   132.044   11.491
54.64   202.733   14.2384
54.66   296.126   17.2083
54.68   369.727   19.2283
54.7   351.727   18.7544
54.72   262.657   16.2067
54.74   175.144   13.2342
54.76   113.903   10.6726
54.78   76.0599   8.72123
54.8   53.663   7.32551
54.82   40.1597   6.33717
54.84   31.5163   5.61394
54.86   25.6192   5.06154
54.88   21.412   4.62731
54.9   18.3355   4.4
54.92   16.0649   4.4
54.94   14.4003   4.4
54.96   13.2181   4.4
54.98   12.4487   4.4
55   11.9002   4.4
55.02   11.9267   4.4
55.04   12.2898   4.4
55.06   13.484   4.4
55.08   15.7765   4.4
55.1   19.9914   4.47117
55.12   27.4752   5.24168
55.14   39.8553   6.31311
55.16   57.6715   7.59417
55.18   75.6145   8.69566
55.2   78.722   8.87254
55.22   63.0825   7.94245
55.24   43.6864   6.60957
55.26   29.0447   5.38931
55.28   19.677   4.43588
55.3   14.0393   4.4
55.32   10.6289   4.4
55.34   8.44679   4.4
55.36   6.94681   4.4
55.38   5.85411   4.4
55.4   5.02584   4.4
55.42   4.37994   4.4
55.44   3.86484   4.4
55.46   3.44621   4.4
55.48   3.10036   4.4
55.5   2.81056   4.4
55.52   2.56468   4.4
55.54   2.35376   4.4
55.56   2.17106   4.4
55.58   2.01145   4.4
55.6   1.87093   4.4
55.62   1.74637   4.4
55.64   1.63526   4.4
55.66   1.5356   4.4
55.68   1.44575   4.4
55.7   1.36438   4.4
55.72   1.29037   4.4
55.74   1.2228   4.4
55.76   1.16089   4.4
55.78   1.10398   4.4
55.8   1.05151   4.4
55.82   1.00299   4.4
55.84   0.958027   4.4
55.86   0.916244   4.4
55.88   0.877333   4.4
55.9   0.841021   4.4
55.92   0.807067   4.4
55.94   0.77526   4.4
55.96   0.745412   4.4
55.98   0.717356   4.4
56   0.690944   4.4
56.02   0.666044   4.4
56.04   0.642537   4.4
56.06   0.620315   4.4
56.08   0.599282   4.4
56.1   0.57935   4.4
56.12   0.560442   4.4
56.14   0.542484   4.4
56.16   0.169897   4.4
56.18   0.163099   4.4
56.2   0.1567   4.4
56.22   0.150669   4.4
56.24   0.144981   4.4
56.26   0.139608   4.4
56.28   0.134528   4.4
56.3   0.12972   4.4
56.32   0.125166   4.4
56.34   0.120847   4.4
56.36   0.116747   4.4
56.38   0.112853   4.4
56.4   0.10915   4.4
56.42   0.105626   4.4
56.44   0.10227   4.4
56.46   0.0990717   4.4
56.48   0.0960209   4.4
56.5   0.0931087   4.4
56.52   0.0903271   4.4
56.54   0.0876681   4.4
56.56   0.0851248   4.4
56.58   0.0826906   4.4
56.6   0.0803593   4.4
56.62   0.0781251   4.4
56.64   0.0759828   4.4
56.66   0.0739274   4.4
56.68   0   4.4
56.7   0   4.4
56.72   0   4.4
56.74   0   4.4
56.76   0   4.4
56.78   0   4.4
56.8   0   4.4
56.82   0   4.4
56.84   0   4.4
56.86   0   4.4
56.88   0   4.4
56.9   0   4.4
56.92   0   4.4
56.94   0   4.4
56.96   0   4.4
56.98   0   4.4
57   0   4.4
57.02   0   4.4
57.04   0   4.4
57.06   0   4.4
57.08   0   4.4
57.1   0   4.4
57.12   0   4.4
57.14   0   4.4
57.16   0   4.4
57.18   0   4.4
57.2   0   4.4
57.22   0   4.4
57.24   0   4.4
57.26   0   4.4
57.28   0   4.4
57.3   0   4.4
57.32   0   4.4
57.34   0   4.4
57.36   0   4.4
57.38   0   4.4
57.4   0   4.4
57.42   1.6322   4.4
57.44   1.67832   4.4
57.46   1.72642   4.4
57.48   1.77661   4.4
57.5   1.82903   4.4
57.52   1.8838   4.4
57.54   1.94107   4.4
57.56   2.00098   4.4
57.58   3.19343   4.4
57.6   3.29081   4.4
57.62   3.39274   4.4
57.64   3.49949   4.4
57.66   3.61137   4.4
57.68   3.72873   4.4
57.7   3.85192   4.4
57.72   3.98135   4.4
57.74   4.11743   4.4
57.76   4.26064   4.4
57.78   4.41148   4.4
57.8   4.57051   4.4
57.82   5.82359   4.4
57.84   6.03126   4.4
57.86   6.25041   4.4
57.88   8.76357   4.4
57.9   9.07181   4.4
57.92   9.3971   4.4
57.94   9.74075   4.4
57.96   10.1042   4.4
57.98   10.4891   4.4
58   10.8971   4.4
58.02   11.3303   4.4
58.04   11.7908   4.4
58.06   12.2811   4.4
58.08   12.8037   4.4
58.1   13.3619   4.4
58.12   13.9589   4.4
58.14   14.5986   4.4
58.16   15.2853   4.4
58.18   16.024   4.4
58.2   16.8201   4.4
58.22   17.6802   4.4
58.24   18.6115   4.4
58.26   19.6224   4.42972
58.28   20.7228   4.55223
58.3   21.924   4.68231
58.32   23.2393   4.82072
58.34   24.6843   4.96833
58.36   26.2776   5.12617
58.38   28.0412   5.29539
58.4   30.0016   5.47737
58.42   32.1907   5.67369
58.44   34.6478   5.88623
58.46   37.4207   6.11724
58.48   40.5691   6.36939
58.5   44.1682   6.64592
58.52   48.3132   6.95077
58.54   53.127   7.28883
58.56   58.7701   7.66616
58.58   65.4556   8.09046
58.6   73.4719   8.57157
58.62   83.2164   9.1223
58.64   95.25   9.75961
58.66   110.386   10.5065
58.68   129.846   11.395
58.7   155.585   12.4734
58.72   191.034   13.8215
58.74   242.823   15.5828
58.76   324.004   18.0001
58.78   457.853   21.3975
58.8   678.005   26.0385
58.82   1015.65   31.8692
58.84   1444.56   38.0073
58.86   1746.21   41.7876
58.88   1628.46   40.3541
58.9   1251.82   35.381
58.92   923.491   30.389
58.94   739.542   27.1945
58.96   700.417   26.4654
58.98   795.929   28.2122
59   1011.57   31.8051
59.02   1268.44   35.6151
59.04   1343.84   36.6584
59.06   1132.61   33.6543
59.08   844.144   29.0541
59.1   628.251   25.0649
59.12   503   22.4277
59.14   449.683   21.2057
59.16   451.743   21.2542
59.18   506.218   22.4993
59.2   626.592   25.0318
59.22   840.317   28.9882
59.24   1175.99   34.2926
59.26   1611.33   40.1414
59.28   1993.06   44.6437
59.3   2247.71   47.4101
59.32   2551.52   50.5126
59.34   2798.61   52.9019
59.36   2549.66   50.4942
59.38   1897.26   43.5575
59.4   1281.26   35.7946
59.42   851.746   29.1847
59.44   583.431   24.1543
59.46   421.186   20.5228
59.48   320.545   17.9038
59.5   254.103   15.9406
59.52   207.314   14.3984
59.54   172.751   13.1435
59.56   146.374   12.0985
59.58   125.756   11.2141
59.6   109.322   10.4557
59.62   96.0031   9.79812
59.64   85.0516   9.22234
59.66   75.9319   8.71389
59.68   68.252   8.26148
59.7   61.7199   7.8562
59.72   56.1146   7.49097
59.74   51.2661   7.16003
59.76   47.0419   6.85871
59.78   43.3377   6.58314
59.8   40.0702   6.3301
59.82   37.1723   6.09691
59.84   34.5895   5.88129
59.86   32.2772   5.68131
59.88   30.1985   5.49532
59.9   28.3227   5.32191
59.92   26.624   5.15984
59.94   25.0808   5.00807
59.96   23.6747   4.86567
59.98   22.3902   4.73183
60   21.2139   4.60586
60.02   20.1345   4.48715
60.04   19.1421   4.4
60.06   18.2283   4.4
60.08   17.3861   4.4
60.1   16.6091   4.4
60.12   15.8924   4.4
60.14   15.2413   4.4
60.16   14.6336   4.4
60.18   14.0763   4.4
60.2   13.5682   4.4
60.22   13.1092   4.4
60.24   12.7011   4.4
60.26   12.3482   4.4
60.28   12.065   4.4
60.3   11.8522   4.4
60.32   11.7419   4.4
60.34   10.2234   4.4
60.36   10.5647   4.4
60.38   11.356   4.4
60.4   12.9031   4.4
60.42   15.5507   4.4
60.44   19.3209   4.4
60.46   22.7961   4.77453
60.48   22.6119   4.7552
60.5   17.6462   4.4
60.52   13.4433   4.4
60.54   10.3503   4.4
60.56   8.35604   4.4
60.58   7.11522   4.4
60.6   6.3186   4.4
60.62   5.76777   4.4
60.64   5.35625   4.4
60.66   5.03055   4.4
60.68   4.76244   4.4
60.7   4.5354   4.4
60.72   4.3389   4.4
60.74   3.08938   4.4
60.76   2.96364   4.4
60.78   2.85172   4.4
60.8   2.75109   4.4
60.82   0.396315   4.4
60.84   0.373226   4.4
60.86   0.354636   4.4
60.88   0.339808   4.4
60.9   0.328179   4.4
60.92   0.319316   4.4
60.94   0.31289   4.4
60.96   0.30865   4.4
60.98   0.306408   4.4
61   0.306034   4.4
61.02   0.307437   4.4
61.04   0.310571   4.4
61.06   0.315426   4.4
61.08   0.322024   4.4
61.1   0.330427   4.4
61.12   0.340732   4.4
61.14   0.353076   4.4
61.16   0.367646   4.4
61.18   0.38468   4.4
61.2   0.404484   4.4
61.22   0.427445   4.4
61.24   0.454052   4.4
61.26   0.484928   4.4
61.28   0.52087   4.4
61.3   0.562907   4.4
61.32   0.612387   4.4
61.34   0.6711   4.4
61.36   0.741467   4.4
61.38   0.82683   4.4
61.4   0.931919   4.4
61.42   1.06363   4.4
61.44   1.23255   4.4
61.46   1.48343   4.4
61.48   1.7949   4.4
61.5   2.25658   4.4
61.52   2.98623   4.4
61.54   4.17086   4.4
61.56   6.03052   4.4
61.58   8.62351   4.4
61.6   11.1906   4.4
61.62   11.7923   4.4
61.64   10.2238   4.4
61.66   8.58638   4.4
61.68   8.057   4.4
61.7   8.76769   4.4
61.72   10.1931   4.4
61.74   10.9188   4.4
61.76   10.2618   4.4
61.78   9.41691   4.4
61.8   9.62517   4.4
61.82   11.5147   4.4
61.84   15.7395   4.4
61.86   22.9858   4.79435
61.88   32.9544   5.74059
61.9   41.2843   6.42528
61.92   40.0139   6.32566
61.94   30.4478   5.51795
61.96   20.5222   4.53014
61.98   13.4491   4.4
62   9.03202   4.4
62.02   6.40011   4.4
62.04   4.80684   4.4
62.06   3.78302   4.4
62.08   3.07941   4.4
62.1   2.57065   4.4
62.12   2.19021   4.4
62.14   1.89898   4.4
62.16   1.67201   4.4
62.18   1.4926   4.4
62.2   1.34921   4.4
62.22   1.23366   4.4
62.24   1.14008   4.4
62.26   1.06415   4.4
62.28   1.00265   4.4
62.3   0.953196   4.4
62.32   0.913964   4.4
62.34   0.883592   4.4
62.36   0.86106   4.4
62.38   0.845625   4.4
62.4   0.836765   4.4
62.42   0.834156   4.4
62.44   0.837644   4.4
62.46   0.84724   4.4
62.48   0.863119   4.4
62.5   0.885629   4.4
62.52   0.915315   4.4
62.54   0.952952   4.4
62.56   0.999597   4.4
62.58   1.05666   4.4
62.6   1.12603   4.4
62.62   1.21022   4.4
62.64   1.31259   4.4
62.66   1.43773   4.4
62.68   1.59199   4.4
62.7   1.7843   4.4
62.72   2.0276   4.4
62.74   2.34122   4.4
62.76   2.75568   4.4
62.78   3.32369   4.4
62.8   4.14591   4.4
62.82   5.42171   4.4
62.84   7.51622   4.4
62.86   10.9817   4.4
62.88   16.3954   4.4
62.9   23.6103   4.85904
62.92   29.5823   5.43896
62.94   28.7939   5.36599
62.96   22.4546   4.73863
62.98   16.1306   4.4
63   11.8962   4.4
63.02   9.62279   4.4
63.04   8.78745   4.4
63.06   9.0281   4.4
63.08   10.3129   4.4
63.1   13.0187   4.4
63.12   18.0347   4.4
63.14   26.6059   5.15809
63.16   39.683   6.29945
63.18   55.2408   7.43242
63.2   63.4099   7.96303
63.22   55.5514   7.45328
63.24   40.1177   6.33386
63.26   26.898   5.18633
63.28   18.2019   4.4
63.3   13.2399   4.4
63.32   10.8097   4.4
63.34   9.90843   4.4
63.36   9.45452   4.4
63.38   8.26209   4.4
63.4   6.47996   4.4
63.42   4.89471   4.4
63.44   3.74418   4.4
63.46   2.96097   4.4
63.48   2.42707   4.4
63.5   2.04803   4.4
63.52   1.76421   4.4
63.54   1.54208   4.4
63.56   1.36289   4.4
63.58   1.21532   4.4
63.6   1.09189   4.4
63.62   0.987336   4.4
63.64   0.897823   4.4
63.66   0.820477   4.4
63.68   0.753106   4.4
63.7   0.694006   4.4
63.72   0.641832   4.4
63.74   0.595511   4.4
63.76   0.554174   4.4
63.78   0.517114   4.4
63.8   0.483745   4.4
63.82   0.453583   4.4
63.84   0.42622   4.4
63.86   0.401313   4.4
63.88   0.378572   4.4
63.9   0.357748   4.4
63.92   0.338628   4.4
63.94   0.321028   4.4
63.96   0.304788   4.4
63.98   0.28977   4.4
64   0.416035   4.4
64.02   0.407048   4.4
64.04   0.39913   4.4
64.06   0.392206   4.4
64.08   0.386216   4.4
64.1   0.381103   4.4
64.12   0.376823   4.4
64.14   0.373336   4.4
64.16   0.37061   4.4
64.18   0.368617   4.4
64.2   0.367337   4.4
64.22   0.366752   4.4
64.24   0.366852   4.4
64.26   0.367628   4.4
64.28   0.369078   4.4
64.3   0.374893   4.4
64.32   0.377803   4.4
64.34   0.381407   4.4
64.36   0.385721   4.4
64.38   0.390762   4.4
64.4   0.369534   4.4
64.42   0.376824   4.4
64.44   0.386463   4.4
64.46   0.395406   4.4
64.48   0.405223   4.4
64.5   0.415967   4.4
64.52   0.427699   4.4
64.54   0.440487   4.4
64.56   0.454409   4.4
64.58   0.469554   4.4
64.6   0.486021   4.4
64.62   0.503923   4.4
64.64   0.523387   4.4
64.66   0.487769   4.4
64.68   0.508495   4.4
64.7   0.535163   4.4
64.72   0.564043   4.4
64.74   0.595383   4.4
64.76   0.629467   4.4
64.78   0.666621   4.4
64.8   0.707222   4.4
64.82   0.751705   4.4
64.84   0.796284   4.4
64.86   0.850255   4.4
64.88   0.909903   4.4
64.9   0.97605   4.4
64.92   1.04968   4.4
64.94   1.13195   4.4
64.96   1.22427   4.4
64.98   1.32835   4.4
65   1.44627   4.4
65.02   1.58057   4.4
65.04   1.73444   4.4
65.06   1.91185   4.4
65.08   2.11783   4.4
65.1   2.35883   4.4
65.12   2.64319   4.4
65.14   2.98192   4.4
65.16   3.38966   4.4
65.18   3.88629   4.4
65.2   4.49932   4.4
65.22   5.26756   4.4
65.24   6.24718   4.4
65.26   7.52197   4.4
65.28   9.22317   4.4
65.3   11.5736   4.4
65.32   15.0086   4.4
65.34   20.3325   4.50916
65.36   29.1474   5.39884
65.38   44.0055   6.63366
65.4   67.9463   8.24296
65.42   101.859   10.0925
65.44   135.416   11.6368
65.46   140.623   11.8584
65.48   111.483   10.5586
65.5   75.9133   8.71282
65.52   49.3031   7.02162
65.54   32.4203   5.69388
65.56   22.3748   4.7302
65.58   16.4001   4.4
65.6   12.6775   4.4
65.62   10.2199   4.4
65.64   8.55979   4.4
65.66   7.49004   4.4
65.68   6.93747   4.4
65.7   6.87861   4.4
65.72   7.19083   4.4
65.74   7.33508   4.4
65.76   6.62165   4.4
65.78   5.39393   4.4
65.8   4.32672   4.4
65.82   3.61793   4.4
65.84   3.24634   4.4
65.86   3.15884   4.4
65.88   3.2801   4.4
65.9   3.39553   4.4
65.92   3.16398   4.4
65.94   2.6371   4.4
65.96   2.12693   4.4
65.98   1.74786   4.4
66   1.48679   4.4
66.02   1.30658   4.4
66.04   1.17612   4.4
66.06   1.07578   4.4
66.08   0.994784   4.4
66.1   0.9274   4.4
66.12   0.870322   4.4
66.14   0.821439   4.4
66.16   0.7793   4.4
66.18   0.742864   4.4
66.2   0.711373   4.4
66.22   0.684263   4.4
66.24   0.661125   4.4
66.26   0.641665   4.4
66.28   0.625689   4.4
66.3   0.613088   4.4
66.32   0.603839   4.4
66.34   0.597999   4.4
66.36   0.595715   4.4
66.38   0.597238   4.4
66.4   0.602938   4.4
66.42   0.613336   4.4
66.44   0.629147   4.4
66.46   0.651341   4.4
66.48   0.681237   4.4
66.5   0.720632   4.4
66.52   0.772008   4.4
66.54   0.838842   4.4
66.56   0.926097   4.4
66.58   1.04102   4.4
66.6   1.19457   4.4
66.62   1.4042   4.4
66.64   1.70033   4.4
66.66   2.14153   4.4
66.68   2.84443   4.4
66.7   4.02333   4.4
66.72   6.00298   4.4
66.74   9.1229   4.4
66.76   13.2956   4.4
66.78   16.7228   4.4
66.8   16.1308   4.4
66.82   12.2109   4.4
66.84   8.24781   4.4
66.86   5.45808   4.4
66.88   3.74098   4.4
66.9   2.74352   4.4
66.92   2.17188   4.4
66.94   1.71689   4.4
66.96   1.57266   4.4
66.98   1.59232   4.4
67   1.81113   4.4
67.02   2.281   4.4
67.04   2.98895   4.4
67.06   3.61848   4.4
67.08   3.52056   4.4
67.1   2.73796   4.4
67.12   1.91315   4.4
67.14   1.31567   4.4
67.16   0.934846   4.4
67.18   0.701281   4.4
67.2   0.55449   4.4
67.22   0.452504   4.4
67.24   0.381865   4.4
67.26   0.328478   4.4
67.28   0.286722   4.4
67.3   0.253245   4.4
67.32   0.225874   4.4
67.34   0.203127   4.4
67.36   0.183958   4.4
67.38   0.166056   4.4
67.4   0.152011   4.4
67.42   0.139802   4.4
67.44   0.129105   4.4
67.46   0.119668   4.4
67.48   0.111289   4.4
67.5   0.564548   4.4
67.52   0.570612   4.4
67.54   0.577876   4.4
67.56   0.586284   4.4
67.58   0.595794   4.4
67.6   0.606381   4.4
67.62   0.618031   4.4
67.64   0.630739   4.4
67.66   0.644513   4.4
67.68   0.659366   4.4
67.7   0.675322   4.4
67.72   0.692411   4.4
67.74   0.710672   4.4
67.76   0.73015   4.4
67.78   0.750899   4.4
67.8   0.772981   4.4
67.82   0.796464   4.4
67.84   0.821429   4.4
67.86   0.847963   4.4
67.88   0.876164   4.4
67.9   0.906141   4.4
67.92   0.938016   4.4
67.94   0.971924   4.4
67.96   1.00801   4.4
67.98   1.04645   4.4
68   1.08742   4.4
68.02   3.08091   4.4
68.04   3.1822   4.4
68.06   3.28903   4.4
68.08   3.40182   4.4
68.1   3.52103   4.4
68.12   3.64716   4.4
68.14   3.78079   4.4
68.16   3.92253   4.4
68.18   4.07308   4.4
68.2   4.23322   4.4
68.22   4.40382   4.4
68.24   4.58586   4.4
68.26   4.76445   4.4
68.28   4.97326   4.4
68.3   5.19725   4.4
68.32   5.43805   4.4
68.34   5.69751   4.4
68.36   5.97775   4.4
68.38   6.28124   4.4
68.4   7.06437   4.4
68.42   7.43607   4.4
68.44   7.84164   4.4
68.46   8.28574   4.4
68.48   8.7739   4.4
68.5   9.31274   4.4
68.52   9.91027   4.4
68.54   10.5762   4.4
68.56   11.3196   4.4
68.58   12.1613   4.4
68.6   13.1169   4.4
68.62   14.2102   4.4
68.64   15.4716   4.4
68.66   16.9411   4.4
68.68   18.6713   4.4
68.7   20.7339   4.55344
68.72   23.2269   4.81943
68.74   26.2889   5.12727
68.76   30.21   5.49636
68.78   35.1098   5.92535
68.8   41.5442   6.44548
68.82   50.3132   7.09318
68.84   62.9311   7.93291
68.86   82.4154   9.07829
68.88   114.422   10.6968
68.9   167.849   12.9557
68.92   252.832   15.9007
68.94   370.54   19.2494
68.96   480.026   21.9095
68.98   485.643   22.0373
69   382.427   19.5557
69.02   266.033   16.3105
69.04   181.658   13.4781
69.06   129.547   11.3819
69.08   99.7503   9.98751
69.1   83.2641   9.12492
69.12   74.3273   8.62133
69.14   69.9096   8.3612
69.16   68.5831   8.28149
69.18   69.7182   8.34974
69.2   73.101   8.54991
69.22   78.7934   8.87656
69.24   87.1058   9.33305
69.26   98.6361   9.93157
69.28   114.378   10.6948
69.3   135.953   11.6599
69.32   166.133   12.8893
69.34   210.1   14.4948
69.36   278.204   16.6794
69.38   390.449   19.7598
69.4   580.225   24.0879
69.42   890.143   29.8353
69.44   1343.32   36.6514
69.46   1836.54   42.8549
69.48   2003.33   44.7586
69.5   1655.01   40.6818
69.52   1149.7   33.9072
69.54   752.89   27.4388
69.56   496.683   22.2864
69.58   343.719   18.5397
69.6   253.655   15.9265
69.62   198.674   14.0952
69.64   163.346   12.7807
69.66   140.048   11.8342
69.68   125.131   11.1862
69.7   116.968   10.8152
69.72   115.347   10.74
69.74   121.719   11.0326
69.76   140.052   11.8344
69.78   177.61   13.327
69.8   243.985   15.62
69.82   344.588   18.5631
69.84   456.307   21.3613
69.86   494.688   22.2416
69.88   412.915   20.3203
69.9   292.914   17.1147
69.92   197.864   14.0664
69.94   135.896   11.6574
69.96   98.39   9.91917
69.98   75.8883   8.71139
70   61.8302   7.86321
