1.54056
5   0   4.4
5.02   0   4.4
5.04   0   4.4
5.06   0   4.4
5.08   0   4.4
5.1   0   4.4
5.12   0   4.4
5.14   0   4.4
5.16   0   4.4
5.18   0   4.4
5.2   0   4.4
5.22   0   4.4
5.24   0   4.4
5.26   0   4.4
5.28   0   4.4
5.3   0   4.4
5.32   0   4.4
5.34   0   4.4
5.36   0   4.4
5.38   0   4.4
5.4   0   4.4
5.42   0   4.4
5.44   0   4.4
5.46   0   4.4
5.48   0   4.4
5.5   0   4.4
5.52   0   4.4
5.54   0   4.4
5.56   0   4.4
5.58   0   4.4
5.6   0   4.4
5.62   0   4.4
5.64   0   4.4
5.66   0   4.4
5.68   0   4.4
5.7   0   4.4
5.72   0   4.4
5.74   0   4.4
5.76   0   4.4
5.78   0   4.4
5.8   0   4.4
5.82   0   4.4
5.84   0   4.4
5.86   0   4.4
5.88   0   4.4
5.9   0   4.4
5.92   0   4.4
5.94   0   4.4
5.96   0   4.4
5.98   0   4.4
6   0   4.4
6.02   0   4.4
6.04   0   4.4
6.06   0   4.4
6.08   0   4.4
6.1   0   4.4
6.12   0   4.4
6.14   0   4.4
6.16   0   4.4
6.18   0   4.4
6.2   0   4.4
6.22   0   4.4
6.24   0   4.4
6.26   0   4.4
6.28   0   4.4
6.3   0   4.4
6.32   0   4.4
6.34   0   4.4
6.36   0   4.4
6.38   0   4.4
6.4   0   4.4
6.42   0   4.4
6.44   0   4.4
6.46   0   4.4
6.48   0   4.4
6.5   0   4.4
6.52   0   4.4
6.54   0   4.4
6.56   0   4.4
6.58   0   4.4
6.6   0   4.4
6.62   0   4.4
6.64   0   4.4
6.66   0   4.4
6.68   0   4.4
6.7   0   4.4
6.72   0   4.4
6.74   0   4.4
6.76   0   4.4
6.78   0   4.4
6.8   0   4.4
6.82   0   4.4
6.84   0   4.4
6.86   0   4.4
6.88   0   4.4
6.9   0   4.4
6.92   0   4.4
6.94   0   4.4
6.96   0   4.4
6.98   0   4.4
7   0   4.4
7.02   0   4.4
7.04   0   4.4
7.06   0   4.4
7.08   0   4.4
7.1   0   4.4
7.12   0   4.4
7.14   0   4.4
7.16   0   4.4
7.18   0   4.4
7.2   0   4.4
7.22   0   4.4
7.24   0   4.4
7.26   0   4.4
7.28   0   4.4
7.3   0   4.4
7.32   0   4.4
7.34   0   4.4
7.36   0   4.4
7.38   0   4.4
7.4   0   4.4
7.42   0   4.4
7.44   0   4.4
7.46   0   4.4
7.48   0   4.4
7.5   0   4.4
7.52   0   4.4
7.54   0   4.4
7.56   0   4.4
7.58   0   4.4
7.6   0   4.4
7.62   0   4.4
7.64   0   4.4
7.66   0   4.4
7.68   0   4.4
7.7   0   4.4
7.72   0   4.4
7.74   0   4.4
7.76   0   4.4
7.78   0   4.4
7.8   0   4.4
7.82   0   4.4
7.84   0   4.4
7.86   0   4.4
7.88   0   4.4
7.9   0   4.4
7.92   0   4.4
7.94   0   4.4
7.96   0   4.4
7.98   0   4.4
8   0   4.4
8.02   0   4.4
8.04   0   4.4
8.06   0   4.4
8.08   0   4.4
8.1   0   4.4
8.12   0   4.4
8.14   0   4.4
8.16   0   4.4
8.18   0   4.4
8.2   0   4.4
8.22   0   4.4
8.24   0   4.4
8.26   0   4.4
8.28   0   4.4
8.3   0   4.4
8.32   0   4.4
8.34   0   4.4
8.36   0   4.4
8.38   0   4.4
8.4   0   4.4
8.42   0   4.4
8.44   0   4.4
8.46   0   4.4
8.48   0   4.4
8.5   0   4.4
8.52   0   4.4
8.54   0   4.4
8.56   0   4.4
8.58   0   4.4
8.6   0   4.4
8.62   0   4.4
8.64   0   4.4
8.66   0   4.4
8.68   0   4.4
8.7   0   4.4
8.72   0   4.4
8.74   0   4.4
8.76   0   4.4
8.78   0   4.4
8.8   0   4.4
8.82   0   4.4
8.84   0   4.4
8.86   0   4.4
8.88   0   4.4
8.9   0   4.4
8.92   0   4.4
8.94   0   4.4
8.96   0   4.4
8.98   0   4.4
9   0   4.4
9.02   0   4.4
9.04   0   4.4
9.06   0   4.4
9.08   0   4.4
9.1   0   4.4
9.12   0   4.4
9.14   0   4.4
9.16   0   4.4
9.18   0   4.4
9.2   0   4.4
9.22   0   4.4
9.24   0   4.4
9.26   0   4.4
9.28   0   4.4
9.3   0   4.4
9.32   0   4.4
9.34   0   4.4
9.36   0   4.4
9.38   0   4.4
9.4   0   4.4
9.42   0   4.4
9.44   0   4.4
9.46   0   4.4
9.48   0   4.4
9.5   0   4.4
9.52   0   4.4
9.54   0   4.4
9.56   0   4.4
9.58   0   4.4
9.6   0   4.4
9.62   0   4.4
9.64   0   4.4
9.66   0   4.4
9.68   0   4.4
9.7   0   4.4
9.72   0   4.4
9.74   0   4.4
9.76   0   4.4
9.78   0   4.4
9.8   0   4.4
9.82   0   4.4
9.84   0   4.4
9.86   0   4.4
9.88   0   4.4
9.9   0   4.4
9.92   0   4.4
9.94   0   4.4
9.96   0   4.4
9.98   0   4.4
10   0   4.4
10.02   0   4.4
10.04   0   4.4
10.06   0   4.4
10.08   0   4.4
10.1   0   4.4
10.12   0   4.4
10.14   0   4.4
10.16   0   4.4
10.18   0   4.4
10.2   0   4.4
10.22   0   4.4
10.24   0   4.4
10.26   0   4.4
10.28   0   4.4
10.3   0   4.4
10.32   0   4.4
10.34   0   4.4
10.36   0   4.4
10.38   0   4.4
10.4   0   4.4
10.42   0   4.4
10.44   0   4.4
10.46   0   4.4
10.48   0   4.4
10.5   0   4.4
10.52   0   4.4
10.54   0   4.4
10.56   0   4.4
10.58   0   4.4
10.6   0   4.4
10.62   0   4.4
10.64   0   4.4
10.66   0   4.4
10.68   0   4.4
10.7   0   4.4
10.72   0   4.4
10.74   0   4.4
10.76   0   4.4
10.78   0   4.4
10.8   0   4.4
10.82   0   4.4
10.84   0   4.4
10.86   0   4.4
10.88   0   4.4
10.9   0   4.4
10.92   0   4.4
10.94   0   4.4
10.96   0   4.4
10.98   0   4.4
11   0   4.4
11.02   0   4.4
11.04   0   4.4
11.06   0   4.4
11.08   0   4.4
11.1   0   4.4
11.12   0   4.4
11.14   0   4.4
11.16   0   4.4
11.18   0   4.4
11.2   0   4.4
11.22   0   4.4
11.24   0   4.4
11.26   0   4.4
11.28   0   4.4
11.3   0   4.4
11.32   0   4.4
11.34   0   4.4
11.36   0   4.4
11.38   0   4.4
11.4   0   4.4
11.42   0   4.4
11.44   0   4.4
11.46   0   4.4
11.48   0   4.4
11.5   0   4.4
11.52   0   4.4
11.54   0   4.4
11.56   0   4.4
11.58   0   4.4
11.6   0   4.4
11.62   0   4.4
11.64   0   4.4
11.66   0   4.4
11.68   0   4.4
11.7   0   4.4
11.72   0   4.4
11.74   0   4.4
11.76   0   4.4
11.78   0   4.4
11.8   0   4.4
11.82   0   4.4
11.84   0   4.4
11.86   0   4.4
11.88   0   4.4
11.9   0   4.4
11.92   0   4.4
11.94   0   4.4
11.96   0   4.4
11.98   0   4.4
12   0   4.4
12.02   0   4.4
12.04   0   4.4
12.06   0   4.4
12.08   0   4.4
12.1   0   4.4
12.12   0   4.4
12.14   0   4.4
12.16   0   4.4
12.18   0   4.4
12.2   0   4.4
12.22   0   4.4
12.24   0   4.4
12.26   0   4.4
12.28   0   4.4
12.3   0   4.4
12.32   0   4.4
12.34   0   4.4
12.36   0   4.4
12.38   0   4.4
12.4   0   4.4
12.42   0   4.4
12.44   0   4.4
12.46   0   4.4
12.48   0   4.4
12.5   0   4.4
12.52   0   4.4
12.54   0   4.4
12.56   0   4.4
12.58   0   4.4
12.6   0   4.4
12.62   0   4.4
12.64   0   4.4
12.66   0   4.4
12.68   0   4.4
12.7   0   4.4
12.72   0   4.4
12.74   0   4.4
12.76   0   4.4
12.78   0   4.4
12.8   0   4.4
12.82   0   4.4
12.84   0   4.4
12.86   0   4.4
12.88   0   4.4
12.9   0   4.4
12.92   0   4.4
12.94   0   4.4
12.96   0   4.4
12.98   0   4.4
13   0   4.4
13.02   0   4.4
13.04   0   4.4
13.06   0   4.4
13.08   0   4.4
13.1   0   4.4
13.12   0   4.4
13.14   0   4.4
13.16   0   4.4
13.18   0   4.4
13.2   0   4.4
13.22   0   4.4
13.24   0   4.4
13.26   0   4.4
13.28   0   4.4
13.3   0   4.4
13.32   0   4.4
13.34   0   4.4
13.36   0   4.4
13.38   0   4.4
13.4   0   4.4
13.42   0   4.4
13.44   0   4.4
13.46   0   4.4
13.48   0   4.4
13.5   0   4.4
13.52   0   4.4
13.54   0   4.4
13.56   0   4.4
13.58   0   4.4
13.6   0   4.4
13.62   0   4.4
13.64   0   4.4
13.66   0   4.4
13.68   0   4.4
13.7   0   4.4
13.72   0   4.4
13.74   0   4.4
13.76   0   4.4
13.78   0   4.4
13.8   0   4.4
13.82   0   4.4
13.84   0   4.4
13.86   0   4.4
13.88   0   4.4
13.9   0   4.4
13.92   0   4.4
13.94   0   4.4
13.96   0   4.4
13.98   0   4.4
14   0   4.4
14.02   0   4.4
14.04   0   4.4
14.06   0   4.4
14.08   0   4.4
14.1   0   4.4
14.12   0   4.4
14.14   0   4.4
14.16   0   4.4
14.18   0   4.4
14.2   0   4.4
14.22   0   4.4
14.24   0   4.4
14.26   0   4.4
14.28   0   4.4
14.3   0   4.4
14.32   0   4.4
14.34   0   4.4
14.36   0   4.4
14.38   0   4.4
14.4   0   4.4
14.42   0   4.4
14.44   0   4.4
14.46   0   4.4
14.48   0   4.4
14.5   0   4.4
14.52   0   4.4
14.54   0   4.4
14.56   0   4.4
14.58   0   4.4
14.6   0   4.4
14.62   0   4.4
14.64   0   4.4
14.66   0   4.4
14.68   0   4.4
14.7   0   4.4
14.72   0   4.4
14.74   0   4.4
14.76   0   4.4
14.78   0   4.4
14.8   0   4.4
14.82   0   4.4
14.84   0   4.4
14.86   0   4.4
14.88   0   4.4
14.9   0   4.4
14.92   0   4.4
14.94   0   4.4
14.96   0   4.4
14.98   0   4.4
15   0   4.4
15.02   0   4.4
15.04   0   4.4
15.06   0   4.4
15.08   0   4.4
15.1   0   4.4
15.12   0   4.4
15.14   0   4.4
15.16   0   4.4
15.18   0   4.4
15.2   0   4.4
15.22   0   4.4
15.24   0   4.4
15.26   0   4.4
15.28   0   4.4
15.3   0   4.4
15.32   0   4.4
15.34   0   4.4
15.36   0   4.4
15.38   0   4.4
15.4   0   4.4
15.42   0   4.4
15.44   0   4.4
15.46   0   4.4
15.48   0   4.4
15.5   0   4.4
15.52   0   4.4
15.54   0   4.4
15.56   0   4.4
15.58   0   4.4
15.6   0   4.4
15.62   0   4.4
15.64   0   4.4
15.66   0   4.4
15.68   0   4.4
15.7   0   4.4
15.72   0   4.4
15.74   0   4.4
15.76   0   4.4
15.78   0   4.4
15.8   0   4.4
15.82   0   4.4
15.84   0   4.4
15.86   0   4.4
15.88   0   4.4
15.9   0   4.4
15.92   0   4.4
15.94   0   4.4
15.96   0   4.4
15.98   0   4.4
16   0   4.4
16.02   0   4.4
16.04   0   4.4
16.06   0   4.4
16.08   0   4.4
16.1   0   4.4
16.12   0   4.4
16.14   0   4.4
16.16   0   4.4
16.18   0   4.4
16.2   0   4.4
16.22   0   4.4
16.24   0   4.4
16.26   0   4.4
16.28   0   4.4
16.3   0   4.4
16.32   0   4.4
16.34   0   4.4
16.36   0   4.4
16.38   0   4.4
16.4   0   4.4
16.42   0   4.4
16.44   0   4.4
16.46   0   4.4
16.48   0   4.4
16.5   0   4.4
16.52   0   4.4
16.54   0   4.4
16.56   0   4.4
16.58   0   4.4
16.6   0   4.4
16.62   0   4.4
16.64   0   4.4
16.66   0   4.4
16.68   0   4.4
16.7   0   4.4
16.72   0   4.4
16.74   0   4.4
16.76   0   4.4
16.78   0   4.4
16.8   0   4.4
16.82   0   4.4
16.84   0   4.4
16.86   0   4.4
16.88   0   4.4
16.9   0   4.4
16.92   0   4.4
16.94   0   4.4
16.96   0   4.4
16.98   0   4.4
17   0   4.4
17.02   0   4.4
17.04   0   4.4
17.06   0   4.4
17.08   0   4.4
17.1   0   4.4
17.12   0   4.4
17.14   0   4.4
17.16   0   4.4
17.18   0   4.4
17.2   0   4.4
17.22   0   4.4
17.24   0   4.4
17.26   0   4.4
17.28   0   4.4
17.3   0   4.4
17.32   0   4.4
17.34   0   4.4
17.36   0   4.4
17.38   0   4.4
17.4   0   4.4
17.42   0   4.4
17.44   0   4.4
17.46   0   4.4
17.48   0   4.4
17.5   0   4.4
17.52   0   4.4
17.54   0   4.4
17.56   0   4.4
17.58   0   4.4
17.6   0   4.4
17.62   0   4.4
17.64   0   4.4
17.66   0   4.4
17.68   0   4.4
17.7   0   4.4
17.72   0   4.4
17.74   0   4.4
17.76   0   4.4
17.78   0   4.4
17.8   0   4.4
17.82   0   4.4
17.84   0   4.4
17.86   0   4.4
17.88   0   4.4
17.9   0   4.4
17.92   0   4.4
17.94   0   4.4
17.96   0   4.4
17.98   0   4.4
18   0   4.4
18.02   0   4.4
18.04   0   4.4
18.06   0   4.4
18.08   0   4.4
18.1   0   4.4
18.12   0   4.4
18.14   0   4.4
18.16   0   4.4
18.18   0   4.4
18.2   0   4.4
18.22   0   4.4
18.24   0   4.4
18.26   0   4.4
18.28   0   4.4
18.3   0   4.4
18.32   0   4.4
18.34   0   4.4
18.36   0   4.4
18.38   0   4.4
18.4   0   4.4
18.42   0   4.4
18.44   0   4.4
18.46   0   4.4
18.48   0   4.4
18.5   0   4.4
18.52   0   4.4
18.54   0   4.4
18.56   0   4.4
18.58   0   4.4
18.6   0   4.4
18.62   0   4.4
18.64   0   4.4
18.66   0   4.4
18.68   0   4.4
18.7   0   4.4
18.72   0   4.4
18.74   0   4.4
18.76   0   4.4
18.78   0   4.4
18.8   0   4.4
18.82   0   4.4
18.84   0   4.4
18.86   0   4.4
18.88   0   4.4
18.9   0   4.4
18.92   0   4.4
18.94   0   4.4
18.96   0   4.4
18.98   0   4.4
19   0   4.4
19.02   0   4.4
19.04   0   4.4
19.06   0   4.4
19.08   0   4.4
19.1   0   4.4
19.12   0   4.4
19.14   0   4.4
19.16   0   4.4
19.18   0   4.4
19.2   0   4.4
19.22   0   4.4
19.24   0   4.4
19.26   0   4.4
19.28   0   4.4
19.3   0   4.4
19.32   0   4.4
19.34   0   4.4
19.36   0   4.4
19.38   0   4.4
19.4   0   4.4
19.42   0   4.4
19.44   0   4.4
19.46   0   4.4
19.48   0   4.4
19.5   0   4.4
19.52   0   4.4
19.54   0   4.4
19.56   0   4.4
19.58   0   4.4
19.6   0   4.4
19.62   0   4.4
19.64   0   4.4
19.66   0   4.4
19.68   0   4.4
19.7   0   4.4
19.72   0   4.4
19.74   0   4.4
19.76   0   4.4
19.78   0   4.4
19.8   0   4.4
19.82   0   4.4
19.84   0   4.4
19.86   0   4.4
19.88   0   4.4
19.9   0   4.4
19.92   0   4.4
19.94   0   4.4
19.96   0   4.4
19.98   0   4.4
20   0   4.4
20.02   0   4.4
20.04   0   4.4
20.06   0   4.4
20.08   0   4.4
20.1   0   4.4
20.12   0   4.4
20.14   0   4.4
20.16   0   4.4
20.18   0   4.4
20.2   0   4.4
20.22   0   4.4
20.24   0   4.4
20.26   0   4.4
20.28   0   4.4
20.3   0   4.4
20.32   0   4.4
20.34   0   4.4
20.36   0   4.4
20.38   0   4.4
20.4   0   4.4
20.42   0   4.4
20.44   0   4.4
20.46   0   4.4
20.48   0   4.4
20.5   0   4.4
20.52   0   4.4
20.54   0   4.4
20.56   0   4.4
20.58   0   4.4
20.6   0   4.4
20.62   0   4.4
20.64   0   4.4
20.66   0   4.4
20.68   0   4.4
20.7   0   4.4
20.72   0   4.4
20.74   0   4.4
20.76   0   4.4
20.78   0   4.4
20.8   0   4.4
20.82   0   4.4
20.84   0   4.4
20.86   0   4.4
20.88   0   4.4
20.9   0   4.4
20.92   0   4.4
20.94   0   4.4
20.96   0   4.4
20.98   0   4.4
21   0   4.4
21.02   0   4.4
21.04   0   4.4
21.06   0   4.4
21.08   0   4.4
21.1   0   4.4
21.12   0   4.4
21.14   0   4.4
21.16   0   4.4
21.18   0   4.4
21.2   0   4.4
21.22   0   4.4
21.24   0   4.4
21.26   0   4.4
21.28   0   4.4
21.3   0   4.4
21.32   0   4.4
21.34   0   4.4
21.36   0   4.4
21.38   0   4.4
21.4   0   4.4
21.42   0   4.4
21.44   0   4.4
21.46   0   4.4
21.48   0   4.4
21.5   0   4.4
21.52   0   4.4
21.54   0   4.4
21.56   0   4.4
21.58   0   4.4
21.6   0   4.4
21.62   0   4.4
21.64   0   4.4
21.66   0   4.4
21.68   0   4.4
21.7   0   4.4
21.72   0   4.4
21.74   0   4.4
21.76   0   4.4
21.78   0   4.4
21.8   0   4.4
21.82   0   4.4
21.84   0   4.4
21.86   0   4.4
21.88   0   4.4
21.9   0   4.4
21.92   0   4.4
21.94   0   4.4
21.96   0   4.4
21.98   0   4.4
22   0   4.4
22.02   0   4.4
22.04   0   4.4
22.06   0   4.4
22.08   0   4.4
22.1   0   4.4
22.12   0   4.4
22.14   0   4.4
22.16   0   4.4
22.18   0   4.4
22.2   0   4.4
22.22   0   4.4
22.24   0   4.4
22.26   0   4.4
22.28   0   4.4
22.3   0   4.4
22.32   0   4.4
22.34   0   4.4
22.36   0   4.4
22.38   0   4.4
22.4   0   4.4
22.42   0   4.4
22.44   0   4.4
22.46   0   4.4
22.48   0   4.4
22.5   0   4.4
22.52   0   4.4
22.54   0   4.4
22.56   0   4.4
22.58   0   4.4
22.6   0   4.4
22.62   0   4.4
22.64   0   4.4
22.66   0   4.4
22.68   0   4.4
22.7   0   4.4
22.72   0   4.4
22.74   0   4.4
22.76   0   4.4
22.78   0   4.4
22.8   0   4.4
22.82   0   4.4
22.84   0   4.4
22.86   0   4.4
22.88   0   4.4
22.9   0   4.4
22.92   3.01367   4.4
22.94   3.0989   4.4
22.96   3.18779   4.4
22.98   3.28057   4.4
23   3.37745   4.4
23.02   3.47868   4.4
23.04   3.58454   4.4
23.06   3.6953   4.4
23.08   3.81127   4.4
23.1   3.93278   4.4
23.12   4.0602   4.4
23.14   4.1939   4.4
23.16   4.33432   4.4
23.18   4.4819   4.4
23.2   4.63715   4.4
23.22   4.8006   4.4
23.24   4.97284   4.4
23.26   5.15452   4.4
23.28   5.34632   4.4
23.3   5.54903   4.4
23.32   5.76348   4.4
23.34   5.9906   4.4
23.36   6.2314   4.4
23.38   6.487   4.4
23.4   6.75864   4.4
23.42   7.04769   4.4
23.44   7.35567   4.4
23.46   7.68426   4.4
23.48   8.03535   4.4
23.5   8.41104   4.4
23.52   8.81367   4.4
23.54   9.24588   4.4
23.56   9.71064   4.4
23.58   10.2113   4.4
23.6   10.7516   4.4
23.62   11.3359   4.4
23.64   11.9691   4.4
23.66   12.6568   4.4
23.68   13.4054   4.4
23.7   14.2223   4.4
23.72   15.116   4.4
23.74   16.0965   4.4
23.76   17.1753   4.4
23.78   18.3661   4.4
23.8   19.6848   4.43676
23.82   21.1504   4.59895
23.84   22.7854   4.7734
23.86   24.6169   4.96154
23.88   26.6776   5.16504
23.9   29.0072   5.38583
23.92   31.6544   5.62623
23.94   34.6795   5.88893
23.96   38.1573   6.17716
23.98   42.1826   6.49481
24   46.8756   6.84657
24.02   52.3914   7.23819
24.04   58.9327   7.67676
24.06   66.7675   8.17114
24.08   76.2567   8.73251
24.1   87.8947   9.37522
24.12   102.372   10.1179
24.14   120.674   10.9852
24.16   144.25   12.0104
24.18   175.306   13.2403
24.2   217.423   14.7453
24.22   277.007   16.6435
24.24   366.602   19.1469
24.26   510.984   22.605
24.28   754.014   27.4593
24.3   1157.91   34.0281
24.32   1776.87   42.1529
24.34   2546.6   50.4638
24.36   3033.5   55.0772
24.38   2725.7   52.2083
24.4   1968.12   44.3635
24.42   1294.73   35.9823
24.44   839.315   28.9709
24.46   561.523   23.6965
24.48   396.942   19.9234
24.5   296.351   17.2149
24.52   230.645   15.187
24.54   184.836   13.5954
24.56   151.37   12.3032
24.58   126.131   11.2308
24.6   106.641   10.3267
24.62   91.2941   9.55479
24.64   79.0054   8.8885
24.66   69.0201   8.30783
24.68   60.8009   7.7975
24.7   53.9575   7.34558
24.72   48.2009   6.94269
24.74   43.3138   6.58132
24.76   39.1305   6.25544
24.78   35.5225   5.96008
24.8   32.3895   5.69118
24.82   29.6519   5.44535
24.84   27.2461   5.21978
24.86   25.1207   5.01206
24.88   23.2339   4.82016
24.9   21.5514   4.64235
24.92   20.0449   4.47715
24.94   18.6905   4.4
24.96   17.4687   4.4
24.98   16.3626   4.4
25   15.3581   4.4
25.02   14.4432   4.4
25.04   13.6075   4.4
25.06   12.8422   4.4
25.08   12.1396   4.4
25.1   11.493   4.4
25.12   10.8967   4.4
25.14   10.3456   4.4
25.16   9.83514   4.4
25.18   9.36153   4.4
25.2   8.92129   4.4
25.22   8.51136   4.4
25.24   8.12901   4.4
25.26   7.77184   4.4
25.28   7.43768   4.4
25.3   7.12459   4.4
25.32   6.83085   4.4
25.34   6.55489   4.4
25.36   6.29531   4.4
25.38   6.05084   4.4
25.4   5.82033   4.4
25.42   5.60273   4.4
25.44   5.3971   4.4
25.46   5.20258   4.4
25.48   5.01839   4.4
25.5   4.84379   4.4
25.52   4.67815   4.4
25.54   4.52086   4.4
25.56   4.37137   4.4
25.58   4.22916   4.4
25.6   4.09378   4.4
25.62   3.96479   4.4
25.64   3.84181   4.4
25.66   3.72445   4.4
25.68   3.61239   4.4
25.7   3.50531   4.4
25.72   3.40292   4.4
25.74   3.30494   4.4
25.76   3.21114   4.4
25.78   3.12128   4.4
25.8   3.03513   4.4
25.82   2.9525   4.4
25.84   0   4.4
25.86   0   4.4
25.88   0   4.4
25.9   0   4.4
25.92   0   4.4
25.94   0   4.4
25.96   0   4.4
25.98   0   4.4
26   0   4.4
26.02   0   4.4
26.04   0   4.4
26.06   0   4.4
26.08   0   4.4
26.1   0   4.4
26.12   0   4.4
26.14   0   4.4
26.16   0   4.4
26.18   0   4.4
26.2   0   4.4
26.22   0   4.4
26.24   0   4.4
26.26   0   4.4
26.28   0   4.4
26.3   0   4.4
26.32   0   4.4
26.34   0   4.4
26.36   0   4.4
26.38   0   4.4
26.4   0   4.4
26.42   0   4.4
26.44   0   4.4
26.46   0   4.4
26.48   0   4.4
26.5   0   4.4
26.52   0   4.4
26.54   0   4.4
26.56   0   4.4
26.58   0   4.4
26.6   0   4.4
26.62   0   4.4
26.64   0   4.4
26.66   0   4.4
26.68   0   4.4
26.7   0   4.4
26.72   0   4.4
26.74   0   4.4
26.76   0   4.4
26.78   0   4.4
26.8   0   4.4
26.82   0   4.4
26.84   0   4.4
26.86   0   4.4
26.88   0   4.4
26.9   0   4.4
26.92   0   4.4
26.94   0   4.4
26.96   0   4.4
26.98   0   4.4
27   0   4.4
27.02   0   4.4
27.04   0   4.4
27.06   0   4.4
27.08   0   4.4
27.1   0   4.4
27.12   0   4.4
27.14   0   4.4
27.16   0   4.4
27.18   0   4.4
27.2   0   4.4
27.22   0   4.4
27.24   0   4.4
27.26   0   4.4
27.28   0   4.4
27.3   0   4.4
27.32   0   4.4
27.34   0   4.4
27.36   0   4.4
27.38   0   4.4
27.4   0   4.4
27.42   0   4.4
27.44   0   4.4
27.46   0   4.4
27.48   0   4.4
27.5   0   4.4
27.52   0   4.4
27.54   0   4.4
27.56   0   4.4
27.58   0   4.4
27.6   0   4.4
27.62   0   4.4
27.64   0   4.4
27.66   0   4.4
27.68   0   4.4
27.7   0   4.4
27.72   0   4.4
27.74   0   4.4
27.76   0   4.4
27.78   0   4.4
27.8   0   4.4
27.82   0   4.4
27.84   0   4.4
27.86   0   4.4
27.88   0   4.4
27.9   0   4.4
27.92   0   4.4
27.94   0   4.4
27.96   0   4.4
27.98   0   4.4
28   0   4.4
28.02   0   4.4
28.04   0   4.4
28.06   0   4.4
28.08   0   4.4
28.1   0   4.4
28.12   0   4.4
28.14   0   4.4
28.16   0   4.4
28.18   0   4.4
28.2   0   4.4
28.22   0   4.4
28.24   0   4.4
28.26   0   4.4
28.28   0   4.4
28.3   0   4.4
28.32   0   4.4
28.34   0   4.4
28.36   0   4.4
28.38   0   4.4
28.4   0   4.4
28.42   0   4.4
28.44   0   4.4
28.46   0   4.4
28.48   0   4.4
28.5   0   4.4
28.52   0   4.4
28.54   0   4.4
28.56   0   4.4
28.58   0   4.4
28.6   0   4.4
28.62   0   4.4
28.64   0   4.4
28.66   0   4.4
28.68   0   4.4
28.7   0   4.4
28.72   0   4.4
28.74   0   4.4
28.76   0   4.4
28.78   0   4.4
28.8   0   4.4
28.82   0   4.4
28.84   0   4.4
28.86   0   4.4
28.88   0   4.4
28.9   0   4.4
28.92   0   4.4
28.94   0   4.4
28.96   0   4.4
28.98   0   4.4
29   0   4.4
29.02   0   4.4
29.04   0   4.4
29.06   0   4.4
29.08   0   4.4
29.1   0   4.4
29.12   0   4.4
29.14   0   4.4
29.16   0   4.4
29.18   0   4.4
29.2   0   4.4
29.22   0   4.4
29.24   0   4.4
29.26   0   4.4
29.28   0   4.4
29.3   0   4.4
29.32   0   4.4
29.34   0   4.4
29.36   0   4.4
29.38   0   4.4
29.4   0   4.4
29.42   0   4.4
29.44   0   4.4
29.46   0   4.4
29.48   0   4.4
29.5   0   4.4
29.52   0   4.4
29.54   0   4.4
29.56   0   4.4
29.58   0   4.4
29.6   0   4.4
29.62   0   4.4
29.64   0   4.4
29.66   0   4.4
29.68   0   4.4
29.7   0   4.4
29.72   0   4.4
29.74   0   4.4
29.76   0   4.4
29.78   0   4.4
29.8   0   4.4
29.82   0   4.4
29.84   0   4.4
29.86   0   4.4
29.88   0   4.4
29.9   0   4.4
29.92   0   4.4
29.94   0   4.4
29.96   0   4.4
29.98   0   4.4
30   0   4.4
30.02   0   4.4
30.04   9.88064   4.4
30.06   10.1578   4.4
30.08   10.4468   4.4
30.1   10.7483   4.4
30.12   11.063   4.4
30.14   11.3918   4.4
30.16   11.7354   4.4
30.18   12.0948   4.4
30.2   12.471   4.4
30.22   12.865   4.4
30.24   13.2779   4.4
30.26   13.7111   4.4
30.28   14.1657   4.4
30.3   14.6434   4.4
30.32   15.1456   4.4
30.34   15.6741   4.4
30.36   16.2307   4.4
30.38   16.8174   4.4
30.4   17.4366   4.4
30.42   18.0905   4.4
30.44   18.782   4.4
30.46   19.5138   4.41744
30.48   20.2892   4.50435
30.5   21.1116   4.59474
30.52   21.9851   4.68883
30.54   22.9139   4.78685
30.56   23.9028   4.88905
30.58   24.957   4.9957
30.6   26.0825   5.1071
30.62   27.2857   5.22357
30.64   28.5741   5.34547
30.66   29.9558   5.47319
30.68   31.4401   5.60715
30.7   33.0373   5.74781
30.72   34.7593   5.8957
30.74   36.6192   6.05138
30.76   38.6323   6.21549
30.78   40.8158   6.38873
30.8   43.1894   6.57187
30.82   45.7759   6.76579
30.84   48.6014   6.97147
30.86   51.6962   7.19001
30.88   55.0957   7.42265
30.9   58.8409   7.67079
30.92   62.9805   7.93602
30.94   67.5714   8.22018
30.96   72.6817   8.52536
30.98   78.3925   8.85395
31   84.8012   9.20876
31.02   92.0261   9.59302
31.04   100.211   10.0105
31.06   109.533   10.4658
31.08   120.213   10.9642
31.1   132.525   11.5119
31.12   146.817   12.1168
31.14   163.536   12.7881
31.16   183.258   13.5373
31.18   206.741   14.3785
31.2   234.997   15.3296
31.22   269.393   16.4132
31.24   311.823   17.6585
31.26   364.95   19.1037
31.28   432.623   20.7996
31.3   520.571   22.816
31.32   637.723   25.2532
31.34   799.125   28.2688
31.36   1032.88   32.1385
31.38   1394.99   37.3495
31.4   1992.56   44.6381
31.42   3000.8   54.7795
31.44   4635.23   68.0825
31.46   6984.94   83.576
31.48   9417.23   97.0424
31.5   10000   100
31.52   8064.67   89.8035
31.54   5527.03   74.344
31.56   3587.97   59.8997
31.58   2346.65   48.4423
31.6   1604.61   40.0576
31.62   1162.07   34.0892
31.64   884.478   29.7402
31.66   697.771   26.4154
31.68   564.704   23.7635
31.7   466.042   21.588
31.72   390.839   19.7696
31.74   332.262   18.2281
31.76   285.798   16.9055
31.78   248.353   15.7592
31.8   217.754   14.7565
31.82   192.442   13.8723
31.84   171.272   13.0871
31.86   153.393   12.3852
31.88   138.16   11.7541
31.9   125.078   11.1838
31.92   113.762   10.6659
31.94   103.909   10.1936
31.96   95.278   9.76105
31.98   87.6761   9.36355
32   80.9462   8.99701
32.02   74.9604   8.65796
32.04   69.613   8.34344
32.06   64.8166   8.05088
32.08   60.4983   7.77807
32.1   56.5967   7.52308
32.12   53.0599   7.28422
32.14   49.844   7.06003
32.16   46.9113   6.84918
32.18   44.2296   6.65053
32.2   41.771   6.46305
32.22   39.5116   6.28583
32.24   37.4304   6.11804
32.26   35.5092   5.95896
32.28   33.7321   5.80793
32.3   32.0849   5.66435
32.32   30.5553   5.52769
32.34   29.1324   5.39745
32.36   27.8066   5.2732
32.38   26.5692   5.15453
32.4   25.4124   5.04108
32.42   24.3296   4.9325
32.44   23.3144   4.8285
32.46   22.3614   4.72879
32.48   21.4657   4.63311
32.5   20.6226   4.54121
32.52   19.8283   4.45289
32.54   19.0789   4.4
32.56   18.3712   4.4
32.58   17.7021   4.4
32.6   17.0689   4.4
32.62   16.469   4.4
32.64   15.9002   4.4
32.66   15.3604   4.4
32.68   14.8475   4.4
32.7   14.36   4.4
32.72   13.896   4.4
32.74   13.4541   4.4
32.76   13.033   4.4
32.78   12.6314   4.4
32.8   12.248   4.4
32.82   11.8818   4.4
32.84   11.5317   4.4
32.86   11.197   4.4
32.88   10.8765   4.4
32.9   10.5697   4.4
32.92   10.2838   4.4
32.94   10.0021   4.4
32.96   0.0087044   4.4
32.98   0.00895293   4.4
33   0.00921226   4.4
33.02   0.00948301   4.4
33.04   0.00976587   4.4
33.06   0.0100616   4.4
33.08   0.0103709   4.4
33.1   0.0106947   4.4
33.12   0.0110339   4.4
33.14   0.0113895   4.4
33.16   0.0117626   4.4
33.18   0.0121542   4.4
33.2   0.0125658   4.4
33.22   0.0129986   4.4
33.24   0.0134542   4.4
33.26   0.0139341   4.4
33.28   0.0144401   4.4
33.3   0.0149742   4.4
33.32   0.0155385   4.4
33.34   0.0161352   4.4
33.36   0.016767   4.4
33.38   0.0174365   4.4
33.4   0.018147   4.4
33.42   0.0189017   4.4
33.44   0.0197045   4.4
33.46   0.0205595   4.4
33.48   0.0214713   4.4
33.5   0.022445   4.4
33.52   0.0234865   4.4
33.54   0.024602   4.4
33.56   0.0257989   4.4
33.58   0.0270852   4.4
33.6   0.02847   4.4
33.62   0.0299636   4.4
33.64   0.0315777   4.4
33.66   0.0333257   4.4
33.68   0.0352226   4.4
33.7   0.037286   4.4
33.72   0.0395357   4.4
33.74   0.041995   4.4
33.76   0.0446905   4.4
33.78   0.0476535   4.4
33.8   0.0509206   4.4
33.82   0.0545345   4.4
33.84   0.0585462   4.4
33.86   0.063016   4.4
33.88   0.0680161   4.4
33.9   0.0736336   4.4
33.92   0.079974   4.4
33.94   0.0871664   4.4
33.96   0.0953697   4.4
33.98   0.104782   4.4
34   0.115651   4.4
34.02   0.128291   4.4
34.04   0.143108   4.4
34.06   0.160625   4.4
34.08   0.181536   4.4
34.1   0.206767   4.4
34.12   0.237579   4.4
34.14   0.275723   4.4
34.16   0.323679   4.4
34.18   0.385054   4.4
34.2   0.465269   4.4
34.22   0.572908   4.4
34.24   0.722805   4.4
34.26   0.943313   4.4
34.28   1.29099   4.4
34.3   1.87092   4.4
34.32   2.8456   4.4
34.34   4.39299   4.4
34.36   6.50419   4.4
34.38   8.35779   4.4
34.4   8.24944   4.4
34.42   6.30469   4.4
34.44   4.22884   4.4
34.46   2.73768   4.4
34.48   1.8059   4.4
34.5   1.2525   4.4
34.52   0.91959   4.4
34.54   0.707125   4.4
34.56   0.561873   4.4
34.58   0.457156   4.4
34.6   0.37891   4.4
34.62   0.318919   4.4
34.64   0.271964   4.4
34.66   0.234562   4.4
34.68   0.204311   4.4
34.7   0.179511   4.4
34.72   0.158936   4.4
34.74   0.141685   4.4
34.76   0.127082   4.4
34.78   0.114614   4.4
34.8   0.103887   4.4
34.82   0.094592   4.4
34.84   0.0864862   4.4
34.86   0.0793758   4.4
34.88   0.0731048   4.4
34.9   0.0675463   4.4
34.92   0.0625968   4.4
34.94   0.0581707   4.4
34.96   0.0541968   4.4
34.98   0.0506157   4.4
35   0.0473774   4.4
35.02   0.0444397   4.4
35.04   0.0417664   4.4
35.06   0.0393269   4.4
35.08   0.0370946   4.4
35.1   0.0350469   4.4
35.12   0.0331639   4.4
35.14   0.0314285   4.4
35.16   0.0298256   4.4
35.18   0.0283422   4.4
35.2   0.0269666   4.4
35.22   0.0256886   4.4
35.24   0.0244993   4.4
35.26   0.0233907   4.4
35.28   0.0223555   4.4
35.3   0.0213875   4.4
35.32   0.020481   4.4
35.34   0.0196308   4.4
35.36   0.0188325   4.4
35.38   0.0180819   4.4
35.4   0.0173752   4.4
35.42   0.0167091   4.4
35.44   0.0160806   4.4
35.46   0.0154868   4.4
35.48   0.0149254   4.4
35.5   0.0143939   4.4
35.52   0.0138902   4.4
35.54   0.0134126   4.4
35.56   0.0129591   4.4
35.58   0.0125283   4.4
35.6   0.0121185   4.4
35.62   0.0117285   4.4
35.64   0.0113571   4.4
35.66   0.011003   4.4
35.68   0.0106652   4.4
35.7   0.0103427   4.4
35.72   0.0100346   4.4
35.74   0.00974012   4.4
35.76   0.00945837   4.4
35.78   0.00918867   4.4
35.8   0.00893033   4.4
35.82   0.00868273   4.4
35.84   0.00844529   4.4
35.86   0.00821745   4.4
35.88   0   4.4
35.9   0   4.4
35.92   0   4.4
35.94   0   4.4
35.96   0   4.4
35.98   0   4.4
36   0   4.4
36.02   0   4.4
36.04   0   4.4
36.06   0   4.4
36.08   0   4.4
36.1   0   4.4
36.12   0   4.4
36.14   0   4.4
36.16   0   4.4
36.18   0   4.4
36.2   0   4.4
36.22   0   4.4
36.24   1.94519   4.4
36.26   1.99916   4.4
36.28   2.05542   4.4
36.3   2.11408   4.4
36.32   2.17529   4.4
36.34   2.23919   4.4
36.36   2.30596   4.4
36.38   2.37575   4.4
36.4   2.44875   4.4
36.42   2.52517   4.4
36.44   2.60523   4.4
36.46   2.68915   4.4
36.48   2.77719   4.4
36.5   2.86962   4.4
36.52   2.96674   4.4
36.54   3.06887   4.4
36.56   3.17637   4.4
36.58   3.28961   4.4
36.6   3.40901   4.4
36.62   3.53503   4.4
36.64   3.66817   4.4
36.66   3.80896   4.4
36.68   3.95801   4.4
36.7   4.11597   4.4
36.72   4.28358   4.4
36.74   4.46162   4.4
36.76   4.65099   4.4
36.78   4.85267   4.4
36.8   5.06774   4.4
36.82   5.29742   4.4
36.84   5.54305   4.4
36.86   5.80615   4.4
36.88   6.08841   4.4
36.9   6.39175   4.4
36.92   6.71829   4.4
36.94   7.07048   4.4
36.96   7.45106   4.4
36.98   7.86317   4.4
37   8.31038   4.4
37.02   8.79678   4.4
37.04   9.32708   4.4
37.06   9.90673   4.4
37.08   10.542   4.4
37.1   11.2403   4.4
37.12   12.0101   4.4
37.14   12.8616   4.4
37.16   13.8067   4.4
37.18   14.8596   4.4
37.2   16.0373   4.4
37.22   17.3602   4.4
37.24   18.8532   4.4
37.26   20.5465   4.53283
37.28   22.4775   4.74105
37.3   24.6926   4.96917
37.32   27.2501   5.22016
37.34   30.2238   5.49762
37.36   33.7085   5.8059
37.38   37.8274   6.1504
37.4   42.7427   6.53779
37.42   48.6715   6.97649
37.44   55.909   7.47723
37.46   64.8647   8.05386
37.48   76.1189   8.72462
37.5   90.5142   9.51389
37.52   109.315   10.4554
37.54   134.521   11.5983
37.56   169.576   13.0221
37.58   221.046   14.8676
37.6   302.033   17.3791
37.62   436.972   20.9039
37.64   663.91   25.7665
37.66   1025.18   32.0184
37.68   1521.49   39.0063
37.7   1967.14   44.3524
37.72   1958.54   44.2554
37.74   1505.67   38.803
37.76   1012.16   31.8145
37.78   655.354   25.5999
37.8   431.816   20.7802
37.82   298.982   17.2911
37.84   219.166   14.8042
37.86   168.333   12.9743
37.88   133.646   11.5605
37.9   108.672   10.4246
37.92   90.027   9.48825
37.94   75.7415   8.70296
37.96   64.5667   8.03534
37.98   55.6698   7.46122
38   48.4767   6.96252
38.02   42.5821   6.5255
38.04   37.6935   6.1395
38.06   33.5957   5.79618
38.08   30.1279   5.48889
38.1   27.1679   5.21228
38.12   24.6217   4.96202
38.14   22.4159   4.73454
38.16   20.4926   4.52688
38.18   18.8058   4.4
38.2   17.3183   4.4
38.22   16.0001   4.4
38.24   14.8264   4.4
38.26   13.7769   4.4
38.28   12.8348   4.4
38.3   11.9859   4.4
38.32   11.2184   4.4
38.34   10.5221   4.4
38.36   9.8886   4.4
38.38   9.31052   4.4
38.4   8.78161   4.4
38.42   8.29644   4.4
38.44   7.85034   4.4
38.46   7.43923   4.4
38.48   7.05954   4.4
38.5   6.70816   4.4
38.52   6.38234   4.4
38.54   6.07967   4.4
38.56   5.79801   4.4
38.58   5.53545   4.4
38.6   5.29032   4.4
38.62   5.0611   4.4
38.64   4.84644   4.4
38.66   4.64515   4.4
38.68   4.45613   4.4
38.7   4.27841   4.4
38.72   4.11111   4.4
38.74   3.95342   4.4
38.76   3.80463   4.4
38.78   3.66407   4.4
38.8   3.53116   4.4
38.82   3.40535   4.4
38.84   3.28614   4.4
38.86   3.17307   4.4
38.88   3.06574   4.4
38.9   2.96376   4.4
38.92   2.86679   4.4
38.94   2.77449   4.4
38.96   2.68658   4.4
38.98   2.60278   4.4
39   2.52283   4.4
39.02   2.44652   4.4
39.04   2.37361   4.4
39.06   2.30391   4.4
39.08   2.23724   4.4
39.1   2.17342   4.4
39.12   2.11229   4.4
39.14   2.0537   4.4
39.16   1.99752   4.4
39.18   1.9436   4.4
39.2   0   4.4
39.22   0   4.4
39.24   0   4.4
39.26   0   4.4
39.28   0   4.4
39.3   0   4.4
39.32   0   4.4
39.34   0   4.4
39.36   0   4.4
39.38   0   4.4
39.4   0   4.4
39.42   0   4.4
39.44   0   4.4
39.46   0   4.4
39.48   0   4.4
39.5   0   4.4
39.52   0   4.4
39.54   0   4.4
39.56   0   4.4
39.58   0   4.4
39.6   0   4.4
39.62   0   4.4
39.64   0   4.4
39.66   0   4.4
39.68   0   4.4
39.7   0   4.4
39.72   0   4.4
39.74   0   4.4
39.76   0   4.4
39.78   0   4.4
39.8   0   4.4
39.82   0   4.4
39.84   0   4.4
39.86   0   4.4
39.88   0   4.4
39.9   0   4.4
39.92   0   4.4
39.94   0   4.4
39.96   0   4.4
39.98   0   4.4
40   0   4.4
40.02   0   4.4
40.04   0   4.4
40.06   0   4.4
40.08   0   4.4
40.1   0   4.4
40.12   0   4.4
40.14   0   4.4
40.16   1.6421   4.4
40.18   1.68758   4.4
40.2   1.73499   4.4
40.22   1.78442   4.4
40.24   1.83599   4.4
40.26   1.88983   4.4
40.28   1.94607   4.4
40.3   2.00486   4.4
40.32   2.06635   4.4
40.34   2.13072   4.4
40.36   2.19814   4.4
40.38   2.2688   4.4
40.4   2.34293   4.4
40.42   2.42075   4.4
40.44   2.50251   4.4
40.46   2.58848   4.4
40.48   2.67895   4.4
40.5   2.77425   4.4
40.52   2.87472   4.4
40.54   2.98075   4.4
40.56   3.09275   4.4
40.58   3.21117   4.4
40.6   3.33653   4.4
40.62   3.46936   4.4
40.64   3.61029   4.4
40.66   3.75996   4.4
40.68   3.91914   4.4
40.7   4.08863   4.4
40.72   4.26934   4.4
40.74   4.46229   4.4
40.76   4.66862   4.4
40.78   4.88957   4.4
40.8   5.12656   4.4
40.82   5.38119   4.4
40.84   5.65525   4.4
40.86   5.95076   4.4
40.88   6.27002   4.4
40.9   6.61563   4.4
40.92   6.99057   4.4
40.94   7.39826   4.4
40.96   7.84262   4.4
40.98   8.32815   4.4
41   8.86012   4.4
41.02   9.44461   4.4
41.04   10.0888   4.4
41.06   10.8009   4.4
41.08   11.5911   4.4
41.1   12.4709   4.4
41.12   13.4545   4.4
41.14   14.5588   4.4
41.16   15.8043   4.4
41.18   17.2161   4.4
41.2   18.8249   4.4
41.22   20.669   4.54631
41.24   22.7963   4.77455
41.26   25.2677   5.02669
41.28   28.1608   5.30667
41.3   31.5766   5.61931
41.32   35.6479   5.97058
41.34   40.5517   6.36802
41.36   46.5288   6.8212
41.38   53.9118   7.34246
41.4   63.1708   7.94801
41.42   74.9866   8.65948
41.44   90.3755   9.5066
41.46   110.932   10.5324
41.48   139.368   11.8054
41.5   180.797   13.4461
41.52   245.42   15.6659
41.54   352.551   18.7763
41.56   533.117   23.0893
41.58   823.623   28.6988
41.6   1233.46   35.1207
41.62   1633.85   40.421
41.64   1686.45   41.0665
41.66   1330.46   36.4755
41.68   903.509   30.0584
41.7   585.654   24.2003
41.72   384.215   19.6014
41.74   264.161   16.253
41.76   192.348   13.869
41.78   147.002   12.1244
41.8   116.304   10.7845
41.82   94.3248   9.71209
41.84   77.9775   8.83048
41.86   65.488   8.09247
41.88   55.7413   7.46601
41.9   47.9971   6.928
41.92   41.7473   6.46121
41.94   36.6337   6.05258
41.96   32.3987   5.69199
41.98   28.8533   5.37153
42   25.8563   5.08491
42.02   23.3008   4.82709
42.04   21.1045   4.59396
42.06   19.2034   4.4
42.08   17.5471   4.4
42.1   16.0955   4.4
42.12   14.8162   4.4
42.14   13.6832   4.4
42.16   12.6749   4.4
42.18   11.7739   4.4
42.2   10.9653   4.4
42.22   10.2371   4.4
42.24   9.579   4.4
42.26   8.98221   4.4
42.28   8.43941   4.4
42.3   7.94427   4.4
42.32   7.49139   4.4
42.34   7.0761   4.4
42.36   6.69436   4.4
42.38   6.34265   4.4
42.4   6.01791   4.4
42.42   5.71746   4.4
42.44   5.43893   4.4
42.46   5.18024   4.4
42.48   4.93956   4.4
42.5   4.71525   4.4
42.52   4.50587   4.4
42.54   4.31012   4.4
42.56   4.12684   4.4
42.58   3.955   4.4
42.6   3.79366   4.4
42.62   3.64198   4.4
42.64   3.49922   4.4
42.66   3.36469   4.4
42.68   3.23776   4.4
42.7   3.11787   4.4
42.72   3.00452   4.4
42.74   2.89724   4.4
42.76   2.79559   4.4
42.78   2.6992   4.4
42.8   2.60771   4.4
42.82   2.52079   4.4
42.84   2.43814   4.4
42.86   2.35949   4.4
42.88   2.28458   4.4
42.9   2.21318   4.4
42.92   2.14508   4.4
42.94   2.08007   4.4
42.96   2.01797   4.4
42.98   1.9586   4.4
43   1.90182   4.4
43.02   1.84747   4.4
43.04   1.79542   4.4
43.06   1.74554   4.4
43.08   1.6977   4.4
43.1   1.65181   4.4
43.12   0   4.4
43.14   0   4.4
43.16   0   4.4
43.18   0   4.4
43.2   0   4.4
43.22   0   4.4
43.24   0   4.4
43.26   0   4.4
43.28   0   4.4
43.3   0   4.4
43.32   0   4.4
43.34   0   4.4
43.36   0   4.4
43.38   0   4.4
43.4   0   4.4
43.42   0   4.4
43.44   0   4.4
43.46   0   4.4
43.48   0   4.4
43.5   0   4.4
43.52   0   4.4
43.54   0   4.4
43.56   0   4.4
43.58   0   4.4
43.6   0   4.4
43.62   0   4.4
43.64   0   4.4
43.66   0   4.4
43.68   0   4.4
43.7   0   4.4
43.72   0   4.4
43.74   0   4.4
43.76   0   4.4
43.78   0   4.4
43.8   0   4.4
43.82   0   4.4
43.84   0   4.4
43.86   0   4.4
43.88   0   4.4
43.9   0   4.4
43.92   0   4.4
43.94   1.87149   4.4
43.96   1.92354   4.4
43.98   1.97779   4.4
44   2.03437   4.4
44.02   2.09341   4.4
44.04   2.15506   4.4
44.06   2.21947   4.4
44.08   2.28681   4.4
44.1   2.35726   4.4
44.12   2.43102   4.4
44.14   2.50829   4.4
44.16   2.5893   4.4
44.18   2.6743   4.4
44.2   2.76355   4.4
44.22   2.85734   4.4
44.24   2.95599   4.4
44.26   3.05983   4.4
44.28   3.16924   4.4
44.3   3.28462   4.4
44.32   3.40641   4.4
44.34   3.53509   4.4
44.36   3.67121   4.4
44.38   3.81533   4.4
44.4   3.9681   4.4
44.42   4.13022   4.4
44.44   4.30248   4.4
44.46   4.48574   4.4
44.48   4.68094   4.4
44.5   4.88916   4.4
44.52   5.11157   4.4
44.54   5.34949   4.4
44.56   5.6044   4.4
44.58   5.87794   4.4
44.6   6.17199   4.4
44.62   6.48863   4.4
44.64   6.83025   4.4
44.66   7.19953   4.4
44.68   7.59954   4.4
44.7   8.03377   4.4
44.72   8.50625   4.4
44.74   9.02158   4.4
44.76   9.58511   4.4
44.78   10.203   4.4
44.8   10.8825   4.4
44.82   11.632   4.4
44.84   12.4615   4.4
44.86   13.3828   4.4
44.88   14.4097   4.4
44.9   15.5592   4.4
44.92   16.8513   4.4
44.94   18.3108   4.4
44.96   19.9674   4.4685
44.98   21.8585   4.6753
45   24.0299   4.90203
45.02   26.5398   5.15168
45.04   29.4617   5.42787
45.06   32.8905   5.73502
45.08   36.9493   6.07859
45.1   41.8011   6.46537
45.12   47.6642   6.90392
45.14   54.8367   7.40518
45.16   63.7334   7.98332
45.18   74.9442   8.65703
45.2   89.3295   9.45143
45.22   108.19   10.4014
45.24   133.606   11.5588
45.26   169.221   13.0085
45.28   222.079   14.9023
45.3   306.194   17.4984
45.32   447.128   21.1454
45.34   683.098   26.1361
45.36   1052.75   32.4462
45.38   1540.11   39.2442
45.4   1921.47   43.8345
45.42   1823.5   42.7025
45.44   1358.89   36.8631
45.46   903.219   30.0536
45.48   584.68   24.1801
45.5   387.789   19.6924
45.52   271.068   16.4641
45.54   200.43   14.1573
45.56   154.916   12.4465
45.58   123.541   11.1149
45.6   100.792   10.0395
45.62   83.7276   9.15028
45.64   70.6044   8.40264
45.66   60.3071   7.76576
45.68   52.0868   7.21712
45.7   45.4252   6.73982
45.72   39.9549   6.32099
45.74   35.4097   5.95061
45.76   31.5936   5.62082
45.78   28.3594   5.32535
45.8   25.5951   5.05916
45.82   23.2144   4.81813
45.84   21.1496   4.59887
45.86   19.3475   4.4
45.88   17.7656   4.4
45.9   16.3694   4.4
45.92   15.131   4.4
45.94   14.0277   4.4
45.96   13.0405   4.4
45.98   12.1537   4.4
46   11.3542   4.4
46.02   10.6309   4.4
46.04   9.97439   4.4
46.06   9.37679   4.4
46.08   8.83124   4.4
46.1   8.33187   4.4
46.12   7.87363   4.4
46.14   7.45212   4.4
46.16   7.06353   4.4
46.18   6.70452   4.4
46.2   6.37216   4.4
46.22   6.06389   4.4
46.24   5.77743   4.4
46.26   5.51079   4.4
46.28   5.26216   4.4
46.3   5.02997   4.4
46.32   4.81281   4.4
46.34   4.60939   4.4
46.36   4.41859   4.4
46.38   4.23939   4.4
46.4   4.07087   4.4
46.42   3.91219   4.4
46.44   3.7626   4.4
46.46   3.62143   4.4
46.48   3.48805   4.4
46.5   3.3619   4.4
46.52   3.24246   4.4
46.54   3.12928   4.4
46.56   3.02191   4.4
46.58   2.91998   4.4
46.6   2.82311   4.4
46.62   2.73099   4.4
46.64   2.6433   4.4
46.66   2.55976   4.4
46.68   2.48012   4.4
46.7   2.40413   4.4
46.72   2.33159   4.4
46.74   2.26228   4.4
46.76   2.19601   4.4
46.78   2.13261   4.4
46.8   2.07191   4.4
46.82   2.01377   4.4
46.84   1.95804   4.4
46.86   1.9046   4.4
46.88   0   4.4
46.9   0   4.4
46.92   0   4.4
46.94   0   4.4
46.96   0   4.4
46.98   0   4.4
47   0   4.4
47.02   0   4.4
47.04   0   4.4
47.06   0   4.4
47.08   0   4.4
47.1   0   4.4
47.12   0   4.4
47.14   0   4.4
47.16   0   4.4
47.18   0   4.4
47.2   0   4.4
47.22   0   4.4
47.24   0   4.4
47.26   0   4.4
47.28   0   4.4
47.3   0   4.4
47.32   0   4.4
47.34   0   4.4
47.36   0   4.4
47.38   0   4.4
47.4   0   4.4
47.42   0   4.4
47.44   0   4.4
47.46   0   4.4
47.48   0   4.4
47.5   0   4.4
47.52   0   4.4
47.54   0   4.4
47.56   0   4.4
47.58   0   4.4
47.6   0   4.4
47.62   0   4.4
47.64   0   4.4
47.66   0   4.4
47.68   0   4.4
47.7   0   4.4
47.72   0   4.4
47.74   0   4.4
47.76   0   4.4
47.78   0   4.4
47.8   0   4.4
47.82   0   4.4
47.84   0   4.4
47.86   0   4.4
47.88   0   4.4
47.9   0   4.4
47.92   0   4.4
47.94   0   4.4
47.96   0   4.4
47.98   0   4.4
48   0   4.4
48.02   0   4.4
48.04   0   4.4
48.06   0   4.4
48.08   0   4.4
48.1   0   4.4
48.12   0   4.4
48.14   0   4.4
48.16   0   4.4
48.18   0   4.4
48.2   0   4.4
48.22   0   4.4
48.24   0   4.4
48.26   0   4.4
48.28   0   4.4
48.3   0   4.4
48.32   0   4.4
48.34   0   4.4
48.36   0   4.4
48.38   0   4.4
48.4   0   4.4
48.42   0   4.4
48.44   0   4.4
48.46   0   4.4
48.48   0.999585   4.4
48.5   1.02784   4.4
48.52   1.05731   4.4
48.54   1.08807   4.4
48.56   1.12019   4.4
48.58   1.15375   4.4
48.6   1.18884   4.4
48.62   1.22555   4.4
48.64   1.264   4.4
48.66   1.30427   4.4
48.68   1.34651   4.4
48.7   1.39083   4.4
48.72   1.43737   4.4
48.74   1.48628   4.4
48.76   1.53774   4.4
48.78   1.59191   4.4
48.8   1.64899   4.4
48.82   1.7092   4.4
48.84   1.77276   4.4
48.86   1.83993   4.4
48.88   1.911   4.4
48.9   1.98625   4.4
48.92   2.06604   4.4
48.94   2.15073   4.4
48.96   2.24073   4.4
48.98   2.33649   4.4
49   2.43852   4.4
49.02   2.54738   4.4
49.04   2.66368   4.4
49.06   2.78812   4.4
49.08   2.92149   4.4
49.1   3.06464   4.4
49.12   3.21856   4.4
49.14   3.38436   4.4
49.16   3.56329   4.4
49.18   3.75678   4.4
49.2   3.96643   4.4
49.22   4.19411   4.4
49.24   4.44193   4.4
49.26   4.71233   4.4
49.28   5.00815   4.4
49.3   5.33266   4.4
49.32   5.68969   4.4
49.34   6.08372   4.4
49.36   6.52002   4.4
49.38   7.00487   4.4
49.4   7.54569   4.4
49.42   8.15143   4.4
49.44   8.83288   4.4
49.46   9.60312   4.4
49.48   10.4782   4.4
49.5   11.478   4.4
49.52   12.6273   4.4
49.54   13.9571   4.4
49.56   15.5071   4.4
49.58   17.3284   4.4
49.6   19.4876   4.41448
49.62   22.0729   4.69818
49.64   25.203   5.02025
49.66   29.0401   5.38889
49.68   33.811   5.81472
49.7   39.8391   6.31182
49.72   47.599   6.8992
49.74   57.8124   7.60345
49.76   71.6484   8.46454
49.78   91.1898   9.54933
49.8   120.508   10.9776
49.82   167.655   12.9482
49.84   246.966   15.7151
49.86   378.964   19.467
49.88   582.054   24.1258
49.9   837.359   28.9372
49.92   1005.64   31.7119
49.94   911.867   30.1971
49.96   661.715   25.7238
49.98   435.982   20.8802
50   282.525   16.8085
50.02   188.726   13.7378
50.04   133.157   11.5394
50.06   99.254   9.96263
50.08   77.1597   8.78406
50.1   61.7848   7.86033
50.12   50.5663   7.111
50.14   42.1133   6.48948
50.16   35.5902   5.96576
50.18   30.4569   5.51877
50.2   26.3485   5.13308
50.22   23.0117   4.79705
50.24   22.1496   4.70633
50.26   19.9167   4.46281
50.28   18.0495   4.4
50.3   16.4755   4.4
50.32   15.139   4.4
50.34   13.9975   4.4
50.36   13.0174   4.4
50.38   12.1722   4.4
50.4   11.4409   4.4
50.42   10.8066   4.4
50.44   10.2554   4.4
50.46   9.77606   4.4
50.48   12.0434   4.4
50.5   11.7562   4.4
50.52   11.5209   4.4
50.54   11.3324   4.4
50.56   11.1864   4.4
50.58   11.0796   4.4
50.6   11.0091   4.4
50.62   10.9727   4.4
50.64   10.9685   4.4
50.66   10.995   4.4
50.68   11.0514   4.4
50.7   11.1367   4.4
50.72   11.2506   4.4
50.74   11.393   4.4
50.76   11.5639   4.4
50.78   11.7638   4.4
50.8   11.9932   4.4
50.82   12.2531   4.4
50.84   12.5447   4.4
50.86   12.8692   4.4
50.88   13.2287   4.4
50.9   13.625   4.4
50.92   14.0607   4.4
50.94   14.5385   4.4
50.96   15.0619   4.4
50.98   15.6345   4.4
51   16.2608   4.4
51.02   16.9457   4.4
51.04   17.6951   4.4
51.06   18.5158   4.4
51.08   19.4154   4.40629
51.1   20.403   4.51697
51.12   21.4891   4.63563
51.14   22.6859   4.76297
51.16   24.0079   4.89978
51.18   25.472   5.04698
51.2   27.0985   5.20562
51.22   28.9114   5.37693
51.24   30.9396   5.56234
51.26   33.2182   5.76352
51.28   35.79   5.98247
51.3   38.7074   6.22153
51.32   42.0359   6.48351
51.34   45.8575   6.77181
51.36   50.2763   7.09058
51.38   55.4262   7.44488
51.4   60.5273   7.77993
51.42   67.7456   8.23077
51.44   76.412   8.74139
51.46   86.9548   9.32495
51.48   99.9757   9.99879
51.5   116.342   10.7862
51.52   137.344   11.7194
51.54   165.011   12.8457
51.56   202.818   14.2414
51.58   257.359   16.0424
51.6   341.713   18.4855
51.62   480.105   21.9113
51.64   709.927   26.6445
51.66   1072.14   32.7436
51.68   1564.9   39.5589
51.7   2000.34   44.7251
51.72   1989.68   44.6058
51.74   1564.25   39.5506
51.76   1115.55   33.3998
51.78   809.32   28.4486
51.8   644.222   25.3815
51.82   587.666   24.2418
51.84   621.141   24.9227
51.86   754.748   27.4727
51.88   1028.15   32.0648
51.9   1494.22   38.6551
51.92   2156.18   46.4347
51.94   2772.65   52.6559
51.96   2785.12   52.7742
51.98   2165.91   46.5393
52   1471.58   38.3612
52.02   963.891   31.0466
52.04   643.422   25.3658
52.06   451.664   21.2524
52.08   335.665   18.3212
52.1   261.286   16.1643
52.12   210.162   14.497
52.14   173.062   13.1553
52.16   145.133   12.0471
52.18   123.549   11.1152
52.2   106.515   10.3206
52.22   92.834   9.63504
52.24   81.6749   9.03742
52.26   72.4503   8.51178
52.28   64.7341   8.04575
52.3   58.2115   7.62964
52.32   52.6461   7.25576
52.34   47.8575   6.91791
52.36   43.706   6.61105
52.38   40.0822   6.33105
52.4   36.8992   6.07447
52.42   34.0876   5.83846
52.44   31.5911   5.6206
52.46   29.3638   5.41884
52.48   27.3678   5.23143
52.5   25.5719   5.05687
52.52   23.9499   4.89386
52.54   22.4797   4.74128
52.56   21.1429   4.59814
52.58   19.9235   4.46357
52.6   18.8081   4.4
52.62   17.785   4.4
52.64   16.8443   4.4
52.66   15.9772   4.4
52.68   15.1762   4.4
52.7   14.4346   4.4
52.72   13.7467   4.4
52.74   13.1074   4.4
52.76   12.5121   4.4
52.78   11.957   4.4
52.8   11.4383   4.4
52.82   10.9529   4.4
52.84   10.4982   4.4
52.86   10.0714   4.4
52.88   9.67034   4.4
52.9   9.29299   4.4
52.92   8.93749   4.4
52.94   8.60216   4.4
52.96   8.28551   4.4
52.98   7.98617   4.4
53   7.70287   4.4
53.02   7.4345   4.4
53.04   7.18001   4.4
53.06   6.93846   4.4
53.08   6.70898   4.4
53.1   6.49077   4.4
53.12   6.2831   4.4
53.14   6.08531   4.4
53.16   5.89676   4.4
53.18   5.7169   4.4
53.2   3.71664   4.4
53.22   3.60063   4.4
53.24   3.48997   4.4
53.26   3.38432   4.4
53.28   3.2834   4.4
53.3   3.18693   4.4
53.32   3.09464   4.4
53.34   3.00631   4.4
53.36   2.9217   4.4
53.38   2.84061   4.4
53.4   2.76285   4.4
53.42   2.68824   4.4
53.44   0   4.4
53.46   0   4.4
53.48   0   4.4
53.5   0   4.4
53.52   0   4.4
53.54   0   4.4
53.56   0   4.4
53.58   0   4.4
53.6   0   4.4
53.62   0   4.4
53.64   0   4.4
53.66   0   4.4
53.68   0   4.4
53.7   0   4.4
53.72   0   4.4
53.74   0   4.4
53.76   0   4.4
53.78   0   4.4
53.8   0   4.4
53.82   0   4.4
53.84   0   4.4
53.86   0   4.4
53.88   0   4.4
53.9   0   4.4
53.92   0   4.4
53.94   0   4.4
53.96   0   4.4
53.98   0   4.4
54   0   4.4
54.02   0   4.4
54.04   0   4.4
54.06   0   4.4
54.08   0   4.4
54.1   0   4.4
54.12   0   4.4
54.14   0   4.4
54.16   0   4.4
54.18   0   4.4
54.2   0   4.4
54.22   0   4.4
54.24   0   4.4
54.26   0   4.4
54.28   0   4.4
54.3   0   4.4
54.32   0   4.4
54.34   0   4.4
54.36   0   4.4
54.38   0   4.4
54.4   0   4.4
54.42   0   4.4
54.44   0   4.4
54.46   0   4.4
54.48   0   4.4
54.5   0   4.4
54.52   0   4.4
54.54   0   4.4
54.56   0   4.4
54.58   0   4.4
54.6   0   4.4
54.62   0   4.4
54.64   0   4.4
54.66   0   4.4
54.68   0   4.4
54.7   0   4.4
54.72   0   4.4
54.74   0   4.4
54.76   0   4.4
54.78   0   4.4
54.8   0   4.4
54.82   0   4.4
54.84   0   4.4
54.86   0   4.4
54.88   0   4.4
54.9   0   4.4
54.92   0   4.4
54.94   0   4.4
54.96   0   4.4
54.98   0   4.4
55   0   4.4
55.02   0   4.4
55.04   0   4.4
55.06   0   4.4
55.08   0   4.4
55.1   0   4.4
55.12   0   4.4
55.14   0   4.4
55.16   0   4.4
55.18   0   4.4
55.2   0   4.4
55.22   0   4.4
55.24   0   4.4
55.26   0   4.4
55.28   0   4.4
55.3   0   4.4
55.32   0   4.4
55.34   0   4.4
55.36   0   4.4
55.38   0   4.4
55.4   0   4.4
55.42   0   4.4
55.44   0   4.4
55.46   0   4.4
55.48   0   4.4
55.5   0   4.4
55.52   0   4.4
55.54   0   4.4
55.56   0   4.4
55.58   0   4.4
55.6   0   4.4
55.62   0   4.4
55.64   0   4.4
55.66   0   4.4
55.68   0   4.4
55.7   0   4.4
55.72   0   4.4
55.74   0   4.4
55.76   0   4.4
55.78   0   4.4
55.8   0   4.4
55.82   0   4.4
55.84   0   4.4
55.86   0   4.4
55.88   0   4.4
55.9   0   4.4
55.92   0   4.4
55.94   0   4.4
55.96   0   4.4
55.98   0   4.4
56   0   4.4
56.02   0   4.4
56.04   0   4.4
56.06   0   4.4
56.08   0   4.4
56.1   0   4.4
56.12   0   4.4
56.14   0   4.4
56.16   0   4.4
56.18   0   4.4
56.2   0   4.4
56.22   0   4.4
56.24   0   4.4
56.26   0   4.4
56.28   0   4.4
56.3   0   4.4
56.32   0   4.4
56.34   0   4.4
56.36   0   4.4
56.38   0   4.4
56.4   0   4.4
56.42   0   4.4
56.44   0   4.4
56.46   0   4.4
56.48   0   4.4
56.5   0   4.4
56.52   0   4.4
56.54   0   4.4
56.56   0   4.4
56.58   0   4.4
56.6   0   4.4
56.62   0   4.4
56.64   0   4.4
56.66   0   4.4
56.68   0   4.4
56.7   0   4.4
56.72   0   4.4
56.74   0   4.4
56.76   0   4.4
56.78   0   4.4
56.8   0   4.4
56.82   0   4.4
56.84   0   4.4
56.86   0   4.4
56.88   0   4.4
56.9   0   4.4
56.92   0   4.4
56.94   0   4.4
56.96   0   4.4
56.98   0   4.4
57   0   4.4
57.02   0   4.4
57.04   0   4.4
57.06   0   4.4
57.08   0   4.4
57.1   0   4.4
57.12   0   4.4
57.14   0   4.4
57.16   0   4.4
57.18   0   4.4
57.2   0   4.4
57.22   0   4.4
57.24   0   4.4
57.26   0   4.4
57.28   0   4.4
57.3   0   4.4
57.32   0   4.4
57.34   0   4.4
57.36   0   4.4
57.38   0   4.4
57.4   0   4.4
57.42   0   4.4
57.44   0   4.4
57.46   0   4.4
57.48   0   4.4
57.5   0   4.4
57.52   0   4.4
57.54   0   4.4
57.56   0   4.4
57.58   0   4.4
57.6   0   4.4
57.62   0   4.4
57.64   0   4.4
57.66   0   4.4
57.68   0   4.4
57.7   0   4.4
57.72   0   4.4
57.74   0   4.4
57.76   0   4.4
57.78   0   4.4
57.8   0   4.4
57.82   0   4.4
57.84   0   4.4
57.86   0   4.4
57.88   0   4.4
57.9   0   4.4
57.92   0   4.4
57.94   0   4.4
57.96   0   4.4
57.98   0   4.4
58   0   4.4
58.02   0   4.4
58.04   0.222175   4.4
58.06   0.228446   4.4
58.08   0.234986   4.4
58.1   0.241811   4.4
58.12   0.248937   4.4
58.14   0.256383   4.4
58.16   0.264168   4.4
58.18   0.272313   4.4
58.2   0.28084   4.4
58.22   0.289774   4.4
58.24   0.299141   4.4
58.26   0.308969   4.4
58.28   0.31929   4.4
58.3   0.330136   4.4
58.32   0.341544   4.4
58.34   0.353553   4.4
58.36   0.366206   4.4
58.38   0.37955   4.4
58.4   0.393637   4.4
58.42   0.408522   4.4
58.44   0.424268   4.4
58.46   0.44094   4.4
58.48   0.458614   4.4
58.5   0.477372   4.4
58.52   0.497303   4.4
58.54   0.518508   4.4
58.56   0.541097   4.4
58.58   0.565194   4.4
58.6   0.590935   4.4
58.62   0.618473   4.4
58.64   0.64798   4.4
58.66   0.679647   4.4
58.68   0.713691   4.4
58.7   0.750354   4.4
58.72   0.789913   4.4
58.74   0.832679   4.4
58.76   0.87901   4.4
58.78   0.92931   4.4
58.8   0.984047   4.4
58.82   1.04376   4.4
58.84   1.10906   4.4
58.86   1.18067   4.4
58.88   1.25944   4.4
58.9   1.34633   4.4
58.92   1.44252   4.4
58.94   1.54936   4.4
58.96   1.66849   4.4
58.98   3.04059   4.4
59   3.22494   4.4
59.02   3.43018   4.4
59.04   3.65992   4.4
59.06   3.91855   4.4
59.08   4.21155   4.4
59.1   4.5458   4.4
59.12   4.93001   4.4
59.14   5.37536   4.4
59.16   5.89641   4.4
59.18   6.51237   4.4
59.2   7.24895   4.4
59.22   8.14129   4.4
59.24   9.23826   4.4
59.26   10.6093   4.4
59.28   12.3561   4.4
59.3   14.6321   4.4
59.32   17.6841   4.4
59.34   21.9463   4.68468
59.36   28.2609   5.31609
59.38   38.301   6.18878
59.4   55.0949   7.42259
59.42   83.1089   9.11641
59.44   126.703   11.2563
59.46   183.326   13.5398
59.48   225.474   15.0158
59.5   211.117   14.5299
59.52   156.82   12.5228
59.54   105.094   10.2516
59.56   69.3294   8.32643
59.58   47.3736   6.88285
59.6   34.4378   5.86837
59.62   26.6676   5.16407
59.64   21.7198   4.66045
59.66   18.3727   4.4
59.68   16.0141   4.4
59.7   14.3161   4.4
59.72   13.0848   4.4
59.74   12.1965   4.4
59.76   11.5691   4.4
59.78   11.1469   4.4
59.8   10.8918   4.4
59.82   10.7775   4.4
59.84   10.7865   4.4
59.86   10.9075   4.4
59.88   11.1342   4.4
59.9   11.4645   4.4
59.92   11.8996   4.4
59.94   12.4445   4.4
59.96   13.1072   4.4
59.98   13.8997   4.4
60   14.8382   4.4
60.02   15.944   4.4
60.04   17.2445   4.4
60.06   18.7753   4.4
60.08   20.582   4.53674
60.1   22.724   4.76697
60.12   25.2791   5.02784
60.14   28.3502   5.32449
60.16   32.0754   5.66352
60.18   36.6433   6.05337
60.2   42.3155   6.50503
60.22   49.4635   7.03303
60.24   58.6272   7.65684
60.26   70.618   8.40345
60.28   86.7206   9.31239
60.3   109.152   10.4476
60.32   142.149   11.9226
60.34   194.16   13.9341
60.36   280.906   16.7602
60.38   426.752   20.658
60.4   658.53   25.6618
60.42   975.517   31.2333
60.44   1255.98   35.4398
60.46   1243.33   35.2609
60.48   952.201   30.8578
60.5   639.294   25.2843
60.52   414.029   20.3477
60.54   273.138   16.5269
60.56   189.442   13.7638
60.58   139.106   11.7943
60.6   107.001   10.3441
60.62   85.0617   9.22289
60.64   69.2492   8.32161
60.66   57.4349   7.57858
60.68   48.3766   6.95533
60.7   41.2864   6.42545
60.72   35.6379   5.96975
60.74   31.0685   5.57391
60.76   27.3216   5.22701
60.78   24.2124   4.92061
60.8   21.6047   4.64808
60.82   19.3965   4.40415
60.84   17.5106   4.4
60.86   15.8873   4.4
60.88   14.4802   4.4
60.9   13.2526   4.4
60.92   12.1753   4.4
60.94   11.2247   4.4
60.96   10.1682   4.4
60.98   9.42289   4.4
61   8.75637   4.4
61.02   8.15798   4.4
61.04   7.61876   4.4
61.06   7.13117   4.4
61.08   6.68885   4.4
61.1   6.28636   4.4
61.12   5.91907   4.4
61.14   5.58301   4.4
61.16   5.27472   4.4
61.18   4.99125   4.4
61.2   4.73   4.4
61.22   4.4887   4.4
61.24   4.26539   4.4
61.26   4.05832   4.4
61.28   3.86595   4.4
61.3   3.68693   4.4
61.32   3.52004   4.4
61.34   3.36423   4.4
61.36   3.21852   4.4
61.38   3.08207   4.4
61.4   2.95411   4.4
61.42   2.83396   4.4
61.44   2.72097   4.4
61.46   2.61461   4.4
61.48   2.51436   4.4
61.5   2.41977   4.4
61.52   2.33041   4.4
61.54   2.2459   4.4
61.56   2.16591   4.4
61.58   2.09011   4.4
61.6   2.01822   4.4
61.62   1.94998   4.4
61.64   1.88514   4.4
61.66   1.82347   4.4
61.68   1.76478   4.4
61.7   1.70888   4.4
61.72   1.65559   4.4
61.74   1.60476   4.4
61.76   1.55623   4.4
61.78   1.50987   4.4
61.8   1.46554   4.4
61.82   1.42315   4.4
61.84   1.38256   4.4
61.86   1.34368   4.4
61.88   1.30642   4.4
61.9   1.27069   4.4
61.92   1.23641   4.4
61.94   0   4.4
61.96   0   4.4
61.98   0   4.4
62   0   4.4
62.02   0   4.4
62.04   0   4.4
62.06   0   4.4
62.08   0   4.4
62.1   0   4.4
62.12   0   4.4
62.14   0.22603   4.4
62.16   0.232413   4.4
62.18   0.23907   4.4
62.2   0.246017   4.4
62.22   0.253272   4.4
62.24   0.260852   4.4
62.26   0.268777   4.4
62.28   0.277069   4.4
62.3   0.28575   4.4
62.32   0.294846   4.4
62.34   0.304383   4.4
62.36   0.314389   4.4
62.38   0.324898   4.4
62.4   0.335941   4.4
62.42   0.347557   4.4
62.44   0.359786   4.4
62.46   0.372671   4.4
62.48   0.386261   4.4
62.5   0.400607   4.4
62.52   0.415766   4.4
62.54   0.431802   4.4
62.56   0.448784   4.4
62.58   0.466786   4.4
62.6   0.485893   4.4
62.62   0.506196   4.4
62.64   0.527797   4.4
62.66   0.55081   4.4
62.68   0.57536   4.4
62.7   0.601587   4.4
62.72   0.629647   4.4
62.74   0.659714   4.4
62.76   0.691985   4.4
62.78   1.67275   4.4
62.8   1.73694   4.4
62.82   1.80524   4.4
62.84   1.87804   4.4
62.86   1.95577   4.4
62.88   2.03893   4.4
62.9   2.12808   4.4
62.92   2.22385   4.4
62.94   2.32697   4.4
62.96   2.4383   4.4
62.98   2.55878   4.4
63   2.68957   4.4
63.02   2.83196   4.4
63.04   2.98751   4.4
63.06   3.15803   4.4
63.08   3.34571   4.4
63.1   3.55313   4.4
63.12   3.78342   4.4
63.14   4.0404   4.4
63.16   4.32874   4.4
63.18   4.65421   4.4
63.2   5.02406   4.4
63.22   5.44743   4.4
63.24   5.93605   4.4
63.26   6.50511   4.4
63.28   7.17464   4.4
63.3   7.97143   4.4
63.32   8.93198   4.4
63.34   10.107   4.4
63.36   11.5687   4.4
63.38   13.4222   4.4
63.4   15.8271   4.4
63.42   19.0396   4.4
63.44   23.5124   4.84896
63.46   30.1254   5.48866
63.48   40.6233   6.37364
63.5   58.1447   7.62527
63.52   87.2715   9.34192
63.54   132.353   11.5045
63.56   190.23   13.7924
63.58   231.679   15.221
63.6   214.932   14.6605
63.62   159.419   12.6261
63.64   107.631   10.3745
63.66   72.1703   8.49531
63.68   50.6033   7.1136
63.7   38.07   6.17009
63.72   30.7187   5.54244
63.74   26.2307   5.12159
63.76   23.4087   4.83826
63.78   21.6603   4.65406
63.8   20.6772   4.54722
63.82   20.2883   4.50425
63.84   20.3984   4.51646
63.86   20.962   4.57843
63.88   21.9712   4.68734
63.9   23.4504   4.84256
63.92   25.4578   5.04558
63.94   28.0902   5.30002
63.96   31.4945   5.61199
63.98   35.8875   5.99062
64   41.5891   6.44896
64.02   49.0779   7.00556
64.04   59.0962   7.68741
64.06   72.8727   8.53655
64.08   92.6517   9.62557
64.1   122.876   11.0849
64.12   172.227   13.1235
64.14   255.594   15.9873
64.16   392.955   19.8231
64.18   598.419   24.4626
64.2   837.156   28.9336
64.22   950.605   30.8319
64.24   813.446   28.521
64.26   573.01   23.9376
64.28   374.936   19.3633
64.3   244.192   15.6266
64.32   165.233   12.8543
64.34   118.37   10.8798
64.36   89.4142   9.45591
64.38   70.2498   8.38152
64.4   56.7512   7.53334
64.42   46.8207   6.84256
64.44   39.2942   6.2685
64.46   33.4589   5.78436
64.48   28.8489   5.37112
64.5   25.1474   5.01472
64.52   22.133   4.70458
64.54   19.6476   4.43256
64.56   17.5757   4.4
64.58   15.8317   4.4
64.6   14.3511   4.4
64.62   13.0844   4.4
64.64   11.9933   4.4
64.66   11.0478   4.4
64.68   10.2242   4.4
64.7   9.50325   4.4
64.72   8.86969   4.4
64.74   8.31099   4.4
64.76   7.81687   4.4
64.78   7.37889   4.4
64.8   6.99004   4.4
64.82   6.64447   4.4
64.84   6.33732   4.4
64.86   6.06449   4.4
64.88   5.82258   4.4
64.9   5.6087   4.4
64.92   5.42049   4.4
64.94   5.25594   4.4
64.96   5.11345   4.4
64.98   4.9917   4.4
65   4.88967   4.4
65.02   4.80661   4.4
65.04   4.74201   4.4
65.06   4.47892   4.4
65.08   4.45647   4.4
65.1   4.69045   4.4
65.12   4.71158   4.4
65.14   4.75248   4.4
65.16   4.8143   4.4
65.18   4.89852   4.4
65.2   5.00705   4.4
65.22   5.1423   4.4
65.24   5.3073   4.4
65.26   5.50577   4.4
65.28   5.74239   4.4
65.3   6.02295   4.4
65.32   6.35467   4.4
65.34   6.74665   4.4
65.36   7.21039   4.4
65.38   7.76059   4.4
65.4   8.4162   4.4
65.42   9.20194   4.4
65.44   10.1506   4.4
65.46   11.306   4.4
65.48   12.7282   4.4
65.5   14.6291   4.4
65.52   16.8745   4.4
65.54   19.7626   4.44551
65.56   23.5555   4.8534
65.58   28.6723   5.35465
65.6   35.8469   5.98723
65.62   46.4972   6.81889
65.64   63.4449   7.96523
65.66   91.8393   9.58328
65.68   138.468   11.7673
65.7   213.003   14.5946
65.72   311.354   17.6452
65.74   388.58   19.7124
65.76   369.235   19.2155
65.78   275.628   16.602
65.8   183.64   13.5514
65.82   119.312   10.923
65.84   79.5661   8.91998
65.86   56.0323   7.48548
65.88   41.8235   6.46711
65.9   32.7021   5.71858
65.92   26.4463   5.1426
65.94   21.9421   4.68424
65.96   18.5953   4.4
65.98   16.0551   4.4
66   14.0974   4.4
66.02   12.5724   4.4
66.04   11.3775   4.4
66.06   10.4409   4.4
66.08   9.71165   4.4
66.1   9.1537   4.4
66.12   8.74167   4.4
66.14   8.45829   4.4
66.16   8.29281   4.4
66.18   8.24005   4.4
66.2   8.30002   4.4
66.22   8.47806   4.4
66.24   8.7855   4.4
66.26   9.241   4.4
66.28   9.87278   4.4
66.3   10.7222   4.4
66.32   11.8499   4.4
66.34   13.3446   4.4
66.36   15.3403   4.4
66.38   18.0462   4.4
66.4   21.8147   4.67063
66.42   27.3022   5.22515
66.44   35.8156   5.98461
66.46   49.8678   7.06171
66.48   73.611   8.57969
66.5   112.252   10.5949
66.52   168.3   12.973
66.54   227.877   15.0956
66.56   245.249   15.6604
66.58   200.695   14.1667
66.6   139.294   11.8023
66.62   92.7355   9.62993
66.64   62.2957   7.89276
66.66   44.227   6.65034
66.68   33.6628   5.80197
66.7   27.2926   5.22423
66.72   23.2975   4.82675
66.74   20.7864   4.55921
66.76   19.3374   4.4
66.78   18.7652   4.4
66.8   19.0373   4.4
66.82   20.2783   4.50315
66.84   22.8645   4.78168
66.86   27.644   5.25776
66.88   36.2461   6.02047
66.9   51.1983   7.1553
66.92   75.2245   8.67321
66.94   107.934   10.3891
66.96   135.853   11.6556
66.98   132.581   11.5144
67   101.626   10.081
67.02   69.4111   8.33133
67.04   46.4288   6.81387
67.06   32.0883   5.66465
67.08   23.5576   4.85362
67.1   18.407   4.4
67.12   15.1094   4.4
67.14   12.8551   4.4
67.16   11.2381   4.4
67.18   10.0434   4.4
67.2   9.14478   4.4
67.22   8.08811   4.4
67.24   7.57789   4.4
67.26   7.193   4.4
67.28   6.90776   4.4
67.3   6.70388   4.4
67.32   6.56832   4.4
67.34   6.49171   4.4
67.36   6.46744   4.4
67.38   6.49101   4.4
67.4   6.55954   4.4
67.42   6.67153   4.4
67.44   6.82663   4.4
67.46   7.02559   4.4
67.48   7.27018   4.4
67.5   7.56323   4.4
67.52   7.90866   4.4
67.54   8.31166   4.4
67.56   8.77884   4.4
67.58   9.31851   4.4
67.6   9.94103   4.4
67.62   10.6593   4.4
67.64   11.4893   4.4
67.66   12.4513   4.4
67.68   13.5704   4.4
67.7   14.879   4.4
67.72   16.4182   4.4
67.74   18.2414   4.4
67.76   20.4187   4.51871
67.78   23.0436   4.80038
67.8   26.2425   5.12274
67.82   30.1894   5.49449
67.84   35.129   5.92697
67.86   41.4133   6.43532
67.88   49.564   7.04017
67.9   60.3871   7.77091
67.92   75.2233   8.67313
67.94   96.54   9.82548
67.96   129.236   11.3682
67.98   182.805   13.5206
68   273.242   16.53
68.02   421.083   20.5203
68.04   639.311   25.2846
68.06   882.433   29.7058
68.08   976.234   31.2448
68.1   815.195   28.5516
68.12   567.441   23.821
68.14   369.627   19.2257
68.16   240.879   15.5203
68.18   163.481   12.786
68.2   117.478   10.8387
68.22   88.891   9.4282
68.24   69.8499   8.35762
68.26   56.3744   7.50829
68.28   46.4299   6.81395
68.3   38.8755   6.23502
68.32   33.0074   5.7452
68.34   28.3633   5.32572
68.36   24.6281   4.96268
68.38   21.5811   4.64555
68.4   19.0642   4.4
68.42   16.9619   4.4
68.44   15.1883   4.4
68.46   13.5544   4.4
68.48   12.2622   4.4
68.5   11.1457   4.4
68.52   10.1743   4.4
68.54   9.32423   4.4
68.56   8.57602   4.4
68.58   7.9141   4.4
68.6   7.32575   4.4
68.62   6.80048   4.4
68.64   6.3296   4.4
68.66   5.90588   4.4
68.68   5.52323   4.4
68.7   5.17653   4.4
68.72   4.86141   4.4
68.74   4.57416   4.4
68.76   4.3116   4.4
68.78   4.07097   4.4
68.8   3.84992   4.4
68.82   3.64636   4.4
68.84   3.45851   4.4
68.86   3.28479   4.4
68.88   3.12382   4.4
68.9   2.97439   4.4
68.92   2.83542   4.4
68.94   2.70595   4.4
68.96   2.58514   4.4
68.98   2.47224   4.4
69   2.36657   4.4
69.02   2.26753   4.4
69.04   2.17457   4.4
69.06   2.08721   4.4
69.08   2.005   4.4
69.1   1.92756   4.4
69.12   1.85451   4.4
69.14   1.78553   4.4
69.16   1.72033   4.4
69.18   1.65864   4.4
69.2   1.6002   4.4
69.22   1.54479   4.4
69.24   1.49221   4.4
69.26   1.44227   4.4
69.28   1.3948   4.4
69.3   1.34963   4.4
69.32   1.30661   4.4
69.34   1.26562   4.4
69.36   1.22653   4.4
69.38   1.18922   4.4
69.4   1.15359   4.4
69.42   1.11953   4.4
69.44   1.08696   4.4
69.46   1.05579   4.4
69.48   1.02595   4.4
69.5   0.997344   4.4
69.52   0.969922   4.4
69.54   0   4.4
69.56   0   4.4
69.58   0   4.4
69.6   0   4.4
69.62   0   4.4
69.64   0   4.4
69.66   0   4.4
69.68   0   4.4
69.7   0   4.4
69.72   0   4.4
69.74   0   4.4
69.76   0   4.4
69.78   0   4.4
69.8   0   4.4
69.82   0   4.4
69.84   0   4.4
69.86   0   4.4
69.88   0   4.4
69.9   0   4.4
69.92   0   4.4
69.94   0   4.4
69.96   0   4.4
69.98   0   4.4
70   0   4.4
