1.54056
5   0.464994   4.4
5.02   0.478946   4.4
5.04   0.493535   4.4
5.06   0.508801   4.4
5.08   0.524785   4.4
5.1   0.541535   4.4
5.12   0.559099   4.4
5.14   0.57753   4.4
5.16   0.596889   4.4
5.18   0.617236   4.4
5.2   0.638641   4.4
5.22   0.661179   4.4
5.24   0.68493   4.4
5.26   0.709983   4.4
5.28   0.736436   4.4
5.3   0.764393   4.4
5.32   0.793973   4.4
5.34   0.825301   4.4
5.36   0.85852   4.4
5.38   0.893783   4.4
5.4   0.931262   4.4
5.42   0.971147   4.4
5.44   1.01365   4.4
5.46   1.059   4.4
5.48   1.10746   4.4
5.5   1.15932   4.4
5.52   1.2149   4.4
5.54   1.27458   4.4
5.56   1.33875   4.4
5.58   1.4079   4.4
5.6   1.48253   4.4
5.62   1.56324   4.4
5.64   1.65073   4.4
5.66   1.74575   4.4
5.68   1.84921   4.4
5.7   1.96212   4.4
5.72   2.08568   4.4
5.74   2.22126   4.4
5.76   2.37047   4.4
5.78   2.5352   4.4
5.8   2.71766   4.4
5.82   2.9205   4.4
5.84   3.14684   4.4
5.86   3.40047   4.4
5.88   3.68592   4.4
5.9   4.00873   4.4
5.92   4.37568   4.4
5.94   4.79516   4.4
5.96   5.27765   4.4
5.98   5.83634   4.4
6   6.48804   4.4
6.02   7.25446   4.4
6.04   8.16393   4.4
6.06   9.25402   4.4
6.08   10.5754   4.4
6.1   12.1973   4.4
6.12   14.2171   4.4
6.14   16.7735   4.4
6.16   20.071   4.48006
6.18   24.422   4.94186
6.2   30.3366   5.50787
6.22   38.7334   6.22362
6.24   51.4186   7.17068
6.26   71.9462   8.48211
6.28   106.537   10.3217
6.3   163.844   12.8002
6.32   250.911   15.8402
6.34   356.671   18.8857
6.36   417.618   20.4357
6.38   368.38   19.1932
6.4   263.394   16.2294
6.42   172.767   13.1441
6.44   112.099   10.5877
6.46   75.2406   8.67413
6.48   53.3963   7.30728
6.5   39.9945   6.32412
6.52   31.1987   5.58558
6.54   25.0434   5.00434
6.56   20.5352   4.53158
6.58   17.1293   4.4
6.6   14.4955   4.4
6.62   12.419   4.4
6.64   10.7546   4.4
6.66   9.40093   4.4
6.68   8.28578   4.4
6.7   7.3566   4.4
6.72   6.57448   4.4
6.74   5.91012   4.4
6.76   5.34112   4.4
6.78   4.85015   4.4
6.8   4.42362   4.4
6.82   4.05077   4.4
6.84   3.723   4.4
6.86   3.43333   4.4
6.88   3.1761   4.4
6.9   2.94666   4.4
6.92   2.74114   4.4
6.94   2.55635   4.4
6.96   2.3896   4.4
6.98   2.23861   4.4
7   2.10147   4.4
7.02   1.97653   4.4
7.04   1.86239   4.4
7.06   1.75784   4.4
7.08   1.66184   4.4
7.1   1.57349   4.4
7.12   1.49199   4.4
7.14   1.41665   4.4
7.16   1.34687   4.4
7.18   1.28212   4.4
7.2   1.22192   4.4
7.22   1.16586   4.4
7.24   1.11357   4.4
7.26   1.06471   4.4
7.28   1.019   4.4
7.3   0.976164   4.4
7.32   0.935973   4.4
7.34   0.898212   4.4
7.36   0.862689   4.4
7.38   0.829231   4.4
7.4   0.79768   4.4
7.42   0.767896   4.4
7.44   0.739747   4.4
7.46   0.713118   4.4
7.48   0.6879   4.4
7.5   0.663996   4.4
7.52   0.641315   4.4
7.54   0.619777   4.4
7.56   0.599305   4.4
7.58   0.57983   4.4
7.6   0.561289   4.4
7.62   0.543623   4.4
7.64   0.526777   4.4
7.66   0.510702   4.4
7.68   0.495352   4.4
7.7   0.480683   4.4
7.72   0.466655   4.4
7.74   0.453233   4.4
7.76   0.440381   4.4
7.78   0.428068   4.4
7.8   0.416265   4.4
7.82   0   4.4
7.84   0   4.4
7.86   0   4.4
7.88   0   4.4
7.9   0   4.4
7.92   0   4.4
7.94   0   4.4
7.96   0   4.4
7.98   0   4.4
8   0   4.4
8.02   0   4.4
8.04   0   4.4
8.06   0   4.4
8.08   0   4.4
8.1   0   4.4
8.12   0   4.4
8.14   0   4.4
8.16   0   4.4
8.18   0   4.4
8.2   0   4.4
8.22   0   4.4
8.24   0   4.4
8.26   0   4.4
8.28   0   4.4
8.3   0   4.4
8.32   0   4.4
8.34   0   4.4
8.36   0   4.4
8.38   0   4.4
8.4   0   4.4
8.42   0   4.4
8.44   0   4.4
8.46   0   4.4
8.48   0   4.4
8.5   0   4.4
8.52   0   4.4
8.54   0   4.4
8.56   0   4.4
8.58   0   4.4
8.6   0   4.4
8.62   0   4.4
8.64   0   4.4
8.66   0   4.4
8.68   0   4.4
8.7   0   4.4
8.72   0   4.4
8.74   0   4.4
8.76   0   4.4
8.78   0   4.4
8.8   0   4.4
8.82   0   4.4
8.84   0   4.4
8.86   0   4.4
8.88   0   4.4
8.9   0   4.4
8.92   0   4.4
8.94   0   4.4
8.96   0   4.4
8.98   0   4.4
9   0   4.4
9.02   0   4.4
9.04   0   4.4
9.06   0   4.4
9.08   0   4.4
9.1   0   4.4
9.12   0   4.4
9.14   0   4.4
9.16   0   4.4
9.18   0   4.4
9.2   0   4.4
9.22   0   4.4
9.24   0   4.4
9.26   0   4.4
9.28   0   4.4
9.3   0   4.4
9.32   0   4.4
9.34   0   4.4
9.36   0   4.4
9.38   0   4.4
9.4   0   4.4
9.42   0   4.4
9.44   0   4.4
9.46   0   4.4
9.48   0   4.4
9.5   0   4.4
9.52   0   4.4
9.54   0   4.4
9.56   0   4.4
9.58   0   4.4
9.6   0   4.4
9.62   0   4.4
9.64   0   4.4
9.66   0   4.4
9.68   0   4.4
9.7   0   4.4
9.72   0   4.4
9.74   0   4.4
9.76   0   4.4
9.78   0   4.4
9.8   0   4.4
9.82   0   4.4
9.84   0   4.4
9.86   0   4.4
9.88   0   4.4
9.9   0   4.4
9.92   0   4.4
9.94   0   4.4
9.96   0   4.4
9.98   0   4.4
10   0   4.4
10.02   0   4.4
10.04   0   4.4
10.06   0   4.4
10.08   0   4.4
10.1   0   4.4
10.12   0   4.4
10.14   0   4.4
10.16   0   4.4
10.18   0   4.4
10.2   0   4.4
10.22   0   4.4
10.24   0   4.4
10.26   0   4.4
10.28   0   4.4
10.3   0   4.4
10.32   0   4.4
10.34   0   4.4
10.36   0   4.4
10.38   0   4.4
10.4   0   4.4
10.42   0   4.4
10.44   0   4.4
10.46   0   4.4
10.48   0   4.4
10.5   0   4.4
10.52   0   4.4
10.54   0   4.4
10.56   0   4.4
10.58   0   4.4
10.6   0   4.4
10.62   0   4.4
10.64   0   4.4
10.66   0   4.4
10.68   0   4.4
10.7   0   4.4
10.72   0   4.4
10.74   0   4.4
10.76   0   4.4
10.78   0   4.4
10.8   0   4.4
10.82   0   4.4
10.84   0   4.4
10.86   0   4.4
10.88   0   4.4
10.9   0   4.4
10.92   0   4.4
10.94   0   4.4
10.96   0   4.4
10.98   0   4.4
11   0   4.4
11.02   0   4.4
11.04   0   4.4
11.06   0   4.4
11.08   0   4.4
11.1   0   4.4
11.12   0   4.4
11.14   0   4.4
11.16   0   4.4
11.18   0   4.4
11.2   0   4.4
11.22   0   4.4
11.24   0   4.4
11.26   0   4.4
11.28   0   4.4
11.3   5.58488   4.4
11.32   5.74287   4.4
11.34   5.90767   4.4
11.36   6.07965   4.4
11.38   6.25925   4.4
11.4   6.44693   4.4
11.42   6.64317   4.4
11.44   6.8485   4.4
11.46   7.0635   4.4
11.48   7.28878   4.4
11.5   7.525   4.4
11.52   7.77289   4.4
11.54   8.03323   4.4
11.56   8.30686   4.4
11.58   8.5947   4.4
11.6   8.89776   4.4
11.62   9.21713   4.4
11.64   9.55399   4.4
11.66   9.90964   4.4
11.68   10.2855   4.4
11.7   10.6832   4.4
11.72   11.1043   4.4
11.74   11.5509   4.4
11.76   12.0249   4.4
11.78   12.5286   4.4
11.8   13.0647   4.4
11.82   13.6359   4.4
11.84   14.2453   4.4
11.86   14.8965   4.4
11.88   15.5933   4.4
11.9   16.3401   4.4
11.92   17.1418   4.4
11.94   18.0039   4.4
11.96   18.9327   4.4
11.98   19.935   4.46487
12   21.0191   4.58466
12.02   22.1938   4.71103
12.04   23.4697   4.84456
12.06   24.8587   4.98585
12.08   26.3744   5.13561
12.1   28.0329   5.29461
12.12   29.8525   5.46374
12.14   31.8547   5.644
12.16   34.0648   5.83651
12.18   36.5125   6.04256
12.2   39.233   6.26363
12.22   42.2683   6.50141
12.24   45.6687   6.75787
12.26   49.495   7.03527
12.28   53.8211   7.33629
12.3   58.7375   7.66404
12.32   64.3563   8.02224
12.34   70.817   8.41528
12.36   78.2957   8.84849
12.38   87.0164   9.32826
12.4   97.2681   9.86246
12.42   109.428   10.4608
12.44   123.996   11.1353
12.46   141.644   11.9014
12.48   163.294   12.7787
12.5   190.235   13.7926
12.52   224.308   14.9769
12.54   268.215   16.3773
12.56   326.084   18.0578
12.58   404.622   20.1152
12.6   515.851   22.7124
12.62   683.347   26.1409
12.64   953.623   30.8808
12.66   1408.73   37.5331
12.68   2164.37   46.5228
12.7   3319.3   57.6134
12.72   4745.31   68.8862
12.74   5622.56   74.9837
12.76   5022.76   70.8715
12.78   3615.37   60.128
12.8   2376.11   48.7454
12.82   1540.73   39.2522
12.84   1031.82   32.122
12.86   730.294   27.0239
12.88   545.784   23.362
12.9   425.082   20.6175
12.92   340.833   18.4617
12.94   279.233   16.7103
12.96   232.752   15.2562
12.98   196.842   14.0301
13   168.556   12.9829
13.02   145.898   12.0788
13.04   127.482   11.2908
13.06   112.319   10.5981
13.08   99.6919   9.98458
13.1   89.0676   9.43756
13.12   80.0465   8.94687
13.14   72.3231   8.5043
13.16   65.661   8.10315
13.18   63.1819   7.9487
13.2   58.2175   7.63004
13.22   53.8694   7.33957
13.24   50.0429   7.0741
13.26   46.6613   6.8309
13.28   43.6613   6.60767
13.3   40.9911   6.40243
13.32   38.6072   6.21347
13.34   36.4734   6.03932
13.36   34.5593   5.87871
13.38   32.839   5.73054
13.4   31.2909   5.59382
13.42   29.8961   5.46774
13.44   28.6389   5.35153
13.46   27.5056   5.24457
13.48   26.4843   5.14629
13.5   25.5651   5.05619
13.52   24.7391   4.97385
13.54   23.999   4.89888
13.56   23.3383   4.83097
13.58   22.7514   4.76984
13.6   22.2336   4.71525
13.62   21.7809   4.66701
13.64   21.3901   4.62494
13.66   21.0583   4.58893
13.68   20.7833   4.55888
13.7   20.5636   4.53471
13.72   20.3977   4.51639
13.74   20.2852   4.50391
13.76   20.2256   4.49728
13.78   20.2191   4.49657
13.8   20.2666   4.50184
13.82   20.369   4.51321
13.84   20.5282   4.5308
13.86   20.7463   4.55481
13.88   21.0262   4.58544
13.9   21.3715   4.62293
13.92   21.7864   4.66759
13.94   22.2761   4.71976
13.96   22.8467   4.77982
13.98   23.5055   4.84825
14   24.2611   4.92556
14.02   25.1237   5.01235
14.04   26.1053   5.10933
14.06   27.2201   5.21729
14.08   28.4851   5.33714
14.1   29.9204   5.46996
14.12   31.5503   5.61696
14.14   33.4037   5.77959
14.16   35.5157   5.95951
14.18   37.9293   6.15868
14.2   35.2317   5.93563
14.22   38.5648   6.21005
14.24   42.3916   6.51089
14.26   46.8142   6.84209
14.28   51.962   7.20847
14.3   58.0753   7.62071
14.32   65.2253   8.07622
14.34   73.7698   8.58893
14.36   84.0924   9.17019
14.38   96.7162   9.83444
14.4   112.369   10.6004
14.42   132.085   11.4928
14.44   157.372   12.5448
14.46   190.508   13.8025
14.48   235.127   15.3339
14.5   297.585   17.2507
14.52   390.141   19.752
14.54   537.202   23.1776
14.56   783.432   27.9898
14.58   1195.99   34.5831
14.6   1843.81   42.9396
14.62   2703.09   51.9912
14.64   3389.67   58.2209
14.66   3237.94   56.9029
14.68   2422.75   49.2214
14.7   1612.66   40.1579
14.72   1043.92   32.3098
14.74   691.78   26.3017
14.76   482.978   21.9768
14.78   356.75   18.8878
14.8   275.551   16.5997
14.82   219.655   14.8208
14.84   179.168   13.3854
14.86   148.819   12.1991
14.88   125.493   11.2024
14.9   107.517   10.3691
14.92   92.9315   9.6401
14.94   81.12   9.00666
14.96   71.4283   8.45152
14.98   63.3827   7.96132
15   56.6342   7.52557
15.02   50.9213   7.13592
15.04   46.0449   6.78564
15.06   41.8516   6.46928
15.08   38.2216   6.18236
15.1   35.0602   5.92116
15.12   32.2921   5.68261
15.14   29.8566   5.46412
15.16   27.7046   5.26351
15.18   25.7958   5.07895
15.2   24.0971   4.90888
15.22   22.5814   4.75198
15.24   21.2258   4.60715
15.26   20.0116   4.47344
15.28   18.9232   4.4
15.3   17.9474   4.4
15.32   17.0737   4.4
15.34   16.2933   4.4
15.36   15.5994   4.4
15.38   14.9871   4.4
15.4   14.4529   4.4
15.42   13.9953   4.4
15.44   13.6151   4.4
15.46   13.3153   4.4
15.48   13.1023   4.4
15.5   12.9868   4.4
15.52   12.9857   4.4
15.54   13.1251   4.4
15.56   13.4453   4.4
15.58   14.0107   4.4
15.6   14.9312   4.4
15.62   16.4134   4.4
15.64   18.8706   4.4
15.66   23.0955   4.80577
15.68   30.3885   5.51258
15.7   44.321   6.6574
15.72   61.713   7.85576
15.74   79.8628   8.9366
15.76   84.4214   9.18811
15.78   71.8703   8.47764
15.8   52.9851   7.27909
15.82   38.5529   6.2091
15.84   29.371   5.4195
15.86   23.9693   4.89585
15.88   20.8565   4.56689
15.9   19.027   4.4
15.92   17.9294   4.4
15.94   17.2904   4.4
15.96   16.9742   4.4
15.98   16.9094   4.4
16   17.0591   4.4
16.02   17.4074   4.4
16.04   17.9551   4.4
16.06   18.7175   4.4
16.08   19.7257   4.44136
16.1   21.0298   4.58582
16.12   19.4273   4.40764
16.14   21.6762   4.65577
16.16   25.5196   5.0517
16.18   29.3699   5.4194
16.2   34.5909   5.8814
16.22   42.0102   6.48153
16.24   53.272   7.29876
16.26   71.5596   8.45929
16.28   102.218   10.1103
16.3   152.15   12.3349
16.32   225.385   15.0128
16.34   306.359   17.5031
16.36   336.707   18.3496
16.38   282.8   16.8167
16.4   201.223   14.1853
16.42   136.603   11.6877
16.44   94.9173   9.74255
16.46   70.2268   8.38014
16.48   55.9352   7.47899
16.5   47.4449   6.88802
16.52   42.1787   6.49451
16.54   38.8398   6.23216
16.56   36.7712   6.06392
16.58   35.6107   5.96747
16.6   35.1423   5.92809
16.62   35.232   5.93566
16.64   35.7979   5.98314
16.66   36.7933   6.06575
16.68   38.1973   6.1804
16.7   40.0095   6.32531
16.72   42.2472   6.49978
16.74   44.9449   6.70409
16.76   48.155   6.93938
16.78   51.9505   7.20767
16.8   56.429   7.51192
16.82   61.7193   7.85616
16.84   67.9909   8.24566
16.86   75.4676   8.68721
16.88   84.4482   9.18957
16.9   95.3654   9.76552
16.92   108.716   10.4267
16.94   125.306   11.194
16.96   146.247   12.0933
16.98   173.186   13.16
17   208.679   14.4457
17.02   257.022   16.0319
17.04   326.169   18.0601
17.06   431.533   20.7734
17.08   601.336   24.5221
17.1   879.648   29.6589
17.12   1318.15   36.3064
17.14   1929.2   43.9227
17.16   2535.83   50.3571
17.18   2772.69   52.6564
17.2   2714.26   52.0986
17.22   2656.93   51.5454
17.24   2421.53   49.209
17.26   1870.11   43.2448
17.28   1294.23   35.9755
17.3   873.822   29.5605
17.32   605.318   24.6032
17.34   441.788   21.0188
17.36   341.779   18.4873
17.38   278.239   16.6805
17.4   236.294   15.3719
17.42   208.463   14.4383
17.44   191.094   13.8237
17.46   182.616   13.5136
17.48   183.034   13.529
17.5   194.326   13.9401
17.52   221.858   14.8949
17.54   276.586   16.6309
17.56   376.239   19.3969
17.58   541.214   23.264
17.6   773.861   27.8183
17.62   991.018   31.4804
17.64   997.221   31.5788
17.66   780.535   27.9381
17.68   536.118   23.1542
17.7   356.847   18.8904
17.72   244.951   15.6509
17.74   176.75   13.2947
17.76   135.894   11.6574
17.78   109.092   10.4447
17.8   90.5108   9.51371
17.82   76.5882   8.75147
17.84   66.2512   8.13948
17.86   58.1838   7.62783
17.88   51.7551   7.1941
17.9   46.5847   6.8253
17.92   42.2975   6.50366
17.94   38.727   6.22311
17.96   35.7227   5.97685
17.98   33.1736   5.75965
18   30.9963   5.56743
18.02   29.1277   5.39701
18.04   27.5194   5.24589
18.06   26.1345   5.11219
18.08   25.2615   5.02609
18.1   24.2551   4.92495
18.12   23.4091   4.83829
18.14   22.7154   4.76606
18.16   22.1726   4.70878
18.18   21.7878   4.66775
18.2   21.5806   4.64549
18.22   21.592   4.64672
18.24   21.9079   4.68059
18.26   22.7071   4.7652
18.28   24.3321   4.93275
18.3   27.3314   5.22795
18.32   32.3463   5.68738
18.34   39.5105   6.28574
18.36   46.4415   6.8148
18.38   47.1308   6.86518
18.4   40.7644   6.3847
18.42   33.3437   5.7744
18.44   27.9376   5.2856
18.46   24.636   4.96346
18.48   22.818   4.77682
18.5   21.9061   4.6804
18.52   21.5258   4.63959
18.54   21.4776   4.6344
18.56   21.6659   4.65466
18.58   22.0455   4.69527
18.6   22.5959   4.75352
18.62   23.3101   4.82806
18.64   24.1901   4.91835
18.66   23.343   4.83146
18.68   24.6386   4.96373
18.7   24.4287   4.94254
18.72   26.2218   5.12072
18.74   28.2915   5.31898
18.76   30.6867   5.53956
18.78   33.4692   5.78526
18.8   36.7182   6.05955
18.82   40.5356   6.36676
18.84   45.0542   6.71225
18.86   50.4492   7.10276
18.88   56.9547   7.54683
18.9   64.8893   8.05539
18.92   74.6947   8.64261
18.94   86.9967   9.3272
18.96   102.705   10.1343
18.98   123.189   11.099
19   150.636   12.2734
19.02   188.87   13.743
19.04   245.213   15.6593
19.06   333.969   18.2748
19.08   480.668   21.9241
19.1   722.891   26.8866
19.12   1097.1   33.1225
19.14   1585.14   39.8138
19.16   1970.26   44.3876
19.18   1971.99   44.4071
19.2   1718.06   41.4495
19.22   1372.57   37.0483
19.24   987.981   31.4322
19.26   673.814   25.9579
19.28   465.745   21.5811
19.3   340.772   18.46
19.32   270.048   16.4331
19.34   230.74   15.1901
19.36   202.935   14.2455
19.38   175.493   13.2474
19.4   152.983   12.3686
19.42   141.236   11.8843
19.44   143.319   11.9716
19.46   163.266   12.7776
19.48   206.519   14.3708
19.5   274.728   16.5749
19.52   346.312   18.6095
19.54   358.591   18.9365
19.56   291.573   17.0755
19.58   206.942   14.3855
19.6   142.252   11.927
19.62   100.257   10.0129
19.64   74.4777   8.63005
19.66   58.4821   7.64736
19.68   47.9507   6.92464
19.7   40.5002   6.36398
19.72   34.9217   5.90946
19.74   30.5809   5.53
19.76   27.1104   5.20677
19.78   24.2764   4.92711
19.8   21.9213   4.68202
19.82   19.9351   4.46488
19.84   18.2388   4.4
19.86   16.7457   4.4
19.88   15.4698   4.4
19.9   14.3486   4.4
19.92   13.4738   4.4
19.94   12.593   4.4
19.96   11.8043   4.4
19.98   11.0946   4.4
20   10.453   4.4
20.02   9.87066   4.4
20.04   9.34013   4.4
20.06   8.85519   4.4
20.08   8.41057   4.4
20.1   8.00179   4.4
20.12   7.62501   4.4
20.14   7.27691   4.4
20.16   6.95463   4.4
20.18   6.65568   4.4
20.2   6.37788   4.4
20.22   6.11931   4.4
20.24   5.87829   4.4
20.26   5.81503   4.4
20.28   5.6094   4.4
20.3   5.41755   4.4
20.32   5.41714   4.4
20.34   5.25496   4.4
20.36   5.10403   4.4
20.38   4.96364   4.4
20.4   4.83316   4.4
20.42   4.71204   4.4
20.44   4.59979   4.4
20.46   4.49599   4.4
20.48   4.40026   4.4
20.5   4.3123   4.4
20.52   4.23183   4.4
20.54   4.15864   4.4
20.56   4.09257   4.4
20.58   4.03348   4.4
20.6   3.98131   4.4
20.62   3.93603   4.4
20.64   2.33576   4.4
20.66   2.3458   4.4
20.68   2.36133   4.4
20.7   1.7624   4.4
20.72   1.80617   4.4
20.74   1.85585   4.4
20.76   1.91198   4.4
20.78   1.9752   4.4
20.8   2.04625   4.4
20.82   2.08448   4.4
20.84   2.17516   4.4
20.86   2.27684   4.4
20.88   2.39105   4.4
20.9   2.51963   4.4
20.92   2.6648   4.4
20.94   2.82931   4.4
20.96   3.01654   4.4
20.98   3.2307   4.4
21   3.47713   4.4
21.02   3.45949   4.4
21.04   3.80084   4.4
21.06   4.20131   4.4
21.08   4.67636   4.4
21.1   5.24701   4.4
21.12   5.94247   4.4
21.14   6.80423   4.4
21.16   7.89297   4.4
21.18   9.30111   4.4
21.2   11.1792   4.4
21.22   13.7981   4.4
21.24   17.6897   4.4
21.26   23.8949   4.88825
21.28   34.2191   5.84971
21.3   51.1375   7.15105
21.32   76.5663   8.75022
21.34   106.918   10.3401
21.36   123.481   11.1122
21.38   108.833   10.4323
21.4   79.6678   8.92568
21.42   55.2011   7.42974
21.44   39.3865   6.27587
21.46   30.4312   5.51645
21.48   25.93   5.09215
21.5   24.1641   4.9157
21.52   24.2342   4.92283
21.54   25.8463   5.08392
21.56   29.142   5.39833
21.58   34.7401   5.89408
21.6   44.0285   6.63539
21.62   59.6213   7.72148
21.64   85.6215   9.25319
21.66   126.828   11.2618
21.68   183.951   13.5629
21.7   240.101   15.4952
21.72   267.617   16.359
21.74   274.889   16.5798
21.76   256.127   16.004
21.78   202.113   14.2167
21.8   140.881   11.8693
21.82   94.8353   9.73834
21.84   65.1775   8.07326
21.86   49.365   7.02602
21.88   38.327   6.19088
21.9   31.2564   5.59074
21.92   26.4441   5.14239
21.94   23.0032   4.79617
21.96   20.4623   4.52353
21.98   18.5479   4.4
22   18.6227   4.4
22.02   18.7868   4.4
22.04   18.0016   4.4
22.06   17.4214   4.4
22.08   17.0055   4.4
22.1   16.7407   4.4
22.12   16.5727   4.4
22.14   16.5009   4.4
22.16   16.5132   4.4
22.18   17.5425   4.4
22.2   17.7238   4.4
22.22   17.9693   4.4
22.24   18.2753   4.4
22.26   18.6398   4.4
22.28   19.0615   4.4
22.3   19.5402   4.42043
22.32   20.0764   4.48067
22.34   20.6715   4.54659
22.36   21.3274   4.61816
22.38   22.0468   4.6954
22.4   22.8332   4.77841
22.42   23.6908   4.86732
22.44   24.6245   4.96231
22.46   25.6404   5.06363
22.48   26.7451   5.17157
22.5   27.9468   5.28648
22.52   29.2547   5.40876
22.54   30.6793   5.53889
22.56   32.2332   5.67743
22.58   33.9305   5.82499
22.6   35.788   5.9823
22.62   37.825   6.1502
22.64   40.0642   6.32963
22.66   42.5323   6.52168
22.68   45.2608   6.72762
22.7   48.2872   6.9489
22.72   51.6561   7.18722
22.74   55.4214   7.44456
22.76   59.6484   7.72324
22.78   64.4168   8.02601
22.8   69.8252   8.35614
22.82   75.8813   8.71099
22.84   82.9721   9.1089
22.86   91.1764   9.54864
22.88   100.749   10.0374
22.9   112.022   10.5841
22.92   125.441   11.2001
22.94   141.61   11.9
22.96   161.366   12.703
22.98   185.898   13.6344
23   216.95   14.7292
23.02   257.203   16.0375
23.04   311.106   17.6382
23.06   386.851   19.6685
23.08   500.506   22.372
23.1   682.297   26.1208
23.12   980.836   31.3183
23.14   1454.66   38.14
23.16   2124.23   46.0894
23.18   2805.34   52.9654
23.2   2985.64   54.641
23.22   2558.92   50.5858
23.24   2075.45   45.5571
23.26   1874.28   43.2929
23.28   2023.35   44.9816
23.3   2468.59   49.6849
23.32   2931.47   54.143
23.34   2920.2   54.0388
23.36   2493.25   49.9325
23.38   2155.59   46.4283
23.4   2136.21   46.2191
23.42   2401.01   49.0001
23.44   2681.08   51.7792
23.46   2706.69   52.0259
23.48   2552.87   50.526
23.5   2199.13   46.8949
23.52   1693.24   41.149
23.54   1272.06   35.6659
23.56   1030.02   32.094
23.58   963.059   31.0332
23.6   1044.31   32.3157
23.62   1197.48   34.6047
23.64   1230.1   35.0727
23.66   1026.86   32.0446
23.68   748.503   27.3588
23.7   526.911   22.9545
23.72   378.914   19.4657
23.74   285.607   16.8999
23.76   226.3   15.0433
23.78   186.492   13.6562
23.8   157.913   12.5664
23.82   136.266   11.6733
23.84   119.265   10.9209
23.86   105.574   10.2749
23.88   94.3321   9.71247
23.9   84.9545   9.21707
23.92   77.0263   8.77646
23.94   70.2461   8.38129
23.96   64.3898   8.02432
23.98   59.2875   7.69984
24   54.8082   7.40326
24.02   50.8492   7.13086
24.04   47.3288   6.8796
24.06   44.1816   6.64692
24.08   41.3541   6.43071
24.1   38.8026   6.22917
24.12   36.4908   6.04076
24.14   34.3885   5.86417
24.16   32.47   5.69825
24.18   30.7138   5.54201
24.2   32.1636   5.6713
24.22   30.7658   5.54669
24.24   29.4861   5.43011
24.26   28.3129   5.32099
24.28   27.2362   5.21883
24.3   26.2472   5.12321
24.32   25.3383   5.03372
24.34   24.5028   4.95003
24.36   23.7349   4.87185
24.38   23.0294   4.79889
24.4   22.3818   4.73094
24.42   21.7882   4.66778
24.44   21.245   4.60923
24.46   20.7494   4.55515
24.48   20.2985   4.50539
24.5   19.8902   4.45984
24.52   19.5224   4.41841
24.54   19.1935   4.4
24.56   18.902   4.4
24.58   18.6469   4.4
24.6   18.4271   4.4
24.62   18.2421   4.4
24.64   18.0913   4.4
24.66   17.9746   4.4
24.68   15.3947   4.4
24.7   15.4122   4.4
24.72   15.4619   4.4
24.74   15.5447   4.4
24.76   16.341   4.4
24.78   16.5129   4.4
24.8   16.723   4.4
24.82   14.7487   4.4
24.84   15.1002   4.4
24.86   15.495   4.4
24.88   15.9366   4.4
24.9   14.9339   4.4
24.92   15.522   4.4
24.94   16.1694   4.4
24.96   16.8825   4.4
24.98   16.4579   4.4
25   17.3411   4.4
25.02   18.3308   4.4
25.04   19.4222   4.40706
25.06   20.6287   4.54188
25.08   21.9665   4.68684
25.1   23.8853   4.88726
25.12   25.6097   5.06061
25.14   27.5346   5.24734
25.16   29.6926   5.4491
25.18   32.1236   5.66777
25.2   34.8762   5.9056
25.22   38.0102   6.16524
25.24   41.6003   6.44983
25.26   45.7403   6.76316
25.28   50.5494   7.10981
25.3   56.4773   7.51514
25.32   63.1386   7.94598
25.34   71.0855   8.43122
25.36   80.6716   8.98174
25.38   92.38   9.61145
25.4   106.883   10.3384
25.42   125.138   11.1865
25.44   148.543   12.1878
25.46   179.217   13.3872
25.48   220.559   14.8512
25.5   278.56   16.6901
25.52   364.843   19.1009
25.54   502.936   22.4262
25.56   733.743   27.0877
25.58   1119.28   33.4556
25.6   1719.57   41.4677
25.62   2499.04   49.9904
25.64   3077.71   55.4771
25.66   2876.97   53.6374
25.68   2127.06   46.1201
25.7   1413.36   37.5946
25.72   919.608   30.325
25.74   615.982   24.819
25.76   436.475   20.892
25.78   328.012   18.1111
25.8   258.339   16.0729
25.82   210.653   14.5139
25.84   176.537   13.2867
25.86   151.719   12.3174
25.88   133.11   11.5373
25.9   119.262   10.9207
25.92   109.102   10.4452
25.94   101.946   10.0968
25.96   97.3943   9.86886
25.98   95.2813   9.76121
26   95.6653   9.78087
26.02   98.877   9.94369
26.04   105.665   10.2793
26.06   117.577   10.8433
26.08   137.835   11.7403
26.1   172.81   13.1457
26.12   233.387   15.277
26.14   333.947   18.2742
26.16   483.857   21.9967
26.18   654.659   25.5863
26.2   728.465   26.9901
26.22   624.357   24.9871
26.24   454.637   21.3222
26.26   318.611   17.8497
26.28   232.025   15.2324
26.3   183.271   13.5378
26.32   158.841   12.6032
26.34   149.524   12.228
26.36   150.799   12.28
26.38   161.643   12.7139
26.4   183.949   13.5628
26.42   223.535   14.9511
26.44   292.796   17.1113
26.46   413.328   20.3305
26.48   613.878   24.7766
26.5   916.399   30.2721
26.52   1258.58   35.4765
26.54   1407.33   37.5144
26.56   1197.43   34.6039
26.58   852.983   29.2059
26.6   575.437   23.9883
26.62   396.456   19.9112
26.64   293.681   17.1371
26.66   241.128   15.5283
26.68   222.784   14.9259
26.7   233.33   15.2752
26.72   273.286   16.5314
26.74   337.924   18.3827
26.76   391.922   19.797
26.78   374.467   19.3511
26.8   299.481   17.3055
26.82   227.251   15.0748
26.84   180.284   13.427
26.86   157.739   12.5594
26.88   156.588   12.5135
26.9   177.358   13.3176
26.92   225.629   15.021
26.94   307.842   17.5454
26.96   415.681   20.3883
26.98   489.076   22.1151
27   448.485   21.1775
27.02   336.674   18.3487
27.04   234.761   15.3219
27.06   165.286   12.8563
27.08   123   11.0906
27.1   98.4544   9.92242
27.12   81.3798   9.02107
27.14   73.4635   8.57109
27.16   69.6812   8.34753
27.18   69.4447   8.33335
27.2   73.2753   8.5601
27.22   83.0352   9.11236
27.24   102.256   10.1122
27.26   137.355   11.7199
27.28   187.853   13.7059
27.3   244.571   15.6388
27.32   266.28   16.3181
27.34   228.358   15.1115
27.36   170.157   13.0444
27.38   124.05   11.1378
27.4   94.5178   9.72202
27.42   77.3772   8.79643
27.44   67.9347   8.24225
27.46   62.9168   7.93201
27.48   60.8614   7.80137
27.5   60.1635   7.75651
27.52   60.7513   7.79431
27.54   62.4296   7.90124
27.56   65.1273   8.07015
27.58   68.8578   8.29806
27.6   73.7056   8.5852
27.62   80.1143   8.95066
27.64   87.7557   9.3678
27.66   96.5967   9.82836
27.68   108.456   10.4142
27.7   123.352   11.1064
27.72   142.28   11.9281
27.74   166.707   12.9115
27.76   198.864   14.1019
27.78   244.342   15.6314
27.8   305.637   17.4825
27.82   397.162   19.9289
27.84   543.538   23.3139
27.86   788.5   28.0802
27.88   1194.66   34.5638
27.9   1818.38   42.6425
27.92   2603.33   51.0229
27.94   3129.98   55.9463
27.96   2877.01   53.6378
27.98   2176.29   46.6507
28   1580.01   39.7493
28.02   1227.55   35.0364
28.04   1022.26   31.9729
28.06   821.302   28.6584
28.08   614.375   24.7866
28.1   454.005   21.3074
28.12   343.204   18.5258
28.14   271.911   16.4897
28.16   227.175   15.0723
28.18   200.138   14.147
28.2   186.582   13.6595
28.22   186.168   13.6444
28.24   200.797   14.1703
28.26   232.938   15.2623
28.28   274.904   16.5802
28.3   297.408   17.2455
28.32   279.973   16.7324
28.34   239.683   15.4817
28.36   195.34   13.9764
28.38   159.075   12.6125
28.4   135.915   11.6582
28.42   123.251   11.1019
28.44   117.77   10.8522
28.46   116.814   10.808
28.48   120.138   10.9608
28.5   127.054   11.2718
28.52   137.923   11.7441
28.54   153.696   12.3974
28.56   176.12   13.271
28.58   208.408   14.4363
28.6   256.849   16.0265
28.62   333.998   18.2756
28.64   462.871   21.5144
28.66   677.852   26.0356
28.68   1014.55   31.852
28.7   1461.47   38.2291
28.72   1824.28   42.7115
28.74   1770.8   42.0809
28.76   1399.18   37.4056
28.78   1047.76   32.3691
28.8   816.73   28.5785
28.82   653.584   25.5653
28.84   526.242   22.94
28.86   451.366   21.2454
28.88   436.096   20.8829
28.9   475.342   21.8023
28.92   543.745   23.3183
28.94   570.367   23.8824
28.96   511.926   22.6258
28.98   432.76   20.8029
29   389.835   19.7442
29.02   396.974   19.9242
29.04   449.862   21.2099
29.06   520.744   22.8198
29.08   549.546   23.4424
29.1   527.684   22.9714
29.12   522.365   22.8553
29.14   585.551   24.1982
29.16   753.601   27.4518
29.18   1063.56   32.6123
29.2   1526.27   39.0675
29.22   2006.19   44.7906
29.24   2110.95   45.9451
29.26   1717.84   41.4469
29.28   1214.56   34.8506
29.3   836.522   28.9227
29.32   601.812   24.5318
29.34   471.307   21.7096
29.36   406.829   20.17
29.38   384.555   19.6101
29.4   395.169   19.8788
29.42   439.03   20.953
29.44   539.044   23.2173
29.46   726.267   26.9493
29.48   1048.85   32.3859
29.5   1543.74   39.2905
29.52   2135.97   46.2166
29.54   2448.24   49.4797
29.56   2135.63   46.2129
29.58   1536.84   39.2025
29.6   1033.03   32.1407
29.62   700.849   26.4736
29.64   503.439   22.4374
29.66   392.225   19.8047
29.68   332.071   18.2228
29.7   305.071   17.4663
29.72   306.489   17.5068
29.74   342.143   18.4971
29.76   426.524   20.6525
29.78   578.01   24.0418
29.8   796.545   28.2231
29.82   997.686   31.5862
29.84   991.875   31.494
29.86   775.841   27.8539
29.88   538.225   23.1997
29.9   365.021   19.1055
29.92   255.526   15.9852
29.94   189.909   13.7808
29.96   150.535   12.2693
29.98   126.403   11.2429
30   112.209   10.5929
30.02   106.11   10.301
30.04   107.671   10.3765
30.06   115.085   10.7277
30.08   119.694   10.9405
30.1   109.468   10.4627
30.12   89.2258   9.44594
30.14   70.6734   8.40675
30.16   57.2253   7.56474
30.18   48.1062   6.93587
30.2   40.2159   6.3416
30.22   36.1059   6.00882
30.24   32.7197   5.72011
30.26   29.9967   5.47692
30.28   27.734   5.26631
30.3   25.6206   5.06168
30.32   23.9709   4.89601
30.34   22.7439   4.76905
30.36   21.8025   4.66932
30.38   20.7   4.54972
30.4   19.3637   4.40043
30.42   18.502   4.4
30.44   17.7337   4.4
30.46   17.0481   4.4
30.48   16.4367   4.4
30.5   15.8929   4.4
30.52   15.4112   4.4
30.54   14.9876   4.4
30.56   14.3449   4.4
30.58   14.0365   4.4
30.6   13.7797   4.4
30.62   13.5744   4.4
30.64   13.4215   4.4
30.66   13.3231   4.4
30.68   13.2826   4.4
30.7   14.4282   4.4
30.72   12.6539   4.4
30.74   12.9095   4.4
30.76   13.2833   4.4
30.78   13.7449   4.4
30.8   14.3445   4.4
30.82   15.118   4.4
30.84   16.1166   4.4
30.86   17.4149   4.4
30.88   19.1262   4.4
30.9   21.4336   4.62964
30.92   24.6603   4.96591
30.94   29.4103   5.42313
30.96   36.7911   6.06556
30.98   48.6368   6.97401
31   65.1859   8.07378
31.02   93.092   9.64842
31.04   126.702   11.2562
31.06   155.982   12.4893
31.08   179.166   13.3853
31.1   187.706   13.7006
31.12   161.936   12.7254
31.14   118.619   10.8912
31.16   82.3397   9.07412
31.18   58.3813   7.64077
31.2   44.0442   6.63658
31.22   35.8308   5.98588
31.24   31.2016   5.58584
31.26   28.7271   5.35977
31.28   27.7687   5.2696
31.3   28.1412   5.30483
31.32   28.9688   5.38226
31.34   31.8981   5.64784
31.36   34.9245   5.90969
31.38   36.2242   6.01865
31.4   36.4418   6.0367
31.42   37.7951   6.14777
31.44   41.5892   6.44897
31.46   48.8328   6.98805
31.48   60.7815   7.79625
31.5   85.5357   9.24855
31.52   107.079   10.3479
31.54   122.7   11.077
31.56   125.736   11.2132
31.58   128.48   11.3349
31.6   144.777   12.0323
31.62   190.824   13.8139
31.64   258.573   16.0802
31.66   353.194   18.7935
31.68   439.714   20.9694
31.7   463.878   21.5378
31.72   432.482   20.7962
31.74   428.343   20.6965
31.76   475.644   21.8093
31.78   541.908   23.2789
31.8   574.957   23.9783
31.82   541.857   23.2778
31.84   438.152   20.9321
31.86   324.618   18.0172
31.88   241.781   15.5493
31.9   190.954   13.8186
31.92   162.933   12.7645
31.94   149.405   12.2231
31.96   145.169   12.0486
31.98   147.794   12.157
32   156.787   12.5214
32.02   173.234   13.1618
32.04   200.341   14.1542
32.06   245.194   15.6587
32.08   328.344   18.1203
32.1   457.94   21.3995
32.12   665.502   25.7973
32.14   953.919   30.8856
32.16   1222.84   34.9692
32.18   1239.2   35.2022
32.2   991.385   31.4863
32.22   707.535   26.5995
32.24   495.699   22.2643
32.26   361.008   19.0002
32.28   281.752   16.7855
32.3   236.013   15.3627
32.32   209.107   14.4605
32.34   192.959   13.891
32.36   183.474   13.5453
32.38   178.535   13.3617
32.4   184.038   13.5661
32.42   185.338   13.6139
32.44   188.904   13.7442
32.46   194.506   13.9465
32.48   202.042   14.2141
32.5   211.511   14.5434
32.52   222.999   14.9331
32.54   236.613   15.3822
32.56   252.729   15.8975
32.58   271.501   16.4773
32.6   294.926   17.1734
32.62   321.047   17.9178
32.64   351.904   18.7591
32.66   388.614   19.7133
32.68   432.684   20.8011
32.7   486.183   22.0496
32.72   552.015   23.495
32.74   639.958   25.2974
32.76   745.202   27.2984
32.78   883.093   29.7169
32.8   1070.89   32.7245
32.82   1341.55   36.6272
32.84   1758.7   41.9368
32.86   2433.01   49.3256
32.88   3519.49   59.3253
32.9   5151.47   71.7738
32.92   7166.43   84.6548
32.94   8525.91   92.3359
32.96   8164.56   90.3579
32.98   7118.48   84.3711
33   6770.67   82.2841
33.02   7529.79   86.7743
33.04   9054.65   95.1559
33.06   10000   100
33.08   9335.2   96.6188
33.1   8278   90.9835
33.12   8102.63   90.0146
33.14   8977.13   94.7477
33.16   9873.33   99.3647
33.18   9061.79   95.1934
33.2   6859.4   82.8215
33.22   4774.6   69.0985
33.24   3320.69   57.6255
33.26   2418.4   49.1772
33.28   1884.19   43.4072
33.3   1570.78   39.6331
33.32   1388.31   37.26
33.34   1292.44   35.9505
33.36   1266.07   35.5818
33.38   1310.12   36.1956
33.4   1445.28   38.0168
33.42   1723.46   41.5145
33.44   2242.05   47.3503
33.46   3141.15   56.0459
33.48   4540.76   67.3852
33.5   6281.92   79.2586
33.52   7354.16   85.7564
33.54   6613.9   81.3259
33.56   4886.09   69.9006
33.58   3373.32   58.0803
33.6   2367.33   48.6552
33.62   1775.12   42.1321
33.64   1452.91   38.1171
33.66   1293.87   35.9704
33.68   1243.55   35.264
33.7   1283.32   35.8234
33.72   1428.28   37.7926
33.74   1732.04   41.6177
33.76   2297.95   47.937
33.78   3271.28   57.1951
33.8   4763   69.0145
33.82   6547.57   80.917
33.84   7487.17   86.5284
33.86   6553.44   80.9533
33.88   4769.34   69.0604
33.9   3278.16   57.2552
33.92   2310.97   48.0726
33.94   1763.24   41.991
33.96   1501.32   38.7469
33.98   1440.69   37.9564
34   1549.24   39.3604
34.02   1811.94   42.5669
34.04   2142.85   46.291
34.06   2312.04   48.0836
34.08   2278.75   47.7363
34.1   2360.45   48.5845
34.12   2817.85   53.0834
34.14   3765.5   61.3637
34.16   5080.76   71.2794
34.18   5974.37   77.2941
34.2   5430.03   73.6887
34.22   3995.91   63.2132
34.24   2693.24   51.8964
34.26   1801.06   42.4389
34.28   1250.17   35.3577
34.3   919.255   30.3192
34.32   713.914   26.7192
34.34   577.66   24.0346
34.36   481.212   21.9366
34.38   409.795   20.2434
34.4   348.399   18.6655
34.42   305.984   17.4924
34.44   271.459   16.476
34.46   242.279   15.5653
34.48   217.677   14.7539
34.5   197.114   14.0397
34.52   172.548   13.1357
34.54   158.133   12.5751
34.56   145.635   12.0679
34.58   135.058   11.6214
34.6   125.923   11.2215
34.62   118.044   10.8648
34.64   103.56   10.1765
34.66   98.1956   9.90937
34.68   94.0348   9.69715
34.7   91.1207   9.54572
34.72   89.1881   9.44394
34.74   86.9091   9.3225
34.76   83.6284   9.14486
34.78   80.8814   8.99341
34.8   80.3136   8.96179
34.82   82.8498   9.10219
34.84   88.7539   9.42093
34.86   95.9236   9.79406
34.88   97.7168   9.88518
34.9   91.3468   9.55755
34.92   83.5111   9.13844
34.94   78.9102   8.88314
34.96   78.6045   8.86592
34.98   76.8004   8.76358
35   89.4056   9.45545
35.02   114.71   10.7103
35.04   154.85   12.4439
35.06   210.954   14.5243
35.08   261.361   16.1667
35.1   259.263   16.1016
35.12   205.918   14.3498
35.14   148.078   12.1687
35.16   106.226   10.3066
35.18   79.9469   8.9413
35.2   64.3088   8.01928
35.22   54.9562   7.41324
35.24   49.1211   7.00865
35.26   45.3393   6.73345
35.28   43.585   6.60189
35.3   35.2683   5.93871
35.32   34.8456   5.90302
35.34   35.2852   5.94014
35.36   36.413   6.03432
35.38   38.4506   6.20085
35.4   41.6468   6.45343
35.42   46.458   6.81601
35.44   53.7009   7.32809
35.46   64.8158   8.05082
35.48   82.2954   9.07168
35.5   110.069   10.4914
35.52   152.712   12.3577
35.54   213.571   14.6141
35.56   301.563   17.3656
35.58   403.116   20.0778
35.6   447.333   21.1503
35.62   380.816   19.5145
35.64   271.71   16.4836
35.66   177.901   13.338
35.68   122.254   11.0569
35.7   87.5128   9.35483
35.72   66.2684   8.14054
35.74   52.7518   7.26304
35.76   43.8188   6.61958
35.78   37.7061   6.14053
35.8   33.4589   5.78437
35.82   30.4282   5.51618
35.84   28.2874   5.31859
35.86   27.0999   5.20576
35.88   26.1491   5.11362
35.9   25.622   5.06182
35.92   25.4717   5.04695
35.94   25.6667   5.06623
35.96   26.2042   5.119
35.98   27.2713   5.22219
36   28.6025   5.34813
36.02   30.4811   5.52096
36.04   33.1299   5.75586
36.06   37.0208   6.08447
36.08   42.9822   6.55608
36.1   52.2114   7.22575
36.12   65.831   8.11363
36.14   82.9832   9.10951
36.16   96.1755   9.80691
36.18   95.2206   9.7581
36.2   85.7633   9.26085
36.22   78.5403   8.8623
36.24   76.8213   8.76478
36.26   80.4232   8.9679
36.28   88.8439   9.4257
36.3   102.253   10.112
36.32   121.987   11.0448
36.34   151.267   12.2991
36.36   196.929   14.0332
36.38   271.639   16.4815
36.4   395.655   19.8911
36.42   592.839   24.3483
36.44   867.249   29.4491
36.46   1142.1   33.795
36.48   1255.7   35.4358
36.5   1113.28   33.3658
36.52   825.023   28.7232
36.54   567.995   23.8326
36.56   396.422   19.9103
36.58   296.25   17.2119
36.6   244.447   15.6348
36.62   224.157   14.9719
36.64   228.713   15.1233
36.66   260.992   16.1553
36.68   332.044   18.2221
36.7   456.831   21.3736
36.72   638.414   25.2669
36.74   817.554   28.5929
36.76   849.35   29.1436
36.78   710.781   26.6605
36.8   525.967   22.934
36.82   372.976   19.3126
36.84   271.375   16.4735
36.86   211.7   14.5499
36.88   179.45   13.3959
36.9   164.094   12.8099
36.92   159.871   12.644
36.94   164.418   12.8226
36.96   177.595   13.3265
36.98   201.157   14.183
37   239.579   15.4783
37.02   302.505   17.3927
37.04   409.022   20.2243
37.06   590.527   24.3008
37.08   888.418   29.8063
37.1   1324.59   36.3949
37.12   1800.38   42.4309
37.14   1964.28   44.3202
37.16   1636.4   40.4524
37.18   1162.9   34.1013
37.2   801.397   28.309
37.22   585.293   24.1928
37.24   478.694   21.8791
37.26   444.309   21.0786
37.28   456.821   21.3734
37.3   468.674   21.6489
37.32   420.878   20.5153
37.34   336.786   18.3517
37.36   270.699   16.4529
37.38   240.167   15.4973
37.4   242.202   15.5629
37.42   259.042   16.0948
37.44   252.446   15.8886
37.46   209.718   14.4816
37.48   161.223   12.6974
37.5   122.968   11.0891
37.52   98.3323   9.91626
37.54   85.5868   9.25131
37.56   81.2994   9.01662
37.58   82.4569   9.08058
37.6   82.1559   9.06399
37.62   73.4176   8.56841
37.64   60.1909   7.75828
37.66   48.8323   6.98801
37.68   40.6976   6.37947
37.7   35.1608   5.92965
37.72   31.3509   5.59918
37.74   28.9384   5.37944
37.76   26.8916   5.18571
37.78   25.3146   5.03136
37.8   24.1123   4.91043
37.82   23.2432   4.82112
37.84   22.8266   4.77771
37.86   22.6891   4.76331
37.88   23.0946   4.80569
37.9   24.3598   4.93557
37.92   26.5627   5.1539
37.94   31.4225   5.60558
37.96   38.9851   6.24381
37.98   47.6829   6.90528
38   53.6035   7.32144
38.02   49.5367   7.03823
38.04   39.4143   6.27808
38.06   30.3854   5.51229
38.08   24.2498   4.92441
38.1   20.4904   4.52663
38.12   18.2634   4.4
38.14   16.9214   4.4
38.16   16.0807   4.4
38.18   15.5435   4.4
38.2   15.211   4.4
38.22   15.3709   4.4
38.24   14.6497   4.4
38.26   14.6214   4.4
38.28   14.7853   4.4
38.3   15.0342   4.4
38.32   15.5237   4.4
38.34   15.9433   4.4
38.36   16.4499   4.4
38.38   17.0489   4.4
38.4   17.7485   4.4
38.42   21.9626   4.68643
38.44   22.993   4.79511
38.46   24.1689   4.91619
38.48   25.5116   5.0509
38.5   27.0476   5.20073
38.52   28.8101   5.3675
38.54   30.8409   5.55346
38.56   33.1909   5.76116
38.58   35.9319   5.99432
38.6   37.2961   6.10706
38.62   41.1559   6.41528
38.64   45.7602   6.76463
38.66   51.3187   7.16371
38.68   58.1223   7.6238
38.7   66.552   8.15794
38.72   77.2846   8.79117
38.74   91.2381   9.55187
38.76   110.014   10.4888
38.78   136.208   11.6708
38.8   175.548   13.2495
38.82   236.446   15.3768
38.84   331.817   18.2159
38.86   475.603   21.8083
38.88   665.603   25.7993
38.9   874.272   29.5681
38.92   1106.13   33.2586
38.94   1321.18   36.348
38.96   1340.97   36.6193
38.98   1159.96   34.0582
39   911.025   30.1832
39.02   658.128   25.654
39.04   460.962   21.47
39.06   334.014   18.276
39.08   260.901   16.1524
39.1   224.638   14.9879
39.12   216.235   14.7049
39.14   234.595   15.3165
39.16   283.135   16.8266
39.18   360.771   18.994
39.2   436.995   20.9044
39.22   444.196   21.0759
39.24   383.044   19.5715
39.26   323.587   17.9885
39.28   291.406   17.0706
39.3   264.724   16.2703
39.32   224.893   14.9964
39.34   187.495   13.6929
39.36   166.148   12.8898
39.38   164.552   12.8278
39.4   179.23   13.3877
39.42   207.846   14.4169
39.44   243.138   15.5929
39.46   276.509   16.6286
39.48   282.776   16.816
39.5   252.039   15.8757
39.52   216.103   14.7004
39.54   196.202   14.0072
39.56   196.356   14.0127
39.58   217.85   14.7597
39.6   264.514   16.2639
39.62   341.687   18.4848
39.64   446.363   21.1273
39.66   539.912   23.236
39.68   560.557   23.6761
39.7   536.17   23.1553
39.72   540.754   23.2541
39.74   603.092   24.5579
39.76   717.955   26.7947
39.78   887.095   29.7841
39.8   1175.74   34.289
39.82   1686.04   41.0615
39.84   2457.6   49.5742
39.86   3285.52   57.3194
39.88   3509.48   59.2409
39.9   2856.53   53.4465
39.92   1972.79   44.4162
39.94   1290.47   35.9231
39.96   851.422   29.1791
39.98   588.081   24.2504
40   431.812   20.7801
40.02   333.09   18.2507
40.04   266.695   16.3308
40.06   222.61   14.9201
40.08   187.65   13.6985
40.1   161.069   12.6913
40.12   140.451   11.8512
40.14   124.198   11.1444
40.16   111.219   10.546
40.18   102.272   10.1129
40.2   93.7998   9.68503
40.22   86.8874   9.32134
40.24   81.239   9.01327
40.26   76.6341   8.75409
40.28   72.907   8.53856
40.3   69.9504   8.36363
40.32   67.7052   8.22832
40.34   65.9938   8.12366
40.36   64.8373   8.05216
40.38   63.9701   7.99813
40.4   63.9014   7.99384
40.42   64.3999   8.02496
40.44   64.6626   8.04131
40.46   66.6827   8.16595
40.48   69.2456   8.3214
40.5   72.7539   8.52959
40.52   77.3791   8.79654
40.54   80.9905   8.99947
40.56   85.6967   9.25725
40.58   92.1953   9.60184
40.6   101.389   10.0692
40.62   113.09   10.6344
40.64   128.734   11.3461
40.66   150.085   12.2509
40.68   180.414   13.4318
40.7   225.915   15.0305
40.72   299.94   17.3188
40.74   424.013   20.5916
40.76   627.171   25.0434
40.78   930.393   30.5023
40.8   1282.75   35.8156
40.82   1452.47   38.1113
40.84   1256.05   35.4409
40.86   908.913   30.1482
40.88   623.808   24.9762
40.9   438.545   20.9415
40.92   330.116   18.1691
40.94   269.754   16.4242
40.96   238.184   15.4332
40.98   222.131   14.9041
41   216.971   14.7299
41.02   220.474   14.8484
41.04   232.161   15.2368
41.06   252.852   15.9013
41.08   284.898   16.8789
41.1   333.291   18.2563
41.12   408.298   20.2064
41.14   529.671   23.0146
41.16   732.34   27.0618
41.18   1062.02   32.5887
41.2   1550.72   39.3791
41.22   2116.78   46.0084
41.24   2435.16   49.3474
41.26   2264.46   47.5863
41.28   1797.72   42.3995
41.3   1337.68   36.5744
41.32   1032.17   32.1274
41.34   882.768   29.7114
41.36   870.065   29.4969
41.38   981.419   31.3276
41.4   1235.97   35.1563
41.42   1666.51   40.8229
41.44   2254.92   47.486
41.46   2858.83   53.468
41.48   3436.17   58.6189
41.5   3975.99   63.0554
41.52   3979.54   63.0836
41.54   3307.87   57.5141
41.56   2607.59   51.0646
41.58   2252.08   47.4561
41.6   2215.46   47.0686
41.62   2201.24   46.9174
41.64   1886.24   43.4308
41.66   1406.75   37.5066
41.68   1006.87   31.7312
41.7   740.973   27.2208
41.72   582.999   24.1454
41.74   495.784   22.2662
41.76   446.499   21.1305
41.78   408.918   20.2217
41.8   371.105   19.2641
41.82   342.549   18.5081
41.84   333.327   18.2572
41.86   349.297   18.6895
41.88   400.208   20.0052
41.9   504.092   22.452
41.92   684.974   26.172
41.94   954.929   30.9019
41.96   1248.43   35.3331
41.98   1351.06   36.7568
42   1177.14   34.3094
42.02   953.545   30.8795
42.04   827.908   28.7734
42.06   780.259   27.9331
42.08   702.134   26.4978
42.1   559.436   23.6524
42.12   422.971   20.5663
42.14   328.907   18.1358
42.16   275.268   16.5912
42.18   250.748   15.835
42.2   240.217   15.4989
42.22   227.304   15.0766
42.24   211.564   14.5452
42.26   203.179   14.2541
42.28   206.286   14.3627
42.3   227.724   15.0905
42.32   274.227   16.5598
42.34   359.804   18.9685
42.36   502.064   22.4068
42.38   705.862   26.5681
42.4   909.068   30.1508
42.42   942.629   30.7023
42.44   772.816   27.7996
42.46   567.591   23.8242
42.48   419.557   20.4831
42.5   334.247   18.2824
42.52   296.216   17.2109
42.54   292.372   17.0989
42.56   318.672   17.8514
42.58   382.751   19.564
42.6   505.473   22.4827
42.62   718.659   26.8078
42.64   1050.05   32.4045
42.66   1457.86   38.182
42.68   1703.15   41.2692
42.7   1528.93   39.1016
42.72   1143.04   33.8089
42.74   822.906   28.6863
42.76   634.545   25.1902
42.78   553.767   23.5323
42.8   529.649   23.0141
42.82   492.757   22.1981
42.84   421.221   20.5237
42.86   357.814   18.916
42.88   330.147   18.17
42.9   348.074   18.6567
42.92   422.394   20.5522
42.94   566.121   23.7933
42.96   779.665   27.9225
42.98   979.75   31.301
43   976.525   31.2494
43.02   767.496   27.7037
43.04   534.706   23.1237
43.06   364.939   19.1034
43.08   256.586   16.0183
43.1   193.263   13.9019
43.12   155.906   12.4862
43.14   133.373   11.5487
43.16   119.97   10.9531
43.18   113.308   10.6446
43.2   112.653   10.6138
43.22   117.639   10.8462
43.24   126.103   11.2295
43.26   132.063   11.4919
43.28   133.423   11.5509
43.3   137.757   11.737
43.32   152.179   12.3361
43.34   185.335   13.6138
43.36   243.404   15.6014
43.38   345.123   18.5775
43.4   508.352   22.5467
43.42   729.942   27.0174
43.44   916.905   30.2804
43.46   894.029   29.9003
43.48   686.291   26.1971
43.5   471.417   21.7121
43.52   319.031   17.8614
43.54   224.963   14.9988
43.56   169.833   13.032
43.58   138.298   11.76
43.6   120.128   10.9603
43.62   109.721   10.4748
43.64   105.158   10.2546
43.66   105.381   10.2655
43.68   110.862   10.5291
43.7   123.586   11.1169
43.72   146.907   12.1205
43.74   186.693   13.6636
43.76   251.018   15.8435
43.78   343.229   18.5265
43.8   455.13   21.3338
43.82   570.842   23.8923
43.84   629.496   25.0898
43.86   578.269   24.0472
43.88   487.056   22.0693
43.9   400.786   20.0196
43.92   318.662   17.8511
43.94   255.209   15.9753
43.96   221.576   14.8854
43.98   217.803   14.7582
44   245.737   15.676
44.02   313.563   17.7077
44.04   432.608   20.7992
44.06   601.388   24.5232
44.08   757.937   27.5307
44.1   806.836   28.4049
44.12   703.773   26.5287
44.14   518.598   22.7728
44.16   359.161   18.9515
44.18   252.206   15.881
44.2   188.764   13.7392
44.22   153.594   12.3933
44.24   134.009   11.5762
44.26   119.639   10.938
44.28   110.534   10.5135
44.3   107.923   10.3886
44.32   112.22   10.5934
44.34   119.532   10.9331
44.36   120.644   10.9838
44.38   112.786   10.6201
44.4   105.04   10.2489
44.42   103.654   10.181
44.44   110.549   10.5142
44.46   126.216   11.2346
44.48   146.45   12.1017
44.5   160.729   12.6779
44.52   156.732   12.5193
44.54   145.221   12.0508
44.56   139.072   11.7929
44.58   141.316   11.8876
44.6   151.833   12.3221
44.62   170.53   13.0587
44.64   198.637   14.0939
44.66   240.175   15.4976
44.68   301.899   17.3752
44.7   400.21   20.0052
44.72   564.588   23.7611
44.74   840.075   28.984
44.76   1274.18   35.6957
44.78   1856.81   43.0907
44.8   2343.69   48.4116
44.82   2281.97   47.77
44.84   1756.68   41.9128
44.86   1213.48   34.835
44.88   823.701   28.7002
44.9   584.157   24.1693
44.92   451.357   21.2452
44.94   384.326   19.6042
44.96   356.889   18.8915
44.98   352.211   18.7673
45   373.149   19.3171
45.02   430.468   20.7477
45.04   519.27   22.7875
45.06   598.373   24.4617
45.08   630.606   25.1119
45.1   634.146   25.1822
45.12   648.915   25.4738
45.14   670.386   25.8918
45.16   641.174   25.3214
45.18   553.248   23.5212
45.2   467.365   21.6186
45.22   427   20.664
45.24   446.921   21.1405
45.26   535.748   23.1462
45.28   700.046   26.4584
45.3   914.687   30.2438
45.32   1055.41   32.4871
45.34   988.361   31.4382
45.36   820.549   28.6452
45.38   703.483   26.5233
45.4   688.087   26.2314
45.42   793.849   28.1753
45.44   1047.56   32.3661
45.46   1469.44   38.3333
45.48   1997.07   44.6885
45.5   2314.76   48.1119
45.52   2124.07   46.0876
45.54   1720.08   41.4739
45.56   1454.41   38.1367
45.58   1386.26   37.2325
45.6   1395.18   37.3521
45.62   1356.36   36.8288
45.64   1345.1   36.6756
45.66   1422.7   37.7188
45.68   1508.35   38.8375
45.7   1477.2   38.4343
45.72   1253.99   35.4117
45.74   930.579   30.5054
45.76   656.031   25.6131
45.78   471.23   21.7078
45.8   359.247   18.9538
45.82   296.898   17.2307
45.84   268.235   16.3779
45.86   264.663   16.2685
45.88   277.582   16.6608
45.9   285.455   16.8954
45.92   265.766   16.3023
45.94   234.79   15.3229
45.96   216.574   14.7164
45.98   218.442   14.7798
46   235.158   15.3349
46.02   250.752   15.8351
46.04   261.299   16.1648
46.06   291.217   17.0651
46.08   362.042   19.0274
46.1   474.225   21.7767
46.12   576.483   24.0101
46.14   563.972   23.7481
46.16   442.469   21.0349
46.18   314.212   17.726
46.2   222.244   14.9079
46.22   164.929   12.8425
46.24   131.281   11.4578
46.26   115.951   10.768
46.28   102.511   10.1248
46.3   96.4432   9.82055
46.32   94.142   9.70268
46.34   96.0834   9.80222
46.36   100.992   10.0495
46.38   111.118   10.5413
46.4   129.536   11.3814
46.42   161.431   12.7056
46.44   213.581   14.6144
46.46   288.285   16.979
46.48   369.029   19.2101
46.5   398.768   19.9692
46.52   362.895   19.0498
46.54   323.648   17.9902
46.56   324.91   18.0253
46.58   386.053   19.6482
46.6   509.38   22.5695
46.62   676.799   26.0154
46.64   785.998   28.0357
46.66   718.049   26.7964
46.68   548.769   23.4258
46.7   400.621   20.0155
46.72   306.26   17.5003
46.74   259.031   16.0945
46.76   247.931   15.7458
46.78   268.402   16.383
46.8   328.725   18.1308
46.82   443.905   21.069
46.84   629.155   25.083
46.86   864.012   29.3941
46.88   1014.49   31.8511
46.9   920.897   30.3463
46.92   692.118   26.3081
46.94   489.073   22.115
46.96   356.907   18.892
46.98   291.118   17.0622
47   273.23   16.5297
47.02   291.418   17.071
47.04   327.536   18.098
47.06   338.334   18.3938
47.08   297.76   17.2557
47.1   240.428   15.5057
47.12   194.514   13.9468
47.14   162.216   12.7364
47.16   140.131   11.8377
47.18   127.212   11.2788
47.2   120.008   10.9548
47.22   117.953   10.8606
47.24   119.32   10.9234
47.26   123.77   11.1252
47.28   131.796   11.4803
47.3   144.325   12.0135
47.32   164.118   12.8109
47.34   195.391   13.9782
47.36   242.904   15.5854
47.38   307.749   17.5428
47.4   371.173   19.2659
47.42   389.121   19.7262
47.44   359.781   18.9679
47.46   328.772   18.1321
47.48   318.659   17.851
47.5   332.177   18.2257
47.52   367.43   19.1685
47.54   426.578   20.6538
47.56   514.88   22.691
47.58   650.163   25.4983
47.6   867.922   29.4605
47.62   1230.78   35.0825
47.64   1828.78   42.7642
47.66   2738.02   52.3261
47.68   3862.18   62.1464
47.7   4586.75   67.7256
47.72   4255.71   65.2358
47.74   3413.39   58.4242
47.76   2753.56   52.4744
47.78   2306.17   48.0226
47.8   1887.22   43.4421
47.82   1548.11   39.3461
47.84   1390.13   37.2844
47.86   1425.55   37.7565
47.88   1610.27   40.1281
47.9   1874.98   43.3011
47.92   2159.3   46.4683
47.94   2255.36   47.4906
47.96   2068.39   45.4795
47.98   1900.62   43.5961
48   1984.5   44.5478
48.02   2324.63   48.2145
48.04   2651.91   51.4967
48.06   2511.38   50.1137
48.08   1980.36   44.5012
48.1   1473.29   38.3835
48.12   1148.83   33.8944
48.14   984.144   31.3711
48.16   890.243   29.8369
48.18   801.345   28.308
48.2   738.435   27.1742
48.22   725.098   26.9277
48.24   762.778   27.6184
48.26   871.746   29.5254
48.28   1093.44   33.0673
48.3   1485.17   38.5379
48.32   2109.85   45.9331
48.34   2907.56   53.9218
48.36   3426.57   58.5369
48.38   3144.57   56.0764
48.4   2434.89   49.3446
48.42   1848.48   42.9939
48.44   1466.76   38.2983
48.46   1155.95   33.9993
48.48   881.246   29.6858
48.5   688.014   26.23
48.52   578.569   24.0535
48.54   522.59   22.8602
48.56   468.507   21.645
48.58   391.957   19.7979
48.6   318.665   17.8512
48.62   265.888   16.3061
48.64   234.536   15.3146
48.66   222.39   14.9127
48.68   228.567   15.1184
48.7   252.32   15.8846
48.72   284.639   16.8713
48.74   295.637   17.1941
48.76   266.724   16.3317
48.78   226.059   15.0353
48.8   197.762   14.0628
48.82   186.304   13.6493
48.84   191.686   13.8451
48.86   215.822   14.6909
48.88   265.296   16.2879
48.9   351.382   18.7452
48.92   484.174   22.0039
48.94   650.22   25.4994
48.96   813.049   28.514
48.98   949.359   30.8117
49   957.437   30.9425
49.02   775.486   27.8476
49.04   545.876   23.364
49.06   369.478   19.2218
49.08   255.802   15.9938
49.1   186.533   13.6577
49.12   144.363   12.0151
49.14   117.354   10.833
49.16   94.7676   9.73487
49.18   81.5017   9.02783
49.2   71.597   8.4615
49.22   64.0615   8.00384
49.24   57.4271   7.57806
49.26   53.0844   7.2859
49.28   49.9518   7.06766
49.3   48.0171   6.92944
49.32   47.5183   6.89335
49.34   49.0611   7.00436
49.36   53.3384   7.30332
49.38   62.1162   7.88139
49.4   73.4146   8.56823
49.42   84.3642   9.185
49.44   82.1677   9.06464
49.46   68.3465   8.26719
49.48   54.1723   7.36018
49.5   44.1542   6.64486
49.52   35.9781   5.99817
49.54   32.6437   5.71346
49.56   31.0907   5.5759
49.58   30.7132   5.54195
49.6   31.2911   5.59385
49.62   32.6185   5.71126
49.64   35.4848   5.95691
49.66   40.3159   6.34948
49.68   48.4271   6.95896
49.7   61.9613   7.87155
49.72   83.8922   9.15927
49.74   115.502   10.7472
49.76   151.682   12.3159
49.78   180.451   13.4332
49.8   182.095   13.4943
49.82   152.47   12.3479
49.84   115.005   10.724
49.86   92.5362   9.61958
49.88   84.8757   9.2128
49.9   91.6708   9.57449
49.92   112.42   10.6028
49.94   146.869   12.119
49.96   181.768   13.4821
49.98   193.154   13.898
50   173.472   13.1709
50.02   147.751   12.1553
50.04   125.438   11.1999
50.06   101.623   10.0808
50.08   80.9106   8.99503
50.1   67.4414   8.21227
50.12   60.8768   7.80236
50.14   59.9334   7.74167
50.16   64.2459   8.01535
50.18   75.2606   8.67529
50.2   94.7333   9.73311
50.22   127.864   11.3077
50.24   172.395   13.1299
50.26   214.823   14.6568
50.28   224.899   14.9966
50.3   207.985   14.4217
50.32   197.799   14.0641
50.34   203.527   14.2663
50.36   207.895   14.4186
50.38   198.961   14.1054
50.4   195.398   13.9785
50.42   216.605   14.7175
50.44   277.587   16.6609
50.46   392.183   19.8036
50.48   568.926   23.8522
50.5   764.7   27.6532
50.52   839.769   28.9788
50.54   712.987   26.7018
50.56   507.429   22.5262
50.58   338.1   18.3875
50.6   226.4   15.0466
50.62   158.828   12.6027
50.64   118.668   10.8935
50.66   93.9135   9.6909
50.68   77.7056   8.81508
50.7   66.4888   8.15406
50.72   58.6662   7.65938
50.74   52.9126   7.2741
50.76   48.8118   6.98655
50.78   46.0145   6.7834
50.8   44.3451   6.65921
50.82   43.7937   6.61768
50.84   44.5198   6.67231
50.86   46.8035   6.84131
50.88   50.8034   7.12765
50.9   55.6809   7.46197
50.92   58.4929   7.64807
50.94   57.5938   7.58906
50.96   56.0298   7.48531
50.98   56.3762   7.50841
51   58.6353   7.65737
51.02   63.0376   7.93962
51.04   69.5739   8.3411
51.06   78.6449   8.8682
51.08   91.1312   9.54627
51.1   108.775   10.4295
51.12   135.126   11.6244
51.14   176.784   13.296
51.16   245.078   15.655
51.18   354.542   18.8293
51.2   514.114   22.6741
51.22   692.909   26.3232
51.24   773.274   27.8078
51.26   690.215   26.2719
51.28   566.562   23.8026
51.3   506.873   22.5138
51.32   541.991   23.2807
51.34   676.928   26.0178
51.36   882.151   29.701
51.38   1025.16   32.0181
51.4   940.346   30.6651
51.42   716.877   26.7746
51.44   519.849   22.8002
51.46   396.107   19.9024
51.48   337.468   18.3703
51.5   328.663   18.1291
51.52   358.34   18.9299
51.54   414.879   20.3686
51.56   491.14   22.1617
51.58   617.208   24.8437
51.6   841.395   29.0068
51.62   1171.19   34.2227
51.64   1495.31   38.6692
51.66   1566.08   39.5737
51.68   1290.71   35.9265
51.7   911.779   30.1957
51.72   616.86   24.8367
51.74   430.898   20.7581
51.76   328.467   18.1237
51.78   283.913   16.8497
51.8   280.436   16.7462
51.82   303.781   17.4293
51.84   321.965   17.9434
51.86   292.102   17.091
51.88   228.519   15.1168
51.9   170.364   13.0524
51.92   129.816   11.3937
51.94   103.76   10.1863
51.96   87.6888   9.36423
51.98   77.8389   8.82264
52   71.2407   8.44042
52.02   68.5652   8.28041
52.04   68.9749   8.30511
52.06   73.1259   8.55137
52.08   82.2621   9.06985
52.1   97.6624   9.88243
52.12   120.233   10.9651
52.14   148.798   12.1983
52.16   187.64   13.6982
52.18   224.097   14.9699
52.2   221.366   14.8784
52.22   181.632   13.4771
52.24   140.349   11.8469
52.26   113.961   10.6753
52.28   101.853   10.0922
52.3   102.588   10.1286
52.32   116.408   10.7892
52.34   145.537   12.0639
52.36   194.151   13.9338
52.38   259.393   16.1057
52.4   323.768   17.9936
52.42   368.791   19.2039
52.44   368.315   19.1915
52.46   316.427   17.7884
52.48   252.482   15.8897
52.5   202.346   14.2248
52.52   176.385   13.281
52.54   171.903   13.1112
52.56   175.27   13.2389
52.58   173.933   13.1883
52.6   173.019   13.1537
52.62   182.069   13.4933
52.64   212.412   14.5744
52.66   273.229   16.5297
52.68   356.535   18.8821
52.7   410.871   20.27
52.72   382.538   19.5586
52.74   315.572   17.7644
52.76   272.772   16.5158
52.78   267.771   16.3637
52.8   277.336   16.6534
52.82   256.351   16.0109
52.84   202.201   14.2197
52.86   148.81   12.1988
52.88   112.228   10.5938
52.9   90.5827   9.51749
52.92   79.6737   8.92601
52.94   75.7905   8.70577
52.96   75.3399   8.67986
52.98   76.2327   8.73114
53   79.3876   8.90997
53.02   80.9515   8.9973
53.04   76.3893   8.74009
53.06   68.6586   8.28605
53.08   62.6918   7.91781
53.1   59.6962   7.72633
53.12   59.1031   7.68785
53.14   62.5838   7.91099
53.16   68.9556   8.30395
53.18   78.622   8.8669
53.2   87.4175   9.34973
53.22   93.3015   9.65927
53.24   99.209   9.96037
53.26   110.485   10.5112
53.28   131.628   11.4729
53.3   168.612   12.9851
53.32   226.816   15.0604
53.34   309.147   17.5826
53.36   393.361   19.8333
53.38   419.151   20.4732
53.4   374.092   19.3415
53.42   320.171   17.8933
53.44   292.148   17.0923
53.46   297.013   17.2341
53.48   337.855   18.3808
53.5   424.709   20.6085
53.52   579.183   24.0662
53.54   832.037   28.8451
53.56   1202.96   34.6837
53.58   1622.04   40.2745
53.6   1875.99   43.3127
53.62   1889.99   43.474
53.64   1731.17   41.6073
53.66   1463.22   38.2521
53.68   1239.86   35.2117
53.7   1147.08   33.8685
53.72   1146.14   33.8547
53.74   1106.16   33.259
53.76   999.26   31.6111
53.78   867.669   29.4562
53.8   726.766   26.9586
53.82   637.624   25.2512
53.84   643.829   25.3738
53.86   759.1   27.5518
53.88   968.701   31.124
53.9   1164.29   34.1217
53.92   1143.1   33.8098
53.94   904.636   30.0772
53.96   637.029   25.2394
53.98   437.879   20.9256
54   310.66   17.6256
54.02   234.111   15.3007
54.04   188.069   13.7138
54.06   159.184   12.6168
54.08   139.215   11.7989
54.1   124.077   11.139
54.12   113.013   10.6308
54.14   105.945   10.2929
54.16   102.572   10.1278
54.18   103.212   10.1594
54.2   108.484   10.4156
54.22   117.468   10.8382
54.24   131.326   11.4597
54.26   151.079   12.2914
54.28   174.271   13.2012
54.3   198.874   14.1023
54.32   223.399   14.9465
54.34   244.565   15.6386
54.36   266.781   16.3334
54.38   308.5   17.5642
54.4   388.72   19.716
54.42   499.374   22.3467
54.44   575.003   23.9792
54.46   551.28   23.4794
54.48   488.141   22.0939
54.5   450.074   21.2149
54.52   428.755   20.7064
54.54   412.35   20.3064
54.56   427.069   20.6657
54.58   492   22.1811
54.6   620.126   24.9023
54.62   821.35   28.6592
54.64   1028.33   32.0675
54.66   1068.6   32.6894
54.68   931.973   30.5282
54.7   803.536   28.3467
54.72   759.505   27.5591
54.74   734.348   27.0989
54.76   633.32   25.1659
54.78   497.168   22.2973
54.8   401.485   20.0371
54.82   366.9   19.1546
54.84   386.801   19.6673
54.86   429.416   20.7223
54.88   426.156   20.6436
54.9   351.15   18.739
54.92   262.206   16.1928
54.94   195.5   13.9821
54.96   153.725   12.3986
54.98   130.769   11.4354
55   121.016   11.0007
55.02   121.287   11.013
55.04   130.011   11.4022
55.06   144.251   12.0105
55.08   158.759   12.5999
55.1   179.703   13.4053
55.12   214.667   14.6515
55.14   263.167   16.2224
55.16   303.813   17.4302
55.18   335.062   18.3047
55.2   385.911   19.6446
55.22   445.266   21.1013
55.24   440.772   20.9946
55.26   354.725   18.8342
55.28   256.983   16.0307
55.3   185.747   13.6289
55.32   142.271   11.9277
55.34   119.078   10.9123
55.36   109.842   10.4806
55.38   110.738   10.5232
55.4   124.15   11.1422
55.42   150.539   12.2694
55.44   187.536   13.6944
55.46   217.248   14.7393
55.48   214.873   14.6586
55.5   194.157   13.934
55.52   184.422   13.5802
55.54   199.884   14.138
55.56   250.179   15.817
55.58   346.876   18.6246
55.6   495.961   22.2702
55.62   664.364   25.7753
55.64   741.15   27.2241
55.66   653.586   25.5653
55.68   484.316   22.0072
55.7   334.119   18.2789
55.72   232.608   15.2515
55.74   171.747   13.1052
55.76   137.466   11.7246
55.78   119.442   10.929
55.8   111.187   10.5445
55.82   110.833   10.5277
55.84   119.118   10.9141
55.86   138.858   11.7838
55.88   174.143   13.1963
55.9   226.13   15.0376
55.92   282.12   16.7964
55.94   303.773   17.4291
55.96   284.409   16.8644
55.98   267.376   16.3516
56   280.763   16.756
56.02   331.909   18.2184
56.04   427.89   20.6855
56.06   572.504   23.9271
56.08   719.794   26.829
56.1   777.733   27.8879
56.12   777.389   27.8817
56.14   816.145   28.5683
56.16   863.628   29.3876
56.18   793.913   28.1765
56.2   609.248   24.683
56.22   425.098   20.6179
56.24   293.834   17.1416
56.26   212.928   14.592
56.28   168.711   12.9889
56.3   148.058   12.1679
56.32   144.689   12.0287
56.34   152.075   12.3319
56.36   156.456   12.5082
56.38   141.198   11.8827
56.4   114.609   10.7055
56.42   91.7775   9.58006
56.44   76.7911   8.76305
56.46   68.2309   8.2602
56.48   64.4725   8.02947
56.5   64.403   8.02515
56.52   67.6821   8.22692
56.54   75.0787   8.6648
56.56   88.8378   9.42538
56.58   113.545   10.6557
56.6   156.123   12.4949
56.62   225.365   15.0122
56.64   322.924   17.9701
56.66   421.206   20.5233
56.68   458.962   21.4234
56.7   403.847   20.096
56.72   297.676   17.2533
56.74   203.16   14.2534
56.76   138.762   11.7797
56.78   99.2722   9.96354
56.8   75.8154   8.70721
56.82   61.6059   7.84894
56.84   52.6046   7.2529
56.86   46.7198   6.83519
56.88   42.9253   6.55174
56.9   40.7384   6.38266
56.92   39.9657   6.32184
56.94   40.5986   6.3717
56.96   43.3754   6.586
56.98   49.0198   7.00141
57   58.6086   7.65562
57.02   72.2853   8.50208
57.04   86.2124   9.28506
57.06   91.7376   9.57797
57.08   89.715   9.4718
57.1   91.1182   9.54558
57.12   102.836   10.1408
57.14   129.007   11.3581
57.16   172.025   13.1158
57.18   237.306   15.4047
57.2   324.808   18.0224
57.22   393.328   19.8325
57.24   372.255   19.2939
57.26   283.604   16.8405
57.28   198.407   14.0857
57.3   140.781   11.8651
57.32   107.704   10.378
57.34   90.3379   9.50462
57.36   79.614   8.92266
57.38   71.0304   8.42795
57.4   65.465   8.09104
57.42   63.7713   7.98569
57.44   66.8847   8.1783
57.46   75.6514   8.69778
57.48   91.6739   9.57465
57.5   115.98   10.7694
57.52   144.133   12.0055
57.54   163.03   12.7683
57.56   169.238   13.0092
57.58   176.734   13.2941
57.6   195.924   13.9973
57.62   228.067   15.1019
57.64   267.515   16.3559
57.66   325.527   18.0424
57.68   430.986   20.7602
57.7   588.835   24.2659
57.72   737.45   27.156
57.74   761.863   27.6019
57.76   647.744   25.4508
57.78   493.074   22.2053
57.8   377.59   19.4317
57.82   311.363   17.6455
57.84   280.139   16.7373
57.86   271.657   16.482
57.88   266.951   16.3386
57.9   240.77   15.5168
57.92   203.541   14.2668
57.94   181.087   13.4569
57.96   179.59   13.4011
57.98   190.894   13.8165
58   208.98   14.4561
58.02   220.561   14.8513
58.04   197.908   14.068
58.06   151.054   12.2904
58.08   108.56   10.4192
58.1   79.0672   8.89197
58.12   60.4824   7.77704
58.14   48.89   6.99214
58.16   41.7296   6.45984
58.18   36.8201   6.06795
58.2   33.7164   5.80658
58.22   32.2372   5.67778
58.24   31.1472   5.58097
58.26   31.2727   5.5922
58.28   31.996   5.6565
58.3   34.2209   5.84986
58.32   37.506   6.12421
58.34   42.5674   6.52437
58.36   49.6521   7.04643
58.38   56.6818   7.52873
58.4   65.069   8.06654
58.42   78.0889   8.83679
58.44   97.2191   9.85998
58.46   120.033   10.956
58.48   146.989   12.1239
58.5   189.177   13.7542
58.52   248.842   15.7747
58.54   302.509   17.3928
58.56   318.678   17.8516
58.58   294.806   17.1699
58.6   253.068   15.9081
58.62   198.569   14.0915
58.64   144.95   12.0395
58.66   104.976   10.2458
58.68   79.5156   8.91715
58.7   63.972   7.99825
58.72   55.1419   7.42576
58.74   50.2566   7.08919
58.76   47.9063   6.92144
58.78   47.4478   6.88823
58.8   48.9576   6.99697
58.82   52.0036   7.21135
58.84   57.1673   7.5609
58.86   65.4415   8.08959
58.88   78.7089   8.8718
58.9   100.742   10.037
58.92   137.315   11.7182
58.94   196.416   14.0148
58.96   281.931   16.7908
58.98   379.597   19.4833
59   447.963   21.1651
59.02   430.939   20.7591
59.04   340.262   18.4462
59.06   249.786   15.8046
59.08   189.913   13.7809
59.1   154.444   12.4276
59.12   128.103   11.3183
59.14   106.484   10.3191
59.16   90.6737   9.52227
59.18   81.7989   9.04428
59.2   77.2876   8.79134
59.22   76.9803   8.77384
59.24   80.798   8.98877
59.26   89.0364   9.43591
59.28   103.107   10.1542
59.3   125.707   11.2119
59.32   160.683   12.6761
59.34   210.404   14.5053
59.36   273.661   16.5427
59.38   343.864   18.5436
59.4   384.684   19.6134
59.42   371.169   19.2657
59.44   350.859   18.7312
59.46   361.741   19.0195
59.48   388.578   19.7124
59.5   379.844   19.4896
59.52   331.815   18.2158
59.54   289.836   17.0246
59.56   276.812   16.6377
59.58   298.749   17.2844
59.6   362.71   19.0449
59.62   481.927   21.9528
59.64   670.135   25.887
59.66   911.072   30.184
59.68   1117.86   33.4344
59.7   1231.87   35.098
59.72   1270.58   35.6452
59.74   1225.27   35.0039
59.76   1115.14   33.3937
59.78   1046.14   32.3441
59.8   1095.3   33.0953
59.82   1201.49   34.6625
59.84   1212.14   34.8158
59.86   1107.99   33.2865
59.88   1009.64   31.7749
59.9   986.003   31.4007
59.92   992.659   31.5065
59.94   976.748   31.253
59.96   915.119   30.2509
59.98   771.019   27.7672
60   615.576   24.8108
60.02   525.195   22.9171
60.04   514.474   22.682
60.06   561.262   23.691
60.08   594.618   24.3848
60.1   538.007   23.195
60.12   433.588   20.8228
60.14   349.096   18.6841
60.16   298.985   17.2912
60.18   282.805   16.8168
60.2   304.04   17.4367
60.22   362.458   19.0383
60.24   437.767   20.9229
60.26   467.246   21.6159
60.28   417.069   20.4223
60.3   348.586   18.6705
60.32   312.328   17.6728
60.34   316.683   17.7956
60.36   343.265   18.5274
60.38   357.702   18.913
60.4   355.416   18.8525
60.42   350.346   18.7175
60.44   340.847   18.462
60.46   345.523   18.5882
60.48   379.714   19.4862
60.5   426.249   20.6458
60.52   466.043   21.588
60.54   528.029   22.9789
60.56   634.735   25.1939
60.58   744.13   27.2787
60.6   818.448   28.6085
60.62   894.193   29.9031
60.64   947.194   30.7765
60.66   889.545   29.8252
60.68   723.55   26.8989
60.7   544.158   23.3272
60.72   409.465   20.2353
60.74   312.061   17.6653
60.76   236.676   15.3843
60.78   181.834   13.4846
60.8   144.689   12.0287
60.82   120.231   10.965
60.84   104.35   10.2152
60.86   93.6221   9.67585
60.88   86.8986   9.32194
60.9   82.9376   9.10701
60.92   81.2429   9.01349
60.94   81.7424   9.04115
60.96   84.2411   9.17829
60.98   88.8906   9.42818
61   96.6777   9.83248
61.02   108.351   10.4092
61.04   125.881   11.2197
61.06   152.966   12.3679
61.08   195.423   13.9794
61.1   265.549   16.2957
61.12   380.078   19.4956
61.14   553.781   23.5325
61.16   776.459   27.865
61.18   955.199   30.9063
61.2   970.804   31.1577
61.22   890.26   29.8372
61.24   811.856   28.4931
61.26   736.687   27.142
61.28   698.05   26.4206
61.3   695.727   26.3766
61.32   636.977   25.2384
61.34   497.955   22.3149
61.36   359.243   18.9537
61.38   262.169   16.1916
61.4   207.034   14.3887
61.42   183.958   13.5631
61.44   185.318   13.6132
61.46   197.64   14.0584
61.48   195.622   13.9865
61.5   167.033   12.9241
61.52   132.818   11.5247
61.54   108.465   10.4146
61.56   95.4498   9.76984
61.58   91.2075   9.55026
61.6   88.52   9.40851
61.62   82.2388   9.06856
61.64   75.3328   8.67945
61.66   71.3958   8.44961
61.68   72.1507   8.49416
61.7   79.5748   8.92047
61.72   96.4859   9.82273
61.74   128.452   11.3337
61.76   180.365   13.43
61.78   249.539   15.7968
61.8   307.185   17.5267
61.82   300.896   17.3463
61.84   234.952   15.3281
61.86   164.619   12.8304
61.88   114.224   10.6875
61.9   83.1691   9.11971
61.92   65.3555   8.08427
61.94   55.409   7.44372
61.96   49.1846   7.01317
61.98   44.3303   6.6581
62   40.1902   6.33958
62.02   37.2202   6.10084
62.04   35.0991   5.92445
62.06   34.3531   5.86115
62.08   34.4663   5.8708
62.1   35.2288   5.93538
62.12   36.9505   6.07869
62.14   39.2111   6.26188
62.16   43.0304   6.55976
62.18   48.9782   6.99845
62.2   58.1485   7.62551
62.22   72.5942   8.52022
62.24   95.2633   9.76029
62.26   128.07   11.3168
62.28   166.33   12.8969
62.3   190.444   13.8002
62.32   190.438   13.7999
62.34   190.225   13.7922
62.36   208.877   14.4526
62.38   244.274   15.6293
62.4   276.965   16.6423
62.42   305.565   17.4804
62.44   365.554   19.1195
62.46   483.094   21.9794
62.48   647.909   25.4541
62.5   770.521   27.7583
62.52   735.607   27.1221
62.54   590.732   24.305
62.56   452.62   21.2749
62.58   372.095   19.2898
62.6   345.245   18.5808
62.62   336.083   18.3326
62.64   314.506   17.7343
62.66   292.791   17.1111
62.68   291.043   17.06
62.7   324.418   18.0116
62.72   399.62   19.9905
62.74   482.941   21.9759
62.76   496.751   22.2879
62.78   425.744   20.6336
62.8   325.803   18.05
62.82   243.979   15.6198
62.84   197.4   14.0499
62.86   181.633   13.4771
62.88   178.777   13.3708
62.9   162.802   12.7594
62.92   129.632   11.3856
62.94   96.7993   9.83866
62.96   72.863   8.53598
62.98   57.2082   7.56361
63   47.3635   6.88211
63.02   41.3192   6.428
63.04   37.6515   6.13608
63.06   35.9209   5.9934
63.08   36.2996   6.02492
63.1   39.4056   6.27738
63.12   46.1826   6.79578
63.14   57.1084   7.55701
63.16   69.9237   8.36204
63.18   77.0066   8.77534
63.2   78.6102   8.86624
63.22   76.1879   8.72857
63.24   65.0905   8.06787
63.26   49.8565   7.06091
63.28   37.3927   6.11496
63.3   28.8166   5.36811
63.32   23.6608   4.86424
63.34   20.5115   4.52897
63.36   18.5409   4.4
63.38   17.7217   4.4
63.4   16.9337   4.4
63.42   17.2637   4.4
63.44   17.128   4.4
63.46   17.2921   4.4
63.48   17.9456   4.4
63.5   18.8264   4.4
63.52   20.3276   4.50861
63.54   22.7756   4.77238
63.56   26.5325   5.15097
63.58   31.5937   5.62083
63.6   36.3602   6.02994
63.62   37.594   6.1314
63.64   35.7369   5.97803
63.66   34.217   5.84953
63.68   34.5625   5.87899
63.7   36.9914   6.08205
63.72   41.6046   6.45016
63.74   48.9016   6.99297
63.76   60.179   7.75751
63.78   78.5285   8.86163
63.8   109.169   10.4484
63.82   159.8   12.6412
63.84   236.514   15.379
63.86   331.458   18.206
63.88   393.423   19.8349
63.9   366.608   19.147
63.92   297.507   17.2484
63.94   249.69   15.8016
63.96   233.274   15.2733
63.98   222.519   14.9171
64   190.55   13.804
64.02   150.344   12.2615
64.04   122.904   11.0862
64.06   113.514   10.6543
64.08   121.001   11
64.1   139.67   11.8182
64.12   150.741   12.2777
64.14   135.301   11.6319
64.16   106.188   10.3048
64.18   81.8617   9.04775
64.2   67.2316   8.19949
64.22   59.7701   7.73111
64.24   57.5606   7.58687
64.26   59.8285   7.73489
64.28   65.1284   8.07022
64.3   72.3417   8.50539
64.32   77.9933   8.83138
64.34   79.3939   8.91032
64.36   78.5728   8.86413
64.38   79.475   8.91487
64.4   84.5012   9.19245
64.42   97.2697   9.86254
64.44   119.884   10.9491
64.46   152.96   12.3677
64.48   190.19   13.7909
64.5   219.114   14.8025
64.52   249.57   15.7978
64.54   309.061   17.5801
64.56   410.955   20.272
64.58   536.414   23.1606
64.6   605.168   24.6002
64.62   562.066   23.7079
64.64   476.943   21.839
64.66   414.58   20.3612
64.68   374.621   19.3551
64.7   338.092   18.3873
64.72   309.75   17.5997
64.74   305.545   17.4798
64.76   341.997   18.4932
64.78   435.463   20.8678
64.8   603.611   24.5685
64.82   846.731   29.0986
64.84   1100.53   33.1742
64.86   1248.77   35.3379
64.88   1196.61   34.5921
64.9   984.019   31.3691
64.92   771.426   27.7746
64.94   598.673   24.4678
64.96   442.149   21.0273
64.98   317.689   17.8238
65   233.186   15.2704
65.02   179.359   13.3925
65.04   145.598   12.0664
65.06   124.396   11.1533
65.08   111.284   10.5491
65.1   104.208   10.2082
65.12   102.255   10.1121
65.14   105.97   10.2942
65.16   116.397   10.7887
65.18   133.514   11.5548
65.2   153.551   12.3916
65.22   173.059   13.1552
65.24   200.999   14.1774
65.26   246.505   15.7005
65.28   295.295   17.1842
65.3   307.326   17.5307
65.32   282.203   16.7989
65.34   266.294   16.3185
65.36   287.488   16.9555
65.38   348.865   18.6779
65.4   425.647   20.6312
65.42   457.926   21.3992
65.44   431.046   20.7617
65.46   373.656   19.3302
65.48   301.163   17.354
65.5   241.633   15.5446
65.52   209.17   14.4627
65.54   203.612   14.2693
65.56   225.285   15.0095
65.58   280.578   16.7505
65.6   381.046   19.5204
65.62   531.82   23.0612
65.64   694.554   26.3544
65.66   746.771   27.3271
65.68   637.81   25.2549
65.7   490.407   22.1451
65.72   390.512   19.7614
65.74   353.969   18.8141
65.76   380.736   19.5125
65.78   473.89   21.769
65.8   632.655   25.1526
65.82   820.603   28.6462
65.84   941.528   30.6843
65.86   884.656   29.7432
65.88   693.699   26.3382
65.9   513.507   22.6607
65.92   399.475   19.9869
65.94   350.205   18.7138
65.96   358.479   18.9336
65.98   427.614   20.6788
66   573.272   23.9431
66.02   807.834   28.4224
66.04   1089.68   33.0103
66.06   1230.79   35.0826
66.08   1081.38   32.8843
66.1   817.506   28.5921
66.12   612.828   24.7554
66.14   482.55   21.967
66.16   380.124   19.4968
66.18   289.872   17.0256
66.2   222.893   14.9296
66.22   179.459   13.3962
66.24   154.426   12.4268
66.26   143.588   11.9828
66.28   145.594   12.0662
66.3   161.413   12.7048
66.32   193.595   13.9138
66.34   240.16   15.4971
66.36   295.706   17.1961
66.38   338.943   18.4104
66.4   327.285   18.091
66.42   269.929   16.4295
66.44   211.425   14.5405
66.46   175.751   13.2571
66.48   165.876   12.8793
66.5   179.895   13.4125
66.52   215.68   14.6861
66.54   261.846   16.1817
66.56   288.533   16.9863
66.58   287.38   16.9523
66.6   278.596   16.6912
66.62   271.653   16.4819
66.64   283.337   16.8326
66.66   312.355   17.6736
66.68   317.37   17.8149
66.7   275.372   16.5943
66.72   224.896   14.9965
66.74   191.696   13.8454
66.76   173.659   13.178
66.78   169.709   13.0272
66.8   188.953   13.746
66.82   237.881   15.4234
66.84   312.168   17.6683
66.86   372.255   19.2939
66.88   352.295   18.7695
66.9   269.355   16.412
66.92   188.231   13.7197
66.94   131.483   11.4666
66.96   96.3239   9.81448
66.98   75.5373   8.69122
67   63.182   7.94871
67.02   55.6107   7.45726
67.04   50.9368   7.137
67.06   48.2564   6.94668
67.08   47.1543   6.8669
67.1   47.4815   6.89068
67.12   48.7028   6.97874
67.14   52.4296   7.24083
67.16   58.3916   7.64144
67.18   67.9685   8.2443
67.2   83.8055   9.15453
67.22   110.533   10.5135
67.24   154.729   12.439
67.26   222.181   14.9057
67.28   306.259   17.5003
67.3   362.932   19.0508
67.32   341.863   18.4895
67.34   282.142   16.7971
67.36   243.525   15.6053
67.38   242.777   15.5813
67.4   274.172   16.5581
67.42   320.03   17.8894
67.44   345.547   18.5889
67.46   326.025   18.0562
67.48   296.751   17.2265
67.5   282.395   16.8046
67.52   271.901   16.4894
67.54   264.161   16.253
67.56   244.539   15.6378
67.58   201.344   14.1896
67.6   157.353   12.5441
67.62   129.752   11.3909
67.64   120.069   10.9576
67.66   122.531   11.0694
67.68   124.475   11.1568
67.7   116.302   10.7844
67.72   105.104   10.252
67.74   99.2883   9.96435
67.76   102.293   10.114
67.78   115.305   10.738
67.8   140.1   11.8364
67.82   183.337   13.5402
67.84   250.084   15.814
67.86   323.453   17.9848
67.88   349.077   18.6836
67.9   304.922   17.462
67.92   241.306   15.534
67.94   193.264   13.9019
67.96   172.877   13.1483
67.98   183.633   13.5511
68   225.384   15.0128
68.02   289.642   17.0189
68.04   337.708   18.3768
68.06   322.923   17.97
68.08   272.238   16.4996
68.1   230.139   15.1703
68.12   205.618   14.3394
68.14   191.202   13.8276
68.16   182.561   13.5115
68.18   175.663   13.2538
68.2   161.651   12.7142
68.22   141.116   11.8792
68.24   120.304   10.9683
68.26   103.077   10.1527
68.28   95.8554   9.79057
68.3   101.823   10.0907
68.32   120.194   10.9633
68.34   140.829   11.8671
68.36   142.093   11.9203
68.38   118.936   10.9058
68.4   92.4031   9.61265
68.42   74.1357   8.61021
68.44   65.0543   8.06562
68.46   63.8938   7.99336
68.48   70.4735   8.39485
68.5   86.7633   9.31468
68.52   116.621   10.7991
68.54   163.167   12.7737
68.56   219.619   14.8195
68.58   254.479   15.9524
68.6   238.468   15.4424
68.62   195.506   13.9823
68.64   152.071   12.3317
68.66   117.678   10.8479
68.68   98.1959   9.90938
68.7   94.1308   9.7021
68.72   105.437   10.2683
68.74   132.28   11.5013
68.76   169.335   13.0129
68.78   193.656   13.916
68.8   178.438   13.3581
68.82   141.919   11.913
68.84   111.368   10.5531
68.86   94.899   9.74161
68.88   93.3283   9.66066
68.9   107.194   10.3535
68.92   139.207   11.7986
68.94   189.772   13.7758
68.96   244.908   15.6495
68.98   268.673   16.3912
69   256.028   16.0009
69.02   232.786   15.2573
69.04   199.502   14.1245
69.06   157.8   12.5618
69.08   120.99   10.9995
69.1   92.9133   9.63915
69.12   72.6481   8.52339
69.14   60.2733   7.76359
69.16   54.562   7.38661
69.18   52.8699   7.27117
69.2   53.5857   7.32023
69.22   57.3068   7.57013
69.24   62.472   7.90392
69.26   66.3293   8.14428
69.28   69.8003   8.35466
69.3   69.9807   8.36545
69.32   63.7388   7.98366
69.34   56.836   7.53897
69.36   54.2181   7.3633
69.38   55.7975   7.46977
69.4   63.2888   7.95543
69.42   78.0019   8.83187
69.44   94.5728   9.72485
69.46   98.8633   9.943
69.48   88.9588   9.43179
69.5   77.535   8.8054
69.52   66.6533   8.16415
69.54   54.7064   7.39638
69.56   44.9464   6.70421
69.58   39.8434   6.31216
69.6   39.4768   6.28306
69.62   43.3759   6.58604
69.64   51.6311   7.18548
69.66   64.1968   8.01229
69.68   77.2234   8.78768
69.7   87.414   9.34955
69.72   101.541   10.0768
69.74   124.658   11.165
69.76   144.072   12.003
69.78   136.914   11.701
69.8   110.975   10.5345
69.82   88.6581   9.41584
69.84   74.4537   8.62866
69.86   62.1282   7.88215
69.88   49.5434   7.03871
69.9   39.8908   6.31592
69.92   34.13   5.84209
69.94   31.6819   5.62867
69.96   32.0028   5.6571
69.98   35.11   5.92537
70   41.8974   6.47282
