1.54056
5   0   4.4
5.02   0   4.4
5.04   0   4.4
5.06   0   4.4
5.08   0   4.4
5.1   0   4.4
5.12   0   4.4
5.14   0   4.4
5.16   0   4.4
5.18   0   4.4
5.2   0   4.4
5.22   0   4.4
5.24   0   4.4
5.26   0   4.4
5.28   0   4.4
5.3   0   4.4
5.32   0   4.4
5.34   0   4.4
5.36   0   4.4
5.38   0   4.4
5.4   0   4.4
5.42   0   4.4
5.44   0   4.4
5.46   0   4.4
5.48   0   4.4
5.5   0   4.4
5.52   0   4.4
5.54   0   4.4
5.56   0   4.4
5.58   0   4.4
5.6   0   4.4
5.62   0   4.4
5.64   0   4.4
5.66   0   4.4
5.68   0   4.4
5.7   0   4.4
5.72   0   4.4
5.74   0   4.4
5.76   0   4.4
5.78   0   4.4
5.8   0   4.4
5.82   0   4.4
5.84   0   4.4
5.86   0   4.4
5.88   0   4.4
5.9   0   4.4
5.92   0   4.4
5.94   0   4.4
5.96   0   4.4
5.98   0   4.4
6   0   4.4
6.02   0   4.4
6.04   0   4.4
6.06   0   4.4
6.08   0   4.4
6.1   0   4.4
6.12   0   4.4
6.14   0   4.4
6.16   0   4.4
6.18   0   4.4
6.2   0   4.4
6.22   0   4.4
6.24   0   4.4
6.26   0   4.4
6.28   0   4.4
6.3   0   4.4
6.32   0   4.4
6.34   0   4.4
6.36   0   4.4
6.38   0   4.4
6.4   0   4.4
6.42   0   4.4
6.44   0   4.4
6.46   0   4.4
6.48   0   4.4
6.5   0   4.4
6.52   0   4.4
6.54   0   4.4
6.56   0   4.4
6.58   0   4.4
6.6   0   4.4
6.62   0   4.4
6.64   0   4.4
6.66   0   4.4
6.68   0   4.4
6.7   0   4.4
6.72   0   4.4
6.74   0   4.4
6.76   0   4.4
6.78   0   4.4
6.8   0   4.4
6.82   0   4.4
6.84   0   4.4
6.86   0   4.4
6.88   0   4.4
6.9   0   4.4
6.92   0   4.4
6.94   0   4.4
6.96   0   4.4
6.98   0   4.4
7   0   4.4
7.02   0   4.4
7.04   0   4.4
7.06   0   4.4
7.08   0   4.4
7.1   0   4.4
7.12   0   4.4
7.14   0   4.4
7.16   0   4.4
7.18   0   4.4
7.2   0   4.4
7.22   0   4.4
7.24   0   4.4
7.26   0   4.4
7.28   0   4.4
7.3   0   4.4
7.32   0   4.4
7.34   0   4.4
7.36   0   4.4
7.38   0   4.4
7.4   0   4.4
7.42   0   4.4
7.44   0   4.4
7.46   0   4.4
7.48   0   4.4
7.5   0   4.4
7.52   0   4.4
7.54   0   4.4
7.56   0   4.4
7.58   0   4.4
7.6   0   4.4
7.62   0   4.4
7.64   0   4.4
7.66   0   4.4
7.68   0   4.4
7.7   0   4.4
7.72   0   4.4
7.74   0   4.4
7.76   0   4.4
7.78   0   4.4
7.8   0   4.4
7.82   0   4.4
7.84   0   4.4
7.86   0   4.4
7.88   0   4.4
7.9   0   4.4
7.92   0   4.4
7.94   0   4.4
7.96   0   4.4
7.98   0   4.4
8   0   4.4
8.02   0   4.4
8.04   0   4.4
8.06   0   4.4
8.08   0   4.4
8.1   0   4.4
8.12   0   4.4
8.14   0   4.4
8.16   0   4.4
8.18   0   4.4
8.2   0   4.4
8.22   0   4.4
8.24   0   4.4
8.26   0   4.4
8.28   0   4.4
8.3   0   4.4
8.32   0   4.4
8.34   0   4.4
8.36   0   4.4
8.38   0   4.4
8.4   0   4.4
8.42   0   4.4
8.44   0   4.4
8.46   0   4.4
8.48   0   4.4
8.5   0   4.4
8.52   0   4.4
8.54   0   4.4
8.56   0   4.4
8.58   0   4.4
8.6   0   4.4
8.62   0   4.4
8.64   0   4.4
8.66   0   4.4
8.68   0   4.4
8.7   0   4.4
8.72   0   4.4
8.74   0   4.4
8.76   0   4.4
8.78   0   4.4
8.8   0   4.4
8.82   0   4.4
8.84   0   4.4
8.86   0   4.4
8.88   0   4.4
8.9   0   4.4
8.92   0   4.4
8.94   0   4.4
8.96   0   4.4
8.98   0   4.4
9   0   4.4
9.02   0   4.4
9.04   0   4.4
9.06   0   4.4
9.08   0   4.4
9.1   0   4.4
9.12   0   4.4
9.14   0   4.4
9.16   0   4.4
9.18   0   4.4
9.2   0   4.4
9.22   0   4.4
9.24   0   4.4
9.26   0   4.4
9.28   0   4.4
9.3   0   4.4
9.32   0   4.4
9.34   0   4.4
9.36   0   4.4
9.38   0   4.4
9.4   0   4.4
9.42   0   4.4
9.44   0   4.4
9.46   0   4.4
9.48   0   4.4
9.5   0   4.4
9.52   0   4.4
9.54   0   4.4
9.56   0   4.4
9.58   0   4.4
9.6   0   4.4
9.62   0   4.4
9.64   0   4.4
9.66   0   4.4
9.68   0   4.4
9.7   0   4.4
9.72   0   4.4
9.74   0   4.4
9.76   0   4.4
9.78   0   4.4
9.8   0   4.4
9.82   0   4.4
9.84   0   4.4
9.86   0   4.4
9.88   0   4.4
9.9   0   4.4
9.92   0   4.4
9.94   0   4.4
9.96   0   4.4
9.98   0   4.4
10   0   4.4
10.02   0   4.4
10.04   0.979633   4.4
10.06   1.00731   4.4
10.08   1.03618   4.4
10.1   1.0663   4.4
10.12   1.09776   4.4
10.14   1.13062   4.4
10.16   1.16499   4.4
10.18   1.20095   4.4
10.2   1.23859   4.4
10.22   1.27804   4.4
10.24   1.31939   4.4
10.26   1.36279   4.4
10.28   1.40836   4.4
10.3   1.45626   4.4
10.32   1.50663   4.4
10.34   1.55967   4.4
10.36   1.61556   4.4
10.38   1.6745   4.4
10.4   1.73673   4.4
10.42   1.80248   4.4
10.44   1.87205   4.4
10.46   1.94571   4.4
10.48   2.0238   4.4
10.5   2.10669   4.4
10.52   2.19477   4.4
10.54   2.28849   4.4
10.56   2.38834   4.4
10.58   2.49486   4.4
10.6   2.60866   4.4
10.62   2.73041   4.4
10.64   2.86089   4.4
10.66   3.00093   4.4
10.68   3.1515   4.4
10.7   3.31368   4.4
10.72   3.48869   4.4
10.74   3.67791   4.4
10.76   3.88293   4.4
10.78   4.10555   4.4
10.8   4.34785   4.4
10.82   4.61221   4.4
10.84   4.90137   4.4
10.86   5.21855   4.4
10.88   5.56746   4.4
10.9   5.95249   4.4
10.92   6.37876   4.4
10.94   6.85239   4.4
10.96   7.38062   4.4
10.98   7.97215   4.4
11   8.63748   4.4
11.02   9.38937   4.4
11.04   10.2434   4.4
11.06   11.219   4.4
11.08   12.34   4.4
11.1   13.6368   4.4
11.12   15.1479   4.4
11.14   16.9229   4.4
11.16   19.0263   4.4
11.18   21.5438   4.64153
11.2   24.5903   4.95886
11.22   28.323   5.32194
11.24   32.9612   5.74118
11.26   38.8176   6.23037
11.28   46.3501   6.80809
11.3   56.2544   7.50029
11.32   69.6533   8.34585
11.34   88.5385   9.40949
11.36   116.793   10.8071
11.38   162.111   12.7323
11.4   238.278   15.4362
11.42   365.257   19.1117
11.44   561.572   23.6975
11.46   811.574   28.4881
11.48   984.492   31.3766
11.5   902.984   30.0497
11.52   659.498   25.6807
11.54   435.41   20.8665
11.56   282.045   16.7942
11.58   188.051   13.7132
11.6   132.366   11.505
11.62   98.465   9.92295
11.64   76.4362   8.74278
11.66   61.1428   7.81939
11.68   50.0014   7.07117
11.7   41.6159   6.45104
11.72   35.1504   5.92878
11.74   30.0662   5.48326
11.76   25.9998   5.099
11.78   22.6989   4.76434
11.8   19.9843   4.47038
11.82   17.7259   4.4
11.84   15.8275   4.4
11.86   14.2168   4.4
11.88   12.8389   4.4
11.9   11.6512   4.4
11.92   10.6203   4.4
11.94   9.7199   4.4
11.96   8.92894   4.4
11.98   8.23045   4.4
12   7.61059   4.4
12.02   7.05801   4.4
12.04   6.56335   4.4
12.06   6.11881   4.4
12.08   5.71784   4.4
12.1   5.35496   4.4
12.12   5.02549   4.4
12.14   4.72546   4.4
12.16   4.45147   4.4
12.18   4.2006   4.4
12.2   3.97032   4.4
12.22   3.75845   4.4
12.24   3.56306   4.4
12.26   3.38251   4.4
12.28   3.21533   4.4
12.3   3.06022   4.4
12.32   2.91606   4.4
12.34   2.78184   4.4
12.36   2.65667   4.4
12.38   2.53976   4.4
12.4   2.43038   4.4
12.42   2.32792   4.4
12.44   2.2318   4.4
12.46   2.1415   4.4
12.48   2.05657   4.4
12.5   1.97659   4.4
12.52   1.90119   4.4
12.54   1.83001   4.4
12.56   1.76276   4.4
12.58   1.69914   4.4
12.6   1.63891   4.4
12.62   1.58182   4.4
12.64   1.52766   4.4
12.66   1.47623   4.4
12.68   1.42735   4.4
12.7   7.50141   4.4
12.72   7.63066   4.4
12.74   7.76949   4.4
12.76   7.9182   4.4
12.78   8.07714   4.4
12.8   8.2467   4.4
12.82   8.42731   4.4
12.84   8.61948   4.4
12.86   8.82374   4.4
12.88   9.04068   4.4
12.9   9.27097   4.4
12.92   9.51534   4.4
12.94   9.77457   4.4
12.96   9.11181   4.4
12.98   9.42835   4.4
13   9.76168   4.4
13.02   10.113   4.4
13.04   10.4836   4.4
13.06   10.8749   4.4
13.08   11.2886   4.4
13.1   11.7263   4.4
13.12   12.1899   4.4
13.14   12.6815   4.4
13.16   13.2035   4.4
13.18   13.7584   4.4
13.2   14.3489   4.4
13.22   14.9783   4.4
13.24   15.6499   4.4
13.26   16.3677   4.4
13.28   17.136   4.4
13.3   17.9596   4.4
13.32   18.844   4.4
13.34   19.7952   4.44918
13.36   20.8203   4.56292
13.38   21.9269   4.68262
13.4   23.1241   4.80875
13.42   24.4218   4.94184
13.44   25.8318   5.0825
13.46   27.3672   5.23137
13.48   29.0434   5.3892
13.5   30.8782   5.55682
13.52   32.8921   5.73516
13.54   35.1091   5.9253
13.56   37.5575   6.12842
13.58   40.2705   6.3459
13.6   43.2875   6.57933
13.62   46.6556   6.83049
13.64   50.4313   7.1015
13.66   54.6827   7.39477
13.68   59.4929   7.71317
13.7   64.964   8.06003
13.72   71.2221   8.43932
13.74   78.4248   8.85578
13.76   86.7711   9.3151
13.78   96.5147   9.82419
13.8   107.983   10.3915
13.82   121.606   11.0275
13.84   137.952   11.7453
13.86   157.789   12.5614
13.88   182.173   13.4972
13.9   212.585   14.5803
13.92   251.148   15.8476
13.94   300.993   17.3492
13.96   366.937   19.1556
13.98   456.909   21.3754
14   585.341   24.1938
14.02   780.758   27.9421
14.04   1098.92   33.15
14.06   1635.68   40.4436
14.08   2520.16   50.2012
14.1   3845.17   62.0094
14.12   5392.53   73.4338
14.14   6146.45   78.3993
14.16   5276.29   72.6381
14.18   3721.26   61.0021
14.2   2431.88   49.3141
14.22   1581.03   39.7622
14.24   1066.97   32.6644
14.26   761.993   27.6042
14.28   573.771   23.9535
14.3   449.36   21.1981
14.32   361.827   19.0218
14.34   297.491   17.2479
14.36   248.767   15.7723
14.38   211.018   14.5265
14.4   181.215   13.4616
14.42   157.298   12.5418
14.44   137.83   11.7401
14.46   121.783   11.0356
14.48   108.409   10.412
14.5   97.1516   9.85655
14.52   87.5916   9.35904
14.54   79.4089   8.91117
14.56   72.3551   8.50618
14.58   66.2353   8.13851
14.6   60.8953   7.80354
14.62   56.2114   7.49742
14.64   52.0837   7.21691
14.66   48.4311   6.95924
14.68   45.1868   6.72211
14.7   42.2957   6.50351
14.72   39.7121   6.30175
14.74   37.3978   6.11537
14.76   35.3208   5.94313
14.78   33.454   5.78394
14.8   31.7748   5.63691
14.82   30.2638   5.50125
14.84   28.9047   5.37631
14.86   27.684   5.26156
14.88   26.5899   5.15654
14.9   25.613   5.06092
14.92   24.7452   4.97446
14.94   23.9803   4.89697
14.96   23.3135   4.8284
14.98   22.7411   4.76876
15   22.261   4.71816
15.02   21.8726   4.67681
15.04   21.5763   4.64503
15.06   21.3746   4.62327
15.08   21.2713   4.61209
15.1   21.2726   4.61223
15.12   21.3869   4.6246
15.14   21.6255   4.65032
15.16   28.3031   5.32007
15.18   29.017   5.38674
15.2   29.923   5.4702
15.22   31.0551   5.57271
15.24   32.4576   5.69716
15.26   34.1893   5.84716
15.28   36.3286   6.02732
15.3   38.9819   6.24355
15.32   42.2963   6.50356
15.34   46.4779   6.81747
15.36   51.8237   7.19886
15.38   58.7721   7.6663
15.4   67.9992   8.24616
15.42   80.6219   8.97897
15.44   98.6817   9.93386
15.46   126.22   11.2348
15.48   171.116   13.0811
15.5   246.811   15.7102
15.52   371.178   19.266
15.54   556.333   23.5867
15.56   768.995   27.7308
15.58   864.95   29.41
15.6   732.043   27.0563
15.62   518.067   22.7611
15.64   343.316   18.5288
15.66   228.827   15.127
15.68   160.062   12.6515
15.7   119.54   10.9334
15.72   94.7712   9.73505
15.74   78.6448   8.86819
15.76   67.5548   8.21917
15.78   59.668   7.72451
15.8   53.9671   7.34623
15.82   49.8309   7.0591
15.84   46.8561   6.84515
15.86   44.7714   6.69115
15.88   43.3912   6.5872
15.9   42.5867   6.52585
15.92   42.2687   6.50144
15.94   42.3758   6.50967
15.96   42.871   6.5476
15.98   43.7239   6.6124
16   44.9261   6.7027
16.02   46.4777   6.81746
16.04   48.3887   6.9562
16.06   50.6788   7.11891
16.08   53.3783   7.30604
16.1   56.5281   7.51852
16.12   60.182   7.75771
16.14   64.4086   8.0255
16.16   69.2945   8.32433
16.18   74.9487   8.65729
16.2   81.5088   9.02822
16.22   89.149   9.44188
16.24   98.0914   9.90411
16.26   108.622   10.4222
16.28   121.112   11.0051
16.3   136.051   11.6641
16.32   154.095   12.4135
16.34   176.131   13.2714
16.36   203.391   14.2615
16.38   237.611   15.4146
16.4   281.306   16.7722
16.42   338.227   18.3909
16.44   414.246   20.353
16.46   519.331   22.7888
16.48   672.216   25.9271
16.5   910.278   30.1708
16.52   1304.49   36.1177
16.54   1969.23   44.376
16.56   3041.2   55.1471
16.58   4562.17   67.5439
16.6   6074.48   77.9389
16.62   6322.14   79.5119
16.64   5019.3   70.847
16.66   3417.76   58.4616
16.68   2216.71   47.0819
16.7   1453.35   38.1229
16.72   998.022   31.5915
16.74   725.891   26.9424
16.76   554.375   23.5452
16.78   438.47   20.9397
16.8   355.583   18.8569
16.82   293.983   17.1459
16.84   246.945   15.7145
16.86   210.251   14.5
16.88   181.106   13.4575
16.9   158.544   12.5914
16.92   139.334   11.804
16.94   123.432   11.11
16.96   110.126   10.4941
16.98   98.8857   9.94413
17   89.307   9.45024
17.02   81.0813   9.00451
17.04   73.1497   8.55276
17.06   66.9807   8.18417
17.08   61.5828   7.84747
17.1   56.8352   7.53891
17.12   52.6401   7.25535
17.14   48.9175   6.99411
17.16   45.6023   6.75295
17.18   42.6405   6.52997
17.2   39.9879   6.3236
17.22   37.6083   6.13256
17.24   35.4727   5.9559
17.26   33.56   5.7931
17.28   31.8587   5.64436
17.3   30.3729   5.51116
17.32   29.1285   5.39708
17.34   28.174   5.30792
17.36   27.5569   5.24947
17.38   27.2247   5.21773
17.4   26.7675   5.17374
17.42   25.5952   5.05917
17.44   23.96   4.8949
17.46   22.4467   4.7378
17.48   21.2279   4.60738
17.5   20.266   4.50177
17.52   19.4895   4.41469
17.54   18.8415   4.4
17.56   18.2866   4.4
17.58   17.8058   4.4
17.6   17.3889   4.4
17.62   17.0299   4.4
17.64   16.7254   4.4
17.66   16.4735   4.4
17.68   16.2731   4.4
17.7   16.1245   4.4
17.72   16.0283   4.4
17.74   15.9865   4.4
17.76   16.0015   4.4
17.78   16.077   4.4
17.8   16.2178   4.4
17.82   16.43   4.4
17.84   16.7211   4.4
17.86   17.1009   4.4
17.88   17.5813   4.4
17.9   18.1773   4.4
17.92   18.9078   4.4
17.94   21.7107   4.65947
17.96   22.8419   4.77932
17.98   24.2031   4.91966
18   25.8448   5.08378
18.02   27.8336   5.27575
18.04   30.2577   5.5007
18.06   33.2367   5.76513
18.08   36.9349   6.07741
18.1   35.5716   5.9642
18.12   41.6579   6.45429
18.14   49.5061   7.03606
18.16   59.8669   7.73737
18.18   73.9753   8.60089
18.2   94.0792   9.69944
18.22   124.62   11.1633
18.24   174.281   13.2016
18.26   257.997   16.0623
18.28   395.9   19.8972
18.3   602.511   24.5461
18.32   844.03   29.0522
18.34   962.194   31.0193
18.36   827.15   28.7602
18.38   584.78   24.1822
18.4   383.661   19.5873
18.42   250.962   15.8418
18.44   170.852   13.071
18.46   123.411   11.109
18.48   94.2192   9.70666
18.5   75.0083   8.66073
18.52   61.5713   7.84674
18.54   51.7721   7.19528
18.56   44.428   6.66543
18.58   38.8165   6.23029
18.6   34.4667   5.87083
18.62   31.0593   5.57308
18.64   28.3724   5.32657
18.66   26.2485   5.12333
18.68   24.5739   4.95721
18.7   23.2658   4.82346
18.72   22.2629   4.71836
18.74   21.5203   4.639
18.76   21.005   4.58312
18.78   20.6931   4.54897
18.8   20.5686   4.53526
18.82   20.6213   4.54106
18.84   20.8464   4.56578
18.86   21.2441   4.60913
18.88   21.8164   4.67081
18.9   22.5794   4.75178
18.92   23.5451   4.85233
18.94   24.7349   4.97342
18.96   26.1772   5.11637
18.98   27.9096   5.28295
19   29.9803   5.47543
19.02   32.4523   5.69669
19.04   35.4069   5.95037
19.06   38.9509   6.24106
19.08   43.225   6.57457
19.1   48.4178   6.95829
19.12   54.7848   7.40168
19.14   62.6793   7.91703
19.16   72.5986   8.52048
19.18   85.2592   9.23359
19.2   101.725   10.0859
19.22   123.643   11.1195
19.24   153.763   12.4001
19.26   197.166   14.0416
19.28   263.95   16.2465
19.3   373.629   19.3295
19.32   558.834   23.6397
19.34   861.393   29.3495
19.36   1304.65   36.1199
19.38   1789.91   42.3074
19.4   1959.69   44.2684
19.42   1621.78   40.2714
19.44   1124.55   33.5343
19.46   732.515   27.065
19.48   478.28   21.8696
19.5   325.67   18.0463
19.52   234.886   15.326
19.54   178.329   13.354
19.56   140.557   11.8557
19.58   113.77   10.6663
19.6   93.9747   9.69406
19.62   78.9206   8.88372
19.64   67.2162   8.19855
19.66   57.9461   7.61223
19.68   50.4853   7.1053
19.7   44.3958   6.66302
19.72   39.3635   6.27404
19.74   35.159   5.9295
19.76   31.6116   5.62242
19.78   28.5922   5.34717
19.8   25.0753   5.00753
19.82   22.8623   4.78145
19.84   20.9403   4.57606
19.86   19.2615   4.4
19.88   17.7876   4.4
19.9   16.4874   4.4
19.92   15.3357   4.4
19.94   14.3117   4.4
19.96   13.3982   4.4
19.98   12.5809   4.4
20   11.8479   4.4
20.02   11.1889   4.4
20.04   10.5957   4.4
20.06   10.0609   4.4
20.08   9.57857   4.4
20.1   9.14339   4.4
20.12   8.751   4.4
20.14   8.39765   4.4
20.16   8.96918   4.4
20.18   8.70984   4.4
20.2   8.48259   4.4
20.22   8.28573   4.4
20.24   8.1179   4.4
20.26   9.58445   4.4
20.28   9.51666   4.4
20.3   9.47794   4.4
20.32   9.46851   4.4
20.34   9.48901   4.4
20.36   9.54049   4.4
20.38   9.6245   4.4
20.4   9.74318   4.4
20.42   9.89934   4.4
20.44   10.0966   4.4
20.46   10.3395   4.4
20.48   10.6341   4.4
20.5   10.9878   4.4
20.52   11.4101   4.4
20.54   11.9133   4.4
20.56   12.5133   4.4
20.58   13.231   4.4
20.6   14.094   4.4
20.62   15.1395   4.4
20.64   16.4185   4.4
20.66   18.0023   4.4
20.68   19.9927   4.47132
20.7   22.5391   4.74754
20.72   25.8698   5.08624
20.74   30.3566   5.50969
20.76   36.6675   6.05537
20.78   46.1141   6.79074
20.8   61.2784   7.82805
20.82   86.6876   9.31062
20.84   128.66   11.3428
20.86   190.508   13.8024
20.88   268.269   16.3789
20.9   314.037   17.7211
20.92   279.34   16.7135
20.94   203.148   14.253
20.96   137.165   11.7118
20.98   93.145   9.65117
21   66.6665   8.16496
21.02   51.2954   7.16208
21.04   42.3128   6.50483
21.06   36.6969   6.05779
21.08   33.11   5.75413
21.1   30.8324   5.55269
21.12   29.4776   5.42932
21.14   28.8201   5.36843
21.16   28.7231   5.35939
21.18   29.1049   5.39489
21.2   29.9219   5.47009
21.22   31.1589   5.58202
21.24   32.8242   5.72924
21.26   34.9481   5.91169
21.28   37.5835   6.13054
21.3   40.8099   6.38826
21.32   44.7393   6.68874
21.34   49.5265   7.03751
21.36   55.3854   7.44214
21.38   62.614   7.9129
21.4   71.6339   8.46368
21.42   83.0562   9.11352
21.44   97.8012   9.88945
21.46   117.347   10.8327
21.48   144.308   12.0128
21.5   183.686   13.5531
21.52   244.965   15.6514
21.54   344.02   18.5478
21.56   501.816   22.4012
21.58   732.936   27.0728
21.6   1001.13   31.6407
21.62   1154.63   33.9799
21.64   1111.5   33.3392
21.66   1056.82   32.5088
21.68   1155.85   33.9978
21.7   1436.11   37.8961
21.72   1754.27   41.884
21.74   1760.43   41.9575
21.76   1384.34   37.2067
21.78   949.142   30.8081
21.8   626.161   25.0232
21.82   420.251   20.5
21.84   296.035   17.2057
21.86   220.472   14.8483
21.88   181.816   13.4839
21.9   148.655   12.1924
21.92   124.667   11.1654
21.94   106.695   10.3293
21.96   92.8998   9.63845
21.98   82.1146   9.06171
22   73.5574   8.57656
22.02   66.6877   8.16625
22.04   61.122   7.81806
22.06   56.5834   7.52219
22.08   52.8681   7.27104
22.1   49.8245   7.05865
22.12   47.3387   6.88031
22.14   45.3245   6.73235
22.16   43.7176   6.61193
22.18   42.4703   6.51693
22.2   41.5495   6.44589
22.22   40.9347   6.39802
22.24   40.6179   6.37322
22.26   40.6051   6.37221
22.28   40.9191   6.39681
22.3   41.6067   6.45033
22.32   42.7513   6.53845
22.34   44.5039   6.67112
22.36   46.8601   6.84544
22.38   51.0096   7.1421
22.4   57.7791   7.60126
22.42   69.0169   8.30764
22.44   86.9867   9.32667
22.46   112.584   10.6106
22.48   139.008   11.7901
22.5   145.884   12.0783
22.52   126.618   11.2524
22.54   101.449   10.0722
22.56   82.8038   9.09966
22.58   71.6563   8.465
22.6   65.9293   8.11968
22.62   63.5528   7.972
22.64   63.1482   7.94658
22.66   63.974   7.99837
22.68   65.6779   8.10419
22.7   68.1017   8.25237
22.72   71.1821   8.43695
22.74   74.9096   8.65503
22.76   79.3123   8.90575
22.78   84.4511   9.18973
22.8   90.4196   9.50892
22.82   97.349   9.86656
22.84   105.418   10.2673
22.86   114.867   10.7176
22.88   126.026   11.2261
22.9   139.359   11.805
22.92   155.549   12.4719
22.94   175.688   13.2547
22.96   201.713   14.2026
22.98   237.22   15.4019
23   288.495   16.9851
23.02   364.726   19.0978
23.04   475.185   21.7987
23.06   616.582   24.8311
23.08   738.38   27.1731
23.1   765.633   27.6701
23.12   732.056   27.0565
23.14   732.611   27.0668
23.16   784.806   28.0144
23.18   908.811   30.1465
23.2   1125.33   33.546
23.22   1483.71   38.5189
23.24   2094.6   45.7667
23.26   3134.16   55.9836
23.28   4816.93   69.4041
23.3   7209.94   84.9114
23.32   9597.25   97.9655
23.34   10000   100
23.36   7951.3   89.1701
23.38   5422.57   73.6381
23.4   3523.78   59.3615
23.42   2316.34   48.1284
23.44   1596   39.95
23.46   1165.58   34.1406
23.48   894.465   29.9076
23.5   711.416   26.6724
23.52   580.664   24.097
23.54   483.642   21.9919
23.56   409.709   20.2413
23.58   352.195   18.7669
23.6   306.677   17.5122
23.62   270.123   16.4354
23.64   240.397   15.5047
23.66   215.966   14.6958
23.68   195.706   13.9895
23.7   178.781   13.3709
23.72   164.558   12.828
23.74   152.553   12.3512
23.76   142.39   11.9327
23.78   133.778   11.5662
23.8   126.485   11.2465
23.82   120.328   10.9694
23.84   115.164   10.7314
23.86   110.877   10.5298
23.88   107.375   10.3622
23.9   104.59   10.2269
23.92   102.465   10.1225
23.94   100.963   10.048
23.96   100.055   10.0028
23.98   99.6281   9.98139
24   99.8792   9.99396
24.02   100.714   10.0356
24.04   102.15   10.107
24.06   104.22   10.2088
24.08   106.968   10.3425
24.1   110.453   10.5096
24.12   114.754   10.7123
24.14   119.971   10.9531
24.16   126.232   11.2353
24.18   133.699   11.5628
24.2   142.575   11.9405
24.22   153.12   12.3742
24.24   165.669   12.8712
24.26   180.651   13.4407
24.28   198.63   14.0936
24.3   220.347   14.8441
24.32   246.8   15.7099
24.34   279.348   16.7137
24.36   319.878   17.8851
24.38   371.064   19.263
24.4   436.797   20.8997
24.42   522.919   22.8674
24.44   638.68   25.2721
24.46   800.047   28.2851
24.48   1037.5   32.2102
24.5   1411.75   37.5732
24.52   2035.58   45.1174
24.54   3083.66   55.5307
24.56   4747.64   68.9031
24.58   7022.04   83.7976
24.6   9034.01   95.0474
24.62   8975.69   94.7401
24.64   6962.89   83.4439
24.66   4747.59   68.9028
24.68   3101.74   55.6933
24.7   2050.72   45.2849
24.72   1419.89   37.6814
24.74   1039.52   32.2416
24.76   797.878   28.2467
24.78   633.832   25.176
24.8   516.23   22.7207
24.82   419.17   20.4736
24.84   352.398   18.7723
24.86   300.236   17.3273
24.88   258.751   16.0857
24.9   225.238   15.0079
24.92   197.796   14.064
24.94   175.051   13.2307
24.96   155.996   12.4898
24.98   139.878   11.827
25   126.127   11.2306
25.02   114.302   10.6912
25.04   104.063   10.2011
25.06   95.1386   9.7539
25.08   87.3143   9.34421
25.1   80.4172   8.96757
25.12   74.3072   8.62016
25.14   68.8695   8.29876
25.16   64.0094   8.00059
25.18   59.6485   7.72324
25.2   55.7211   7.46466
25.22   52.1721   7.22303
25.24   48.9549   6.99678
25.26   46.0298   6.78453
25.28   43.363   6.58506
25.3   40.9254   6.3973
25.32   38.6921   6.2203
25.34   36.6414   6.05321
25.36   34.7546   5.8953
25.38   33.0153   5.7459
25.4   31.4094   5.60441
25.42   29.9244   5.47032
25.44   28.5494   5.34316
25.46   27.2748   5.22253
25.48   26.0924   5.10807
25.5   24.9949   4.99949
25.52   23.9761   4.89654
25.54   23.0304   4.799
25.56   22.1535   4.70675
25.58   21.3415   4.61969
25.6   20.5916   4.53779
25.62   19.9017   4.46113
25.64   19.2708   4.4
25.66   18.6989   4.4
25.68   18.1877   4.4
25.7   17.7402   4.4
25.72   17.3621   4.4
25.74   17.0625   4.4
25.76   16.855   4.4
25.78   16.7606   4.4
25.8   16.8118   4.4
25.82   17.0602   4.4
25.84   17.5941   4.4
25.86   18.5801   4.4
25.88   20.3517   4.51128
25.9   23.5473   4.85255
25.92   29.2096   5.40459
25.94   38.6161   6.21418
25.96   52.2738   7.23006
25.98   66.3495   8.14552
26   69.374   8.3291
26.02   57.5009   7.58294
26.04   42.1914   6.49549
26.06   30.4751   5.52043
26.08   22.9007   4.78547
26.1   9.81114   4.4
26.12   6.9201   4.4
26.14   5.28212   4.4
26.16   4.18017   4.4
26.18   3.3949   4.4
26.2   2.81295   4.4
26.22   2.36973   4.4
26.24   2.02489   4.4
26.26   1.75178   4.4
26.28   1.53212   4.4
26.3   1.35307   4.4
26.32   1.20542   4.4
26.34   1.0824   4.4
26.36   0.978988   4.4
26.38   0.891383   4.4
26.4   0.816663   4.4
26.42   0.752562   4.4
26.44   4.1905   4.4
26.46   4.24122   4.4
26.48   4.30248   4.4
26.5   5.74374   4.4
26.52   5.86223   4.4
26.54   5.99139   4.4
26.56   6.13111   4.4
26.58   6.28143   4.4
26.6   7.28117   4.4
26.62   7.47643   4.4
26.64   7.68392   4.4
26.66   7.9041   4.4
26.68   8.13749   4.4
26.7   8.38474   4.4
26.72   8.64656   4.4
26.74   8.92378   4.4
26.76   9.2173   4.4
26.78   9.52817   4.4
26.8   9.85752   4.4
26.82   10.2066   4.4
26.84   10.5769   4.4
26.86   10.97   4.4
26.88   11.3876   4.4
26.9   11.8316   4.4
26.92   12.3044   4.4
26.94   12.8082   4.4
26.96   13.3459   4.4
26.98   13.9205   4.4
27   14.5356   4.4
27.02   15.1951   4.4
27.04   15.9034   4.4
27.06   18.87   4.4
27.08   19.7548   4.44464
27.1   20.7093   4.55075
27.12   21.7417   4.66279
27.14   22.8617   4.78139
27.16   24.081   4.90724
27.18   25.4139   5.04122
27.2   26.878   5.1844
27.22   28.4954   5.33811
27.24   30.2949   5.50408
27.26   32.3152   5.68465
27.28   34.6107   5.88308
27.3   37.2646   6.10447
27.32   40.4196   6.35764
27.34   44.341   6.65891
27.36   49.512   7.03648
27.38   56.6944   7.52957
27.4   66.7918   8.17262
27.42   80.0949   8.94958
27.44   93.7008   9.67992
27.46   99.7713   9.98856
27.48   96.8017   9.83879
27.5   92.9358   9.64032
27.52   92.5578   9.6207
27.54   96.0663   9.80134
27.56   102.908   10.1444
27.58   112.652   10.6137
27.6   125.344   11.1957
27.62   141.14   11.8802
27.64   160.857   12.683
27.66   185.638   13.6249
27.68   217.196   14.7376
27.7   258.132   16.0665
27.72   312.582   17.68
27.74   387.713   19.6904
27.76   497.19   22.2978
27.78   667.858   25.843
27.8   948.244   30.7936
27.82   1410.7   37.5592
27.84   2129.28   46.1441
27.86   3078.58   55.4849
27.88   3856.08   62.0973
27.9   3821.83   61.821
27.92   3236.16   56.8872
27.94   2784.5   52.7684
27.96   2575.87   50.753
27.98   2305.91   48.0199
28   1892.28   43.5004
28.02   1575.64   39.6944
28.04   1453.56   38.1256
28.06   1418.24   37.6595
28.08   1258.4   35.4739
28.1   969.679   31.1397
28.12   703.631   26.526
28.14   515.435   22.7032
28.16   394.678   19.8665
28.18   319.579   17.8768
28.2   272.479   16.5069
28.22   242.405   15.5694
28.24   223.56   14.9519
28.26   213.182   14.6007
28.28   210.149   14.4965
28.3   214.402   14.6425
28.32   226.869   15.0622
28.34   249.819   15.8057
28.36   287.987   16.9702
28.38   351.221   18.7409
28.4   460.763   21.4654
28.42   647.524   25.4465
28.44   959.355   30.9735
28.46   1430.37   37.8202
28.48   1989.32   44.6017
28.5   2267.87   47.6222
28.52   1961.42   44.288
28.54   1399.67   37.4122
28.56   930.603   30.5058
28.58   620.019   24.9002
28.6   431.914   20.7825
28.62   320.137   17.8924
28.64   251.119   15.8467
28.66   205.55   14.337
28.68   173.596   13.1756
28.7   150.267   12.2584
28.72   132.809   11.5243
28.74   119.543   10.9336
28.76   109.385   10.4587
28.78   101.608   10.0801
28.8   95.7176   9.78354
28.82   91.3827   9.55943
28.84   88.3868   9.40142
28.86   86.6065   9.30626
28.88   86.0041   9.27384
28.9   86.64   9.30806
28.92   88.7267   9.41948
28.94   92.7205   9.62915
28.96   99.6951   9.98475
28.98   111.31   10.5503
29   129.794   11.3927
29.02   156.582   12.5133
29.04   187.262   13.6844
29.06   204.246   14.2915
29.08   196.991   14.0353
29.1   183.288   13.5384
29.12   178.049   13.3435
29.14   184.461   13.5817
29.16   202.531   14.2313
29.18   233.149   15.2692
29.2   280.11   16.7365
29.22   352.806   18.7831
29.24   471.04   21.7035
29.26   670.758   25.899
29.28   1004.09   31.6873
29.3   1519.1   38.9756
29.32   2173.37   46.6195
29.34   2622.26   51.208
29.36   2402.2   49.0122
29.38   1767.64   42.0434
29.4   1186.71   34.4486
29.42   791.05   28.1256
29.44   550.531   23.4634
29.46   408.917   20.2217
29.48   326.033   18.0564
29.5   274.899   16.5801
29.52   242.373   15.5683
29.54   221.994   14.8995
29.56   209.648   14.4792
29.58   205.243   14.3263
29.6   207.135   14.3922
29.62   215.199   14.6697
29.64   229.941   15.1638
29.66   252.596   15.8933
29.68   285.435   16.8948
29.7   332.543   18.2358
29.72   401.594   20.0398
29.74   507.267   22.5226
29.76   675.717   25.9946
29.78   946.706   30.7686
29.8   1365.9   36.9581
29.82   1941.64   44.0641
29.84   2522.16   50.2211
29.86   2880.6   53.6712
29.88   3213.43   56.6871
29.9   3765.03   61.3598
29.92   4139.01   64.3352
29.94   3667.51   60.56
29.96   2667.01   51.6431
29.98   1781.97   42.2133
30   1179.22   34.3398
30.02   806.849   28.4051
30.04   582.574   24.1366
30.06   443.109   21.0502
30.08   350.579   18.7238
30.1   285.195   16.8877
30.12   236.847   15.3898
30.14   199.972   14.1412
30.16   171.527   13.0968
30.18   148.636   12.1916
30.2   130.127   11.4073
30.22   114.946   10.7213
30.24   102.339   10.1163
30.26   91.7519   9.57872
30.28   82.7738   9.09801
30.3   75.0926   8.6656
30.32   68.4686   8.27457
30.34   62.7152   7.91929
30.36   57.6856   7.5951
30.38   54.4752   7.38074
30.4   50.5989   7.11329
30.42   47.16   6.86731
30.44   44.0961   6.64049
30.46   41.6322   6.4523
30.48   39.1803   6.25942
30.5   36.9737   6.0806
30.52   34.8854   5.90638
30.54   33.0864   5.75208
30.56   32.622   5.71156
30.58   31.174   5.58337
30.6   29.8614   5.46456
30.62   28.6709   5.35452
30.64   27.5907   5.25268
30.66   26.611   5.15858
30.68   25.7231   5.07179
30.7   24.9196   4.99196
30.72   24.1942   4.91876
30.74   23.5413   4.85194
30.76   22.9563   4.79128
30.78   22.4352   4.73658
30.8   21.9746   4.6877
30.82   19.1237   4.4
30.84   18.8414   4.4
30.86   18.6106   4.4
30.88   18.4301   4.4
30.9   18.2994   4.4
30.92   18.2186   4.4
30.94   18.188   4.4
30.96   18.2087   4.4
30.98   18.2823   4.4
31   18.4111   4.4
31.02   18.5981   4.4
31.04   18.8473   4.4
31.06   19.1634   4.4
31.08   19.5528   4.42185
31.1   20.0231   4.47472
31.12   20.584   4.53696
31.14   26.0074   5.09975
31.16   26.9209   5.18854
31.18   27.9774   5.28937
31.2   29.2027   5.40395
31.22   30.6303   5.53446
31.24   32.3056   5.6838
31.26   34.2911   5.85586
31.28   36.6769   6.05614
31.3   39.6017   6.29299
31.32   41.7588   6.4621
31.34   46.7083   6.83435
31.36   53.6576   7.32513
31.38   63.8815   7.99259
31.4   75.5087   8.68958
31.42   96.4538   9.82109
31.44   119.513   10.9322
31.46   132.762   11.5222
31.48   132.886   11.5276
31.5   135.013   11.6195
31.52   151.861   12.3232
31.54   191.08   13.8232
31.56   258.291   16.0714
31.58   348.918   18.6793
31.6   421.602   20.533
31.62   411.026   20.2738
31.64   341.573   18.4817
31.66   279.733   16.7252
31.68   248.626   15.7679
31.7   248.866   15.7755
31.72   280.491   16.7479
31.74   351.477   18.7477
31.76   480.73   21.9256
31.78   693.93   26.3426
31.8   1001.46   31.6458
31.82   1322.58   36.3673
31.84   1423.17   37.725
31.86   1246.68   35.3083
31.88   1039.65   32.2436
31.9   933.134   30.5472
31.92   899.582   29.993
31.94   922.437   30.3717
31.96   1049.92   32.4025
31.98   1259.55   35.4901
32   1354.79   36.8074
32.02   1160.62   34.0678
32.04   841.942   29.0162
32.06   579.1   24.0645
32.08   404.856   20.121
32.1   298.777   17.2852
32.12   235.66   15.3512
32.14   196.988   14.0352
32.16   172.283   13.1257
32.18   156.14   12.4956
32.2   145.827   12.0759
32.22   139.878   11.827
32.24   137.473   11.7249
32.26   138.176   11.7548
32.28   141.827   11.9091
32.3   148.492   12.1857
32.32   158.459   12.5881
32.34   172.265   13.125
32.36   190.761   13.8116
32.38   215.24   14.671
32.4   247.643   15.7367
32.42   290.932   17.0567
32.44   349.818   18.7034
32.46   432.413   20.7945
32.48   554.14   23.5402
32.5   745.818   27.3097
32.52   1065.37   32.6401
32.54   1604.34   40.0543
32.56   2467.4   49.6729
32.58   3669.22   60.5741
32.6   4795.01   69.246
32.62   4856.96   69.6919
32.64   3782.79   61.5044
32.66   2559.73   50.5937
32.68   1663.39   40.7847
32.7   1098.89   33.1496
32.72   763.147   27.6251
32.74   562.065   23.7079
32.76   434.81   20.8521
32.78   348.666   18.6726
32.8   288.126   16.9743
32.82   242.984   15.588
32.84   209.217   14.4643
32.86   183.856   13.5593
32.88   165.076   12.8482
32.9   151.884   12.3241
32.92   144.026   12.0011
32.94   142.541   11.9391
32.96   149.986   12.2469
32.98   171.217   13.085
33   212.597   14.5807
33.02   277.375   16.6546
33.04   348.68   18.673
33.06   368.595   19.1988
33.08   308.577   17.5664
33.1   225.831   15.0277
33.12   160.744   12.6785
33.14   117.931   10.8596
33.16   91.4399   9.56242
33.18   74.9295   8.65618
33.2   64.0337   8.00211
33.22   56.3121   7.50414
33.24   50.5267   7.10821
33.26   46.0374   6.78509
33.28   42.4814   6.51778
33.3   39.6355   6.29567
33.32   36.1985   6.01652
33.34   34.429   5.86762
33.36   33.087   5.75213
33.38   32.1573   5.67074
33.4   31.396   5.60321
33.42   31.407   5.6042
33.44   32.0693   5.66298
33.46   32.5666   5.70672
33.48   39.7924   6.30812
33.5   46.0425   6.78546
33.52   57.0354   7.55218
33.54   74.7827   8.6477
33.56   98.9307   9.94639
33.58   119.338   10.9242
33.6   117.273   10.8293
33.62   94.4084   9.7164
33.64   70.892   8.41974
33.66   54.2936   7.36842
33.68   44.1324   6.64322
33.7   38.3265   6.19084
33.72   35.1071   5.92512
33.74   33.3766   5.77725
33.76   32.887   5.73472
33.78   32.7566   5.72334
33.8   33.1894   5.76102
33.82   34.173   5.84577
33.84   35.776   5.9813
33.86   38.1838   6.1793
33.88   41.7983   6.46516
33.9   47.4009   6.88483
33.92   56.2771   7.5018
33.94   70.0299   8.36839
33.96   89.4243   9.45644
33.98   110.218   10.4985
34   118.905   10.9044
34.02   110.643   10.5187
34.04   99.39   9.96945
34.06   94.4889   9.72054
34.08   97.7064   9.88465
34.1   104.749   10.2347
34.12   127.02   11.2703
34.14   165.564   12.8672
34.16   231.978   15.2308
34.18   343.523   18.5344
34.2   516.224   22.7206
34.22   735.814   27.1259
34.24   886.654   29.7767
34.26   814.221   28.5346
34.28   601.586   24.5272
34.3   406.812   20.1696
34.32   274.228   16.5598
34.34   193.716   13.9182
34.36   146.838   12.1177
34.38   119.179   10.9169
34.4   102.122   10.1056
34.42   91.2221   9.55103
34.44   84.267   9.17971
34.46   80.0883   8.94921
34.48   78.0172   8.83274
34.5   77.6581   8.81238
34.52   78.4856   8.85921
34.54   81.0077   9.00043
34.56   84.9062   9.21446
34.58   90.2571   9.50037
34.6   97.2219   9.86012
34.62   106.059   10.2985
34.64   117.149   10.8235
34.66   131.061   11.4482
34.68   148.509   12.1864
34.7   170.619   13.0621
34.72   199.314   14.1179
34.74   236.343   15.3735
34.76   285.753   16.9042
34.78   353.848   18.8109
34.8   452.415   21.2701
34.82   604.873   24.5942
34.84   855.65   29.2515
34.86   1276.52   35.7285
34.88   1953.99   44.2039
34.9   2917.65   54.0153
34.92   3891.02   62.3781
34.94   4097.55   64.0121
34.96   3353.23   57.9071
34.98   2452.75   49.5253
35   1851.44   43.0284
35.02   1549.99   39.3699
35.04   1350.76   36.7527
35.06   1083.74   32.9202
35.08   803.764   28.3507
35.1   592.617   24.3437
35.12   457.36   21.386
35.14   382.981   19.5699
35.16   356.979   18.8939
35.18   372.931   19.3114
35.2   421.997   20.5426
35.22   466.37   21.5956
35.24   438.785   20.9472
35.26   347.354   18.6374
35.28   256.065   16.002
35.3   189.71   13.7735
35.32   146.247   12.0933
35.34   118.352   10.879
35.36   99.8028   9.99014
35.38   86.6658   9.30944
35.4   76.8126   8.76428
35.42   69.139   8.31498
35.44   63.0357   7.9395
35.46   58.0659   7.6201
35.48   54.137   7.35778
35.5   51.0319   7.14366
35.52   48.6723   6.97655
35.54   47.0416   6.85869
35.56   46.1987   6.79696
35.58   46.3244   6.8062
35.6   47.8407   6.9167
35.62   51.6336   7.18565
35.64   59.3025   7.70081
35.66   73.1265   8.5514
35.68   95.0716   9.75047
35.7   122.738   11.0787
35.72   138.974   11.7887
35.74   126.842   11.2624
35.76   98.544   9.92693
35.78   73.6419   8.58149
35.8   57.2231   7.5646
35.82   47.2513   6.87396
35.84   41.6395   6.45287
35.86   38.6136   6.21398
35.88   37.1537   6.09538
35.9   36.7772   6.06442
35.92   37.3026   6.10758
35.94   38.7201   6.22255
35.96   41.1593   6.41555
35.98   44.9265   6.70272
36   50.6126   7.11425
36.02   59.2805   7.69938
36.04   72.7389   8.52871
36.06   93.8052   9.68531
36.08   125.72   11.2125
36.1   170.147   13.044
36.12   230.146   15.1706
36.14   306.816   17.5162
36.16   364.563   19.0935
36.18   342.515   18.5072
36.2   263.876   16.2443
36.22   190.105   13.7879
36.24   140.789   11.8655
36.26   113.012   10.6307
36.28   100.025   10.0012
36.3   96.9186   9.84473
36.32   100.495   10.0247
36.34   110.48   10.5109
36.36   128.22   11.3234
36.38   157.611   12.5543
36.4   207.077   14.3902
36.42   288.435   16.9834
36.44   432.413   20.7945
36.46   657.671   25.6451
36.48   950.565   30.8312
36.5   1166.72   34.1573
36.52   1089.55   33.0084
36.54   805.91   28.3886
36.56   536.306   23.1583
36.58   349.722   18.7008
36.6   234.817   15.3237
36.62   166.689   12.9108
36.64   125.33   11.1951
36.66   98.5803   9.92876
36.68   80.1889   8.95482
36.7   66.8013   8.17321
36.72   56.4875   7.51582
36.74   48.8519   6.98941
36.76   42.929   6.55202
36.78   38.283   6.18733
36.8   34.6146   5.88342
36.82   31.7147   5.63158
36.84   29.436   5.4255
36.86   27.6757   5.26077
36.88   26.3634   5.13453
36.9   25.4555   5.04534
36.92   24.9308   4.99307
36.94   24.7904   4.979
36.96   25.0604   5.00603
36.98   25.7976   5.07913
37   27.1157   5.20727
37.02   29.1729   5.40119
37.04   32.3103   5.68422
37.06   37.1567   6.09563
37.08   44.8556   6.69743
37.1   57.2152   7.56407
37.12   76.4739   8.74494
37.14   103.81   10.1887
37.16   134.19   11.5841
37.18   154.906   12.4461
37.2   171.034   13.078
37.22   204.372   14.2959
37.24   260.496   16.1399
37.26   307.723   17.542
37.28   289.887   17.0261
37.3   220.241   14.8405
37.32   152.552   12.3512
37.34   105.512   10.2719
37.36   76.8153   8.76444
37.38   60.3668   7.7696
37.4   51.1821   7.15416
37.42   46.2377   6.79983
37.44   44.0241   6.63506
37.46   43.9062   6.62618
37.48   45.7301   6.7624
37.5   49.6908   7.04917
37.52   56.4068   7.51045
37.54   67.2496   8.20058
37.56   85.0044   9.21978
37.58   114.887   10.7185
37.6   164.697   12.8334
37.62   242.857   15.5839
37.64   347.916   18.6525
37.66   441.554   21.0132
37.68   460.38   21.4565
37.7   431.286   20.7674
37.72   412.585   20.3122
37.74   381.243   19.5254
37.76   302.699   17.3983
37.78   213.311   14.6052
37.8   145.442   12.0599
37.82   101.208   10.0602
37.84   74.9819   8.65921
37.86   58.1094   7.62295
37.88   47.2435   6.87339
37.9   39.8829   6.31529
37.92   34.7377   5.89387
37.94   31.7243   5.63244
37.96   29.372   5.41959
37.98   26.9987   5.19602
38   26.9204   5.18849
38.02   28.364   5.32579
38.04   33.9031   5.82264
38.06   41.6141   6.4509
38.08   55.0219   7.41767
38.1   74.8901   8.6539
38.12   95.6853   9.78189
38.14   100.424   10.0212
38.16   83.0546   9.11343
38.18   60.3747   7.77012
38.2   43.0146   6.55855
38.22   31.872   5.64553
38.24   25.2026   5.02022
38.26   21.2469   4.60943
38.28   18.8228   4.4
38.3   17.2887   4.4
38.32   16.3425   4.4
38.34   15.8707   4.4
38.36   15.8881   4.4
38.38   16.5214   4.4
38.4   17.9702   4.4
38.42   20.3363   4.50958
38.44   23.1373   4.81012
38.46   24.0566   4.90476
38.48   22.1498   4.70635
38.5   19.4295   4.40789
38.52   17.3811   4.4
38.54   16.1806   4.4
38.56   15.6164   4.4
38.58   15.4614   4.4
38.6   15.5603   4.4
38.62   15.828   4.4
38.64   16.2241   4.4
38.66   16.6542   4.4
38.68   17.2662   4.4
38.7   17.9812   4.4
38.72   18.8029   4.4
38.74   19.4696   4.41243
38.76   20.5364   4.53171
38.78   21.7409   4.66271
38.8   23.1005   4.8063
38.82   24.6371   4.96357
38.84   26.3776   5.13591
38.86   28.3557   5.325
38.88   30.8005   5.54982
38.9   33.396   5.77892
38.92   36.3917   6.03256
38.94   39.8753   6.31469
38.96   43.9626   6.63043
38.98   48.813   6.98663
39   54.6627   7.39342
39.02   61.8477   7.86433
39.04   70.8968   8.42002
39.06   82.5433   9.08534
39.08   97.6661   9.88262
39.1   116.862   10.8103
39.12   139.498   11.8109
39.14   165.47   12.8635
39.16   202.187   14.2193
39.18   261.36   16.1666
39.2   360.104   18.9764
39.22   522.52   22.8587
39.24   769.253   27.7354
39.26   1078.29   32.8373
39.28   1294.74   35.9825
39.3   1246.52   35.306
39.32   1079.16   32.8505
39.34   996.125   31.5614
39.36   1027.26   32.051
39.38   1072.07   32.7424
39.4   1062.25   32.5922
39.42   1109.8   33.3137
39.44   1321.14   36.3475
39.46   1666.8   40.8265
39.48   1889.65   43.4701
39.5   1681.74   41.009
39.52   1225.96   35.0138
39.54   823.179   28.6911
39.56   549.2   23.435
39.58   380.155   19.4976
39.6   278.303   16.6824
39.62   215.009   14.6632
39.64   173.067   13.1555
39.66   143.607   11.9836
39.68   122.137   11.0516
39.7   106.241   10.3073
39.72   94.5388   9.72311
39.74   86.3048   9.29004
39.76   81.3987   9.02213
39.78   80.407   8.967
39.8   84.836   9.21065
39.82   96.9691   9.84729
39.84   118.57   10.889
39.86   145.761   12.0732
39.88   159.15   12.6155
39.9   140.844   11.8678
39.92   107.984   10.3916
39.94   80.1871   8.95473
39.96   61.3823   7.83469
39.98   49.6395   7.04553
40   42.3963   6.51125
40.02   37.7726   6.14594
40.04   34.6852   5.88942
40.06   32.5911   5.70887
40.08   32.8751   5.73368
40.1   32.1823   5.67294
40.12   32.0796   5.66389
40.14   32.6051   5.71009
40.16   33.877   5.82039
40.18   36.1392   6.01159
40.2   39.8832   6.31531
40.22   46.1171   6.79096
40.24   56.8994   7.54317
40.26   75.8951   8.71178
40.28   106.087   10.2998
40.3   150.067   12.2502
40.32   197.043   14.0372
40.34   211.184   14.5322
40.36   176.828   13.2977
40.38   129.41   11.3759
40.4   93.3299   9.66074
40.42   71.1556   8.43538
40.44   58.7836   7.66705
40.46   51.203   7.15563
40.48   45.5771   6.75108
40.5   41.6672   6.45502
40.52   39.4222   6.27871
40.54   38.5424   6.20825
40.56   38.7534   6.22522
40.58   39.8736   6.31455
40.6   41.8764   6.4712
40.62   44.7951   6.69291
40.64   48.7732   6.98378
40.66   54.0615   7.35265
40.68   61.0542   7.81372
40.7   70.3612   8.38816
40.72   83.2652   9.12498
40.74   99.7471   9.98735
40.76   125.434   11.1998
40.78   165.516   12.8653
40.8   231.922   15.229
40.82   343.815   18.5422
40.84   523.371   22.8773
40.86   778.023   27.8931
40.88   1028.68   32.0731
40.9   1065.39   32.6403
40.92   846.325   29.0917
40.94   580.938   24.1027
40.96   381.404   19.5296
40.98   256.263   16.0082
41   182.14   13.4959
41.02   138.359   11.7626
41.04   111.311   10.5504
41.06   93.6086   9.67515
41.08   81.5641   9.03128
41.1   73.4345   8.56939
41.12   67.8517   8.23721
41.14   64.3258   8.02033
41.16   62.4676   7.90364
41.18   62.0541   7.87744
41.2   62.9849   7.9363
41.22   65.2623   8.07851
41.24   68.9885   8.30593
41.26   74.377   8.62421
41.28   81.7828   9.04338
41.3   91.7561   9.57894
41.32   105.135   10.2535
41.34   123.103   11.0952
41.36   148.08   12.1688
41.38   184.01   13.565
41.4   238.926   15.4572
41.42   328.407   18.122
41.44   478.907   21.884
41.46   725.381   26.9329
41.48   1090.9   33.0288
41.5   1507.87   38.8314
41.52   1692.58   41.1409
41.54   1447.36   38.0442
41.56   1043.3   32.3002
41.58   724.238   26.9117
41.6   533.689   23.1017
41.62   452.409   21.2699
41.64   460.688   21.4636
41.66   548.723   23.4248
41.68   696.645   26.394
41.7   814.203   28.5342
41.72   760.43   27.5759
41.74   575.688   23.9935
41.76   397.278   19.9318
41.78   271.75   16.4848
41.8   192.667   13.8804
41.82   144.792   12.033
41.84   114.862   10.7174
41.86   95.0478   9.74925
41.88   81.2037   9.01131
41.9   71.1336   8.43407
41.92   63.7501   7.98436
41.94   58.6299   7.65702
41.96   54.9642   7.41379
41.98   52.7853   7.26535
42   52.0708   7.21601
42.02   52.978   7.2786
42.04   55.9371   7.47911
42.06   61.9065   7.86807
42.08   72.9084   8.53864
42.1   92.7887   9.63269
42.12   127.575   11.2949
42.14   183.985   13.5641
42.16   262.1   16.1895
42.18   332.268   18.2282
42.2   330.139   18.1697
42.22   257.369   16.0427
42.24   178.308   13.3532
42.26   121.205   11.0093
42.28   85.5232   9.24787
42.3   64.5024   8.03134
42.32   52.1805   7.2236
42.34   44.7964   6.69301
42.36   40.4168   6.35742
42.38   37.1915   6.09848
42.4   36.9409   6.0779
42.42   38.9732   6.24285
42.44   44.3742   6.66139
42.46   55.2778   7.43491
42.48   74.7831   8.64773
42.5   105.53   10.2728
42.52   143.853   11.9939
42.54   166.971   12.9217
42.56   149.462   12.2255
42.58   110.029   10.4895
42.6   75.4494   8.68616
42.62   52.0473   7.21438
42.64   37.7605   6.14496
42.66   29.147   5.39879
42.68   23.7947   4.87798
42.7   20.2392   4.4988
42.72   17.7272   4.4
42.74   15.8776   4.4
42.76   14.4826   4.4
42.78   13.4166   4.4
42.8   12.599   4.4
42.82   11.9764   4.4
42.84   13.0287   4.4
42.86   12.7502   4.4
42.88   12.5869   4.4
42.9   12.5375   4.4
42.92   12.5997   4.4
42.94   12.777   4.4
42.96   13.0786   4.4
42.98   11.9317   4.4
43   12.5844   4.4
43.02   13.4464   4.4
43.04   14.5904   4.4
43.06   16.1401   4.4
43.08   18.2933   4.4
43.1   21.3225   4.61763
43.12   25.5007   5.04982
43.14   30.7733   5.54737
43.16   36.2599   6.02162
43.18   41.3202   6.42808
43.2   50.0211   7.07256
43.22   65.6511   8.10254
43.24   91.9722   9.59021
43.26   127.884   11.3086
43.28   163.594   12.7904
43.3   180.587   13.4383
43.32   186.243   13.6471
43.34   198.955   14.1052
43.36   225.51   15.017
43.38   262.248   16.1941
43.4   270.94   16.4602
43.42   224.031   14.9677
43.44   159.182   12.6167
43.46   108.154   10.3997
43.48   74.9117   8.65515
43.5   54.7776   7.40119
43.52   42.8019   6.54232
43.54   35.279   5.93962
43.56   30.3157   5.50597
43.58   26.8951   5.18605
43.6   24.4918   4.94892
43.62   22.8073   4.7757
43.64   21.6614   4.65418
43.66   20.9397   4.57599
43.68   20.271   4.50233
43.7   20.2331   4.49812
43.72   20.5182   4.5297
43.74   21.164   4.60044
43.76   22.2314   4.71502
43.78   23.7467   4.87306
43.8   25.5059   5.05033
43.82   26.9188   5.18833
43.84   27.8635   5.27859
43.86   29.0073   5.38584
43.88   30.7817   5.54813
43.9   33.3245   5.77274
43.92   36.7518   6.06233
43.94   41.2998   6.42649
43.96   47.44   6.88767
43.98   56.0065   7.48375
44   68.135   8.25439
44.02   85.6867   9.25671
44.04   108.99   10.4398
44.06   135.284   11.6311
44.08   162.657   12.7537
44.1   188.916   13.7447
44.12   203.171   14.2538
44.14   210.872   14.5214
44.16   233.843   15.2919
44.18   290.21   17.0356
44.2   400.904   20.0226
44.22   595.047   24.3936
44.24   899.118   29.9853
44.26   1284.48   35.8396
44.28   1542.95   39.2803
44.3   1409.71   37.5461
44.32   1034.06   32.1568
44.34   689.329   26.2551
44.36   453.658   21.2992
44.38   309.802   17.6012
44.4   225.389   15.013
44.42   175.054   13.2308
44.44   143.64   11.985
44.46   123.383   11.1078
44.48   110.617   10.5175
44.5   103.359   10.1666
44.52   100.959   10.0478
44.54   103.497   10.1734
44.56   112.004   10.5832
44.58   129.022   11.3588
44.6   159.717   12.6379
44.62   212.998   14.5944
44.64   300.71   17.341
44.66   435.039   20.8576
44.68   615.603   24.8114
44.7   769.473   27.7394
44.72   748.27   27.3545
44.74   571.855   23.9135
44.76   389.308   19.7309
44.78   261.836   16.1814
44.8   182.401   13.5056
44.82   136.818   11.6969
44.84   110.586   10.516
44.86   93.4786   9.66843
44.88   82.1813   9.06539
44.9   76.9914   8.77447
44.92   79.2187   8.90049
44.94   90.2635   9.50071
44.96   109.845   10.4807
44.98   129.183   11.3659
45   127.806   11.3051
45.02   103.667   10.1817
45.04   77.2123   8.78705
45.06   56.9195   7.5445
45.08   43.5551   6.59963
45.1   35.1469   5.92848
45.12   29.7692   5.45612
45.14   26.1254   5.11131
45.16   23.4949   4.84716
45.18   21.5038   4.63722
45.2   19.9502   4.46656
45.22   18.7148   4.4
45.24   17.7207   4.4
45.26   16.916   4.4
45.28   16.2641   4.4
45.3   15.7356   4.4
45.32   15.3174   4.4
45.34   14.9923   4.4
45.36   14.7498   4.4
45.38   14.5821   4.4
45.4   14.5182   4.4
45.42   14.4867   4.4
45.44   14.5378   4.4
45.46   14.6331   4.4
45.48   14.7917   4.4
45.5   15.0152   4.4
45.52   15.2807   4.4
45.54   15.645   4.4
45.56   16.0876   4.4
45.58   17.0154   4.4
45.6   17.5764   4.4
45.62   18.3937   4.4
45.64   19.2744   4.4
45.66   20.3076   4.5064
45.68   21.525   4.63951
45.7   22.9699   4.79269
45.72   24.7033   4.97024
45.74   26.8696   5.18359
45.76   28.0449   5.29575
45.78   31.4788   5.6106
45.8   36.1421   6.01183
45.82   42.9245   6.55168
45.84   53.3279   7.3026
45.86   69.3476   8.32752
45.88   92.3739   9.61113
45.9   118.907   10.9045
45.92   133.445   11.5518
45.94   124.567   11.161
45.96   107.173   10.3524
45.98   95.288   9.76156
46   91.603   9.57095
46.02   95.0967   9.75176
46.04   104.674   10.231
46.06   120.18   10.9626
46.08   142.738   11.9473
46.1   175.222   13.2371
46.12   223.627   14.9542
46.14   300.255   17.3279
46.16   428.064   20.6897
46.18   642.832   25.3541
46.2   983.547   31.3616
46.22   1451.78   38.1023
46.24   1871.66   43.2627
46.26   1865.46   43.191
46.28   1444.1   38.0013
46.3   986.496   31.4085
46.32   659.397   25.6787
46.34   460.611   21.4618
46.36   352.419   18.7728
46.38   303.905   17.4329
46.4   300.521   17.3355
46.42   341.835   18.4888
46.44   432.847   20.805
46.46   561.078   23.6871
46.48   649.125   25.4779
46.5   592.323   24.3377
46.52   442.698   21.0404
46.54   307.14   17.5254
46.56   212.568   14.5797
46.58   153.656   12.3958
46.6   118.23   10.8734
46.62   95.9667   9.79626
46.64   81.2575   9.0143
46.66   71.0492   8.42907
46.68   63.8161   7.9885
46.7   58.7661   7.66591
46.72   55.4912   7.44924
46.74   54.1847   7.36103
46.76   54.3543   7.37254
46.78   56.8617   7.54067
46.8   62.6894   7.91766
46.82   73.0411   8.54641
46.84   88.2164   9.39236
46.86   104.064   10.2012
46.88   110.94   10.5328
46.9   108.885   10.4348
46.92   110.288   10.5018
46.94   125.079   11.1839
46.96   160.837   12.6822
46.98   225.666   15.0222
47   323.048   17.9735
47.02   428.231   20.6938
47.04   464.442   21.5509
47.06   404.378   20.1091
47.08   318.759   17.8538
47.1   243.053   15.5901
47.12   183.988   13.5642
47.14   148.354   12.1801
47.16   132.177   11.4968
47.18   121.25   11.0114
47.2   102.516   10.125
47.22   80.5122   8.97286
47.24   62.8863   7.93009
47.26   50.7899   7.1267
47.28   42.9082   6.55044
47.3   37.7823   6.14673
47.32   34.3561   5.86141
47.34   31.9982   5.6567
47.36   30.3643   5.51038
47.38   29.1767   5.40154
47.4   28.5048   5.33899
47.42   28.19   5.30942
47.44   28.1915   5.30957
47.46   28.4878   5.3374
47.48   29.0724   5.39188
47.5   29.9524   5.47288
47.52   31.1481   5.58105
47.54   32.6956   5.718
47.56   34.6512   5.88652
47.58   37.1034   6.09126
47.6   40.1955   6.33999
47.62   44.1571   6.64508
47.64   49.3284   7.02342
47.66   56.126   7.49173
47.68   64.826   8.05146
47.7   74.8284   8.65034
47.72   84.4568   9.19004
47.74   92.7625   9.63133
47.76   107.069   10.3474
47.78   129.315   11.3717
47.8   164.032   12.8075
47.82   217.426   14.7454
47.84   295.982   17.2041
47.86   398.733   19.9683
47.88   503.523   22.4393
47.9   604.607   24.5887
47.92   766.8   27.6911
47.94   1050.64   32.4136
47.96   1424.77   37.7461
47.98   1661.68   40.7638
48   1527.38   39.0817
48.02   1214.9   34.8553
48.04   942.667   30.7029
48.06   710.822   26.6613
48.08   517.309   22.7444
48.1   386.259   19.6535
48.12   315.868   17.7727
48.14   296.432   17.2172
48.16   321.618   17.9337
48.18   380.228   19.4994
48.2   428.243   20.694
48.22   397.372   19.9342
48.24   304.801   17.4585
48.26   215.956   14.6954
48.28   153.055   12.3716
48.3   112.995   10.6299
48.32   88.2789   9.39569
48.34   72.6371   8.52274
48.36   61.8559   7.86485
48.38   53.3463   7.30386
48.4   46.2071   6.79758
48.42   40.4278   6.35829
48.44   35.8358   5.9863
48.46   32.1632   5.67126
48.48   29.1775   5.40162
48.5   26.3394   5.13219
48.52   24.3089   4.9304
48.54   22.5531   4.74901
48.56   21.0487   4.58788
48.58   20.1328   4.48696
48.6   19.0251   4.4
48.62   18.0666   4.4
48.64   17.1831   4.4
48.66   16.4671   4.4
48.68   15.8504   4.4
48.7   15.3223   4.4
48.72   14.8744   4.4
48.74   14.5   4.4
48.76   14.1936   4.4
48.78   13.9512   4.4
48.8   13.7698   4.4
48.82   13.6472   4.4
48.84   13.5825   4.4
48.86   13.5753   4.4
48.88   13.6264   4.4
48.9   13.7373   4.4
48.92   13.9105   4.4
48.94   14.1496   4.4
48.96   14.4596   4.4
48.98   14.8466   4.4
49   16.0749   4.4
49.02   16.6629   4.4
49.04   17.3589   4.4
49.06   18.1786   4.4
49.08   19.277   4.4
49.1   20.4104   4.51779
49.12   21.7416   4.66279
49.14   23.3095   4.82799
49.16   25.164   5.01637
49.18   27.3701   5.23164
49.2   30.0031   5.47751
49.22   33.2868   5.76947
49.24   37.1921   6.09854
49.26   42.0209   6.48235
49.28   48.0786   6.93387
49.3   55.8094   7.47057
49.32   65.881   8.11671
49.34   79.1486   8.89655
49.36   97.8791   9.89339
49.38   125.409   11.1986
49.4   168.787   12.9918
49.42   240.897   15.5209
49.44   359.667   18.9649
49.46   548.044   23.4103
49.48   798.084   28.2504
49.5   1000.09   31.6242
49.52   962.486   31.024
49.54   735.859   27.1267
49.56   514.46   22.6817
49.58   370.194   19.2404
49.6   301.073   17.3514
49.62   290.856   17.0545
49.64   318.906   17.858
49.66   343.757   18.5407
49.68   317.186   17.8097
49.7   257.905   16.0594
49.72   201.545   14.1967
49.74   154.769   12.4406
49.76   118.988   10.9082
49.78   95.6117   9.77813
49.8   81.7482   9.04147
49.82   74.4597   8.62901
49.84   72.0151   8.48617
49.86   73.8889   8.59587
49.88   80.5917   8.97729
49.9   94.3564   9.71372
49.92   115.393   10.7421
49.94   145.196   12.0497
49.96   184.426   13.5804
49.98   239.821   15.4861
50   318.327   17.8417
50.02   420.402   20.5037
50.04   503.522   22.4393
50.06   479.3   21.8929
50.08   366.079   19.1332
50.1   253.749   15.9295
50.12   175.228   13.2374
50.14   127.237   11.2799
50.16   99.717   9.98584
50.18   84.3424   9.18381
50.2   76.0256   8.71927
50.22   72.211   8.49771
50.24   71.8099   8.47407
50.26   74.5304   8.6331
50.28   80.6341   8.97965
50.3   91.0099   9.53991
50.32   107.628   10.3744
50.34   134.623   11.6027
50.36   180.071   13.4191
50.38   257.423   16.0444
50.4   383.804   19.5909
50.42   568.36   23.8403
50.44   769.002   27.7309
50.46   843.308   29.0398
50.48   731.161   27.04
50.5   571.011   23.8958
50.52   437.823   20.9242
50.54   323.62   17.9894
50.56   236.725   15.3859
50.58   180.677   13.4416
50.6   152.223   12.3379
50.62   144.789   12.0328
50.64   150.381   12.263
50.66   152.153   12.3351
50.68   133.828   11.5684
50.7   105.443   10.2686
50.72   81.4896   9.02716
50.74   65.057   8.06579
50.76   55.3109   7.43713
50.78   48.8179   6.98698
50.8   44.7309   6.68811
50.82   42.1462   6.49201
50.84   40.5948   6.37141
50.86   39.8405   6.31193
50.88   39.7692   6.30629
50.9   40.3353   6.35101
50.92   41.5435   6.44542
50.94   43.4446   6.59125
50.96   46.1403   6.79266
50.98   48.8527   6.98947
51   53.7498   7.33142
51.02   60.2531   7.76229
51.04   69.3058   8.32501
51.06   81.3151   9.01749
51.08   98.7339   9.93649
51.1   125.066   11.1833
51.12   167.686   12.9494
51.14   237.788   15.4204
51.16   348.916   18.6793
51.18   503.489   22.4386
51.2   652.838   25.5507
51.22   678.109   26.0405
51.24   571.191   23.8996
51.26   458.459   21.4117
51.28   410.06   20.2499
51.3   443.668   21.0634
51.32   563.897   23.7465
51.34   753.357   27.4473
51.36   909.117   30.1516
51.38   861.496   29.3513
51.4   651.715   25.5287
51.42   445.089   21.0971
51.44   299.952   17.3191
51.46   209.773   14.4835
51.48   156.049   12.4919
51.5   123.567   11.1161
51.52   102.398   10.1192
51.54   88.4619   9.40542
51.56   78.8033   8.87712
51.58   72.2207   8.49828
51.6   67.7027   8.22817
51.62   64.9015   8.05615
51.64   63.5339   7.97081
51.66   63.4439   7.96517
51.68   64.574   8.0358
51.7   66.9528   8.18247
51.72   70.6956   8.40807
51.74   76.0188   8.71887
51.76   83.2692   9.1252
51.78   92.9777   9.64249
51.8   105.952   10.2933
51.82   123.446   11.1106
51.84   147.528   12.1461
51.86   181.93   13.4881
51.88   233.991   15.2968
51.9   318.14   17.8365
51.92   458.831   21.4203
51.94   692.539   26.3161
51.96   1046.75   32.3535
51.98   1475.74   38.4154
52   1722.46   41.5025
52.02   1527.11   39.0782
52.04   1112.36   33.3521
52.06   759.88   27.5659
52.08   532.93   23.0853
52.1   410.212   20.2537
52.12   363.478   19.0651
52.14   378.57   19.4569
52.16   455.38   21.3396
52.18   594.392   24.3801
52.2   754.619   27.4703
52.22   802.282   28.3246
52.24   668.256   25.8507
52.26   480.441   21.919
52.28   333.822   18.2708
52.3   239.656   15.4808
52.32   184.335   13.577
52.34   153.601   12.3936
52.36   138.23   11.7571
52.38   134.059   11.5784
52.4   141.101   11.8786
52.42   163.389   12.7824
52.44   209.971   14.4904
52.46   289.734   17.0216
52.48   407.613   20.1894
52.5   530.783   23.0387
52.52   564.575   23.7608
52.54   477.071   21.842
52.56   358.27   18.928
52.58   261.745   16.1785
52.6   188.094   13.7148
52.62   135.58   11.6439
52.64   101.202   10.0599
52.66   79.1294   8.89547
52.68   64.6203   8.03867
52.7   54.1281   7.35718
52.72   47.0674   6.86057
52.74   41.8771   6.47125
52.76   38.004   6.16474
52.78   35.1286   5.92694
52.8   33.0621   5.74997
52.82   31.8817   5.64639
52.84   30.4106   5.51458
52.86   30.5335   5.52571
52.88   31.6071   5.62202
52.9   34.0851   5.83824
52.92   38.9071   6.23755
52.94   47.8008   6.91382
52.96   63.2737   7.95448
52.98   87.6342   9.36131
53   118.799   10.8995
53.02   140.052   11.8343
53.04   129.194   11.3663
53.06   98.2902   9.91414
53.08   70.1017   8.37268
53.1   50.957   7.13842
53.12   39.3966   6.27667
53.14   32.7783   5.72523
53.16   29.0477   5.38959
53.18   27.0874   5.20456
53.2   26.4003   5.13813
53.22   26.2442   5.12291
53.24   26.814   5.17822
53.26   28.1344   5.30419
53.28   30.336   5.50782
53.3   33.696   5.80482
53.32   38.7617   6.22589
53.34   46.6462   6.82981
53.36   59.5669   7.71796
53.38   81.4288   9.02379
53.4   117.695   10.8487
53.42   173.804   13.1835
53.44   241.286   15.5334
53.46   279.768   16.7263
53.48   250.428   15.8249
53.5   185.101   13.6052
53.52   128.697   11.3445
53.54   91.5318   9.56723
53.56   69.8768   8.35924
53.58   58.2709   7.63354
53.6   52.676   7.25782
53.62   50.7841   7.12629
53.64   51.3161   7.16352
53.66   53.3208   7.30211
53.68   56.1452   7.49301
53.7   61.63   7.85048
53.72   70.2587   8.38204
53.74   83.3163   9.12778
53.76   103.223   10.1599
53.78   134.946   11.6166
53.8   188.049   13.7131
53.82   278.06   16.6751
53.84   423.668   20.5832
53.86   631.103   25.1218
53.88   838.986   28.9653
53.9   876.361   29.6034
53.92   700.357   26.4643
53.94   481.32   21.939
53.96   316.832   17.7998
53.98   212.17   14.566
54   149.84   12.2409
54.02   113.099   10.6348
54.04   90.4126   9.50855
54.06   75.7828   8.70533
54.08   66.142   8.13277
54.1   60.0216   7.74736
54.12   56.7588   7.53384
54.14   56.2793   7.50196
54.16   59.2135   7.69503
54.18   67.2293   8.19935
54.2   83.2698   9.12523
54.22   111.105   10.5406
54.24   151.705   12.3168
54.26   193.258   13.9017
54.28   201.746   14.2037
54.3   167.422   12.9392
54.32   124.198   11.1444
54.34   91.784   9.5804
54.36   71.0905   8.43152
54.38   58.9854   7.6802
54.4   52.6423   7.2555
54.42   50.025   7.07284
54.44   50.0284   7.07307
54.46   52.2448   7.22806
54.48   56.7158   7.53099
54.5   63.7806   7.98628
54.52   75.0607   8.66376
54.54   93.521   9.67063
54.56   124.4   11.1535
54.58   174.875   13.224
54.6   250.419   15.8246
54.62   342.578   18.5089
54.64   412.174   20.3021
54.66   408.174   20.2033
54.68   334.606   18.2922
54.7   255.583   15.987
54.72   204.691   14.307
54.74   184.369   13.5782
54.76   191.84   13.8506
54.78   229.617   15.1531
54.8   308.906   17.5757
54.82   447.346   21.1505
54.84   655.009   25.5931
54.86   884.52   29.7409
54.88   965.014   31.0647
54.9   803.409   28.3445
54.92   565.407   23.7783
54.94   378.381   19.452
54.96   258.309   16.072
54.98   188.055   13.7133
55   149.102   12.2107
55.02   129.31   11.3714
55.04   123.393   11.1083
55.06   131.181   11.4534
55.08   155.384   12.4653
55.1   197.721   14.0613
55.12   247.345   15.7272
55.14   265.488   16.2938
55.16   229.171   15.1384
55.18   176.373   13.2805
55.2   137.865   11.7416
55.22   119.531   10.933
55.24   120.128   10.9603
55.26   138.062   11.75
55.28   167.869   12.9564
55.3   191.345   13.8327
55.32   187.547   13.6948
55.34   172.904   13.1493
55.36   174.244   13.2001
55.38   198.784   14.0991
55.4   235.815   15.3563
55.42   249.75   15.8035
55.44   225.528   15.0176
55.46   182.329   13.5029
55.48   136.947   11.7024
55.5   101.568   10.0781
55.52   79.1484   8.89654
55.54   66.9572   8.18274
55.56   62.5213   7.90704
55.58   64.2378   8.01485
55.6   73.2264   8.55725
55.62   91.5189   9.56655
55.64   119.985   10.9538
55.66   150.749   12.278
55.68   159.868   12.6439
55.7   138.517   11.7693
55.72   111.114   10.5411
55.74   92.4071   9.61286
55.76   80.4048   8.96687
55.78   69.7333   8.35064
55.8   60.6315   7.78663
55.82   55.0485   7.41947
55.84   52.9651   7.27771
55.86   53.8006   7.33489
55.88   57.1863   7.56216
55.9   63.1421   7.9462
55.92   72.1613   8.49478
55.94   85.3914   9.24075
55.96   105.164   10.2549
55.98   136.224   11.6715
56   187.713   13.7008
56.02   274.763   16.576
56.04   416.44   20.4069
56.06   621.866   24.9372
56.08   841.349   29.006
56.1   918.996   30.3149
56.12   777.017   27.875
56.14   551.248   23.4787
56.16   365.369   19.1146
56.18   242.951   15.5869
56.2   168.9   12.9962
56.22   125.005   11.1806
56.24   98.0682   9.90294
56.26   80.5269   8.97368
56.28   68.5191   8.27763
56.3   60.0863   7.75154
56.32   54.1635   7.35959
56.34   49.2664   7.01901
56.36   46.7879   6.84016
56.38   45.799   6.76749
56.4   45.9936   6.78186
56.42   47.6716   6.90446
56.44   51.2694   7.16026
56.46   57.6677   7.59392
56.48   68.4187   8.27156
56.5   85.8448   9.26525
56.52   112.127   10.589
56.54   146.82   12.1169
56.56   188.329   13.7233
56.58   229.5   15.1492
56.6   241.806   15.5501
56.62   220.631   14.8537
56.64   202.857   14.2428
56.66   211.558   14.545
56.68   249.142   15.7842
56.7   298.37   17.2734
56.72   312.529   17.6785
56.74   274.923   16.5808
56.76   231.458   15.2137
56.78   214.662   14.6513
56.8   235.685   15.352
56.82   301.366   17.3599
56.84   414.718   20.3646
56.86   549.901   23.45
56.88   610.908   24.7165
56.9   534.269   23.1143
56.92   413.02   20.3229
56.94   331.917   18.2186
56.96   309.466   17.5916
56.98   335.039   18.3041
57   372.156   19.2913
57.02   367.697   19.1754
57.04   318.601   17.8494
57.06   267.585   16.358
57.08   245.293   15.6618
57.1   249.544   15.797
57.12   246.822   15.7106
57.14   207.647   14.41
57.16   153.79   12.4012
57.18   109.932   10.4848
57.2   80.3045   8.96128
57.22   61.5435   7.84497
57.24   49.7275   7.05178
57.26   41.9706   6.47847
57.28   36.6012   6.04989
57.3   32.7441   5.72224
57.32   29.9438   5.47209
57.34   27.9497   5.28675
57.36   26.8698   5.18361
57.38   26.126   5.11136
57.4   25.9202   5.09119
57.42   26.281   5.1265
57.44   27.3328   5.22808
57.46   29.2926   5.41227
57.48   32.5609   5.70621
57.5   38.3229   6.19055
57.52   47.4448   6.88802
57.54   63.3879   7.96165
57.56   89.4635   9.45852
57.58   128.143   11.32
57.6   175.832   13.2602
57.62   202.769   14.2397
57.64   181.34   13.4663
57.66   137.346   11.7195
57.68   101.584   10.0789
57.7   81.3649   9.02025
57.72   75.7132   8.70133
57.74   83.8458   9.15674
57.76   106.82   10.3354
57.78   144.972   12.0404
57.8   187.618   13.6974
57.82   201.189   14.1841
57.84   168.246   12.971
57.86   120.425   10.9738
57.88   82.5602   9.08627
57.9   57.9771   7.61427
57.92   43.306   6.58073
57.94   34.7632   5.89603
57.96   29.8241   5.46114
57.98   27.0925   5.20504
58   26.0086   5.09986
58.02   25.3863   5.03849
58.04   24.7394   4.97387
58.06   24.3136   4.93088
58.08   24.9174   4.99173
58.1   27.6799   5.26117
58.12   33.3715   5.7768
58.14   42.9523   6.5538
58.16   56.0196   7.48462
58.18   66.5988   8.16081
58.2   65.1698   8.07278
58.22   54.118   7.35649
58.24   43.592   6.60242
58.26   37.3388   6.11055
58.28   35.3009   5.94145
58.3   36.97   6.0803
58.32   42.6135   6.5279
58.34   53.3763   7.30591
58.36   73.4973   8.57306
58.38   106.367   10.3134
58.4   152.488   12.3486
58.42   195.994   13.9998
58.44   198.932   14.1043
58.46   158.269   12.5805
58.48   111.731   10.5703
58.5   78.0145   8.83258
58.52   57.3201   7.571
58.54   45.6812   6.75878
58.56   39.513   6.28594
58.58   36.3821   6.03176
58.6   35.4494   5.95394
58.62   36.0667   6.00556
58.64   38.1085   6.17321
58.66   41.7049   6.45793
58.68   47.272   6.87546
58.7   55.7176   7.46442
58.72   68.8951   8.30031
58.74   90.2346   9.49919
58.76   125.053   11.1827
58.78   179.089   13.3824
58.8   252.404   15.8872
58.82   320.031   17.8894
58.84   332.917   18.246
58.86   302.923   17.4047
58.88   290.561   17.0458
58.9   328.705   18.1302
58.92   426.269   20.6463
58.94   562.071   23.708
58.96   654.82   25.5895
58.98   628.852   25.0769
59   501.835   22.4017
59.02   351.499   18.7483
59.04   235.344   15.3409
59.06   160.135   12.6544
59.08   114.317   10.6919
59.1   86.7015   9.31137
59.12   69.3079   8.32514
59.14   57.7637   7.60025
59.16   49.8263   7.05878
59.18   44.3456   6.65925
59.2   40.7062   6.38014
59.22   38.5858   6.21175
59.24   38.2299   6.18304
59.26   38.9967   6.24473
59.28   41.4383   6.43726
59.3   46.5533   6.823
59.32   55.7437   7.46617
59.34   71.4982   8.45566
59.36   97.4165   9.86998
59.38   136.391   11.6787
59.4   187.617   13.6973
59.42   248.11   15.7515
59.44   293.633   17.1357
59.46   282.474   16.807
59.48   227.007   15.0667
59.5   162.921   12.7641
59.52   110.707   10.5217
59.54   75.6529   8.69787
59.56   53.9732   7.34665
59.58   40.6851   6.37849
59.6   32.2265   5.67684
59.62   26.5253   5.15027
59.64   22.4882   4.74218
59.66   19.4929   4.41508
59.68   17.3322   4.4
59.7   15.6076   4.4
59.72   14.1428   4.4
59.74   13.0663   4.4
59.76   11.9633   4.4
59.78   11.1078   4.4
59.8   10.3271   4.4
59.82   9.71015   4.4
59.84   9.22943   4.4
59.86   8.86192   4.4
59.88   8.59405   4.4
59.9   8.423   4.4
59.92   8.18137   4.4
59.94   8.26127   4.4
59.96   8.5336   4.4
59.98   9.06653   4.4
60   9.88817   4.4
60.02   10.7994   4.4
60.04   11.2402   4.4
60.06   11.1225   4.4
60.08   11.102   4.4
60.1   11.6424   4.4
60.12   13.0401   4.4
60.14   15.8322   4.4
60.16   20.5946   4.53812
60.18   28.2165   5.31192
60.2   38.5569   6.20942
60.22   47.4288   6.88686
60.24   46.6791   6.83221
60.26   37.4431   6.11907
60.28   27.8892   5.28102
60.3   21.2517   4.60996
60.32   17.1112   4.4
60.34   15.1007   4.4
60.36   14.3716   4.4
60.38   14.221   4.4
60.4   14.5648   4.4
60.42   14.9594   4.4
60.44   16.175   4.4
60.46   17.5894   4.4
60.48   19.9764   4.4695
60.5   22.8255   4.7776
60.52   26.3342   5.13168
60.54   30.9242   5.56095
60.56   37.4124   6.11657
60.58   46.8993   6.84831
60.6   61.7137   7.85581
60.62   86.1609   9.28229
60.64   127.144   11.2758
60.66   192.83   13.8863
60.68   285.402   16.8938
60.7   376.426   19.4017
60.72   391.362   19.7829
60.74   317.98   17.832
60.76   232.706   15.2547
60.78   177.261   13.3139
60.8   154.096   12.4135
60.82   149.982   12.2467
60.84   140.899   11.8701
60.86   116.649   10.8004
60.88   91.3101   9.55563
60.9   72.7519   8.52947
60.92   58.7618   7.66563
60.94   48.3152   6.95091
60.96   41.6922   6.45695
60.98   38.263   6.18571
61   37.308   6.10803
61.02   38.6814   6.21944
61.04   42.6594   6.53141
61.06   50.2863   7.09129
61.08   63.7419   7.98385
61.1   86.6059   9.30623
61.12   123.058   11.0931
61.14   173.922   13.1879
61.16   231.498   15.2151
61.18   275.151   16.5877
61.2   277.291   16.6521
61.22   247.572   15.7344
61.24   200.803   14.1705
61.26   146.25   12.0934
61.28   101.193   10.0595
61.3   70.9256   8.42173
61.32   52.1677   7.22272
61.34   40.7481   6.38342
61.36   33.6662   5.80226
61.38   29.1442   5.39853
61.4   26.2443   5.12292
61.42   24.5052   4.95027
61.44   23.7245   4.87078
61.46   23.8792   4.88663
61.48   25.1502   5.015
61.5   28.0482   5.29606
61.52   33.5958   5.79619
61.54   43.3964   6.58759
61.56   59.1402   7.69026
61.58   80.4197   8.9677
61.6   98.3396   9.91663
61.62   96.6457   9.83085
61.64   78.8487   8.87968
61.66   61.5383   7.84463
61.68   51.1924   7.15489
61.7   48.0836   6.93423
61.72   51.8729   7.20229
61.74   63.5628   7.97263
61.76   85.2254   9.23176
61.78   117.94   10.86
61.8   153.913   12.4062
61.82   168.479   12.9799
61.84   153.471   12.3883
61.86   136.352   11.677
61.88   135.253   11.6298
61.9   151.733   12.318
61.92   177.71   13.3308
61.94   188.203   13.7187
61.96   170.092   13.0419
61.98   145.009   12.042
62   121.977   11.0443
62.02   96.6496   9.83105
62.04   74.4088   8.62605
62.06   60.0489   7.74912
62.08   53.4461   7.31068
62.1   53.8519   7.33839
62.12   61.6362   7.85087
62.14   78.1109   8.83804
62.16   103.16   10.1568
62.18   130.413   11.4199
62.2   146.527   12.1048
62.22   137.853   11.7411
62.24   109.829   10.4799
62.26   83.2927   9.12648
62.28   66.8934   8.17884
62.3   60.4566   7.77538
62.32   62.9264   7.93262
62.34   74.3024   8.61988
62.36   96.5057   9.82373
62.38   134.677   11.605
62.4   190.515   13.8027
62.42   246.287   15.6935
62.44   253.586   15.9244
62.46   202.22   14.2204
62.48   140.137   11.838
62.5   93.7919   9.68462
62.52   64.495   8.03088
62.54   47.2839   6.87633
62.56   37.478   6.12193
62.58   32.1557   5.6706
62.6   30.0836   5.48485
62.62   31.0636   5.57348
62.64   35.5879   5.96556
62.66   43.2867   6.57927
62.68   50.9274   7.13634
62.7   50.0174   7.0723
62.72   40.1799   6.33876
62.74   29.3493   5.4175
62.76   21.3455   4.62012
62.78   16.169   4.4
62.8   12.9526   4.4
62.82   10.9111   4.4
62.84   9.53539   4.4
62.86   8.54902   4.4
62.88   7.8111   4.4
62.9   7.24647   4.4
62.92   6.88663   4.4
62.94   6.55621   4.4
62.96   6.31156   4.4
62.98   6.14107   4.4
63   6.03101   4.4
63.02   5.9562   4.4
63.04   5.90107   4.4
63.06   5.88321   4.4
63.08   5.83933   4.4
63.1   5.936   4.4
63.12   6.09432   4.4
63.14   6.31982   4.4
63.16   6.79471   4.4
63.18   7.19463   4.4
63.2   7.71076   4.4
63.22   8.37775   4.4
63.24   9.24812   4.4
63.26   10.4055   4.4
63.28   11.8654   4.4
63.3   14.1669   4.4
63.32   17.7187   4.4
63.34   23.5021   4.8479
63.36   32.9733   5.74224
63.38   47.6211   6.9008
63.4   66.7082   8.16751
63.42   82.7704   9.09783
63.44   81.8117   9.04498
63.46   65.4326   8.08904
63.48   48.4941   6.96377
63.5   37.0798   6.08932
63.52   31.0237   5.56989
63.54   28.9379   5.3794
63.56   29.8311   5.46179
63.58   33.5661   5.79363
63.6   40.9655   6.40043
63.62   53.6813   7.32675
63.64   73.492   8.57275
63.66   99.8496   9.99248
63.68   123.164   11.0979
63.7   130.535   11.4252
63.72   133.036   11.5341
63.74   151.23   12.2976
63.76   193.237   13.901
63.78   250.235   15.8188
63.8   296.166   17.2095
63.82   302.478   17.3919
63.84   254.643   15.9575
63.86   185.629   13.6246
63.88   127.055   11.2719
63.9   86.5425   9.30282
63.92   61.4007   7.83586
63.94   46.6365   6.82909
63.96   38.2166   6.18196
63.98   34.0126   5.83204
64   33.3034   5.77091
64.02   35.2576   5.93781
64.04   38.2226   6.18244
64.06   37.6902   6.13924
64.08   32.0795   5.66388
64.1   25.6116   5.06079
64.12   20.7106   4.55089
64.14   17.6291   4.4
64.16   15.921   4.4
64.18   15.126   4.4
64.2   15.2082   4.4
64.22   15.81   4.4
64.24   17.1911   4.4
64.26   20.0873   4.48189
64.28   24.6396   4.96383
64.3   32.5264   5.70319
64.32   45.3834   6.73672
64.34   63.7749   7.98592
64.36   82.4538   9.08041
64.38   86.5217   9.30171
64.4   72.123   8.49253
64.42   54.1228   7.35682
64.44   41.254   6.42293
64.46   34.2214   5.84991
64.48   31.7806   5.63743
64.5   33.0875   5.75217
64.52   37.9856   6.16325
64.54   48.0978   6.93526
64.56   66.4854   8.15386
64.58   96.8659   9.84205
64.6   139.833   11.8251
64.62   181.715   13.4802
64.64   186.926   13.6721
64.66   149.809   12.2396
64.68   105.929   10.2922
64.7   73.9525   8.59956
64.72   54.6791   7.39453
64.74   44.678   6.68416
64.76   41.0021   6.40329
64.78   42.4089   6.51221
64.8   49.5232   7.03728
64.82   64.4593   8.02865
64.84   89.5452   9.46283
64.86   122.921   11.087
64.88   147.806   12.1575
64.9   139.882   11.8272
64.92   107.561   10.3712
64.94   75.0245   8.66167
64.96   51.7347   7.19269
64.98   37.1794   6.09749
65   28.529   5.34125
65.02   23.349   4.83208
65.04   20.1109   4.48452
65.06   17.9994   4.4
65.08   16.6161   4.4
65.1   15.7229   4.4
65.12   15.2108   4.4
65.14   15.0101   4.4
65.16   15.0039   4.4
65.18   15.3371   4.4
65.2   15.9331   4.4
65.22   16.816   4.4
65.24   18.0346   4.4
65.26   19.5673   4.42349
65.28   21.5114   4.63804
65.3   24.3809   4.9377
65.32   28.2658   5.31656
65.34   33.8276   5.81615
65.36   42.1413   6.49163
65.38   55.3658   7.44082
65.4   76.7888   8.76292
65.42   110.113   10.4935
65.44   155.737   12.4794
65.46   198.741   14.0975
65.48   208.11   14.426
65.5   188.415   13.7264
65.52   173.5   13.1719
65.54   173.028   13.154
65.56   173.785   13.1828
65.58   171.981   13.1142
65.6   184.993   13.6012
65.62   225.569   15.019
65.64   291.624   17.077
65.66   361.624   19.0164
65.68   419.094   20.4718
65.7   441.342   21.0082
65.72   383.558   19.5846
65.74   282.295   16.8016
65.76   197.056   14.0377
65.78   142.249   11.9268
65.8   112.639   10.6132
65.82   100.881   10.044
65.84   101.179   10.0588
65.86   107.257   10.3565
65.88   112.889   10.6249
65.9   121.63   11.0286
65.92   143.336   11.9723
65.94   181.583   13.4753
65.96   227.478   15.0824
65.98   259.884   16.1209
66   280.1   16.7362
66.02   297.896   17.2597
66.04   283.182   16.828
66.06   223.127   14.9374
66.08   156.056   12.4922
66.1   106.212   10.3059
66.12   74.1309   8.60993
66.14   54.8643   7.40704
66.16   43.2807   6.57881
66.18   35.8228   5.98521
66.2   30.1361   5.48964
66.22   25.3796   5.03782
66.24   21.5951   4.64706
66.26   18.6983   4.4
66.28   16.49   4.4
66.3   14.7899   4.4
66.32   13.4664   4.4
66.34   12.4346   4.4
66.36   11.5298   4.4
66.38   10.9532   4.4
66.4   10.6363   4.4
66.42   10.6316   4.4
66.44   11.0886   4.4
66.46   12.238   4.4
66.48   14.3069   4.4
66.5   17.145   4.4
66.52   19.249   4.4
66.54   18.3749   4.4
66.56   15.4713   4.4
66.58   12.8368   4.4
66.6   11.2123   4.4
66.62   10.5427   4.4
66.64   10.6735   4.4
66.66   11.5402   4.4
66.68   13.1585   4.4
66.7   15.4386   4.4
66.72   18.1831   4.4
66.74   22.1162   4.70278
66.76   28.6793   5.35531
66.78   38.1145   6.1737
66.8   46.8729   6.84638
66.82   48.6177   6.97264
66.84   45.8758   6.77317
66.86   46.552   6.8229
66.88   52.9805   7.27877
66.9   60.1371   7.75481
66.92   57.1011   7.55652
66.94   44.5192   6.67227
66.96   31.6312   5.62416
66.98   22.6774   4.76208
67   17.2497   4.4
67.02   14.6136   4.4
67.04   12.5482   4.4
67.06   11.2998   4.4
67.08   10.5613   4.4
67.1   10.2101   4.4
67.12   10.1398   4.4
67.14   10.4367   4.4
67.16   11.2882   4.4
67.18   12.4927   4.4
67.2   14.9008   4.4
67.22   17.9985   4.4
67.24   20.6024   4.53898
67.26   21.6934   4.65762
67.28   21.744   4.66305
67.3   20.9049   4.57219
67.32   20.07   4.47996
67.34   20.3602   4.51222
67.36   22.2776   4.71991
67.38   26.0425   5.10319
67.4   32.618   5.71122
67.42   43.9662   6.6307
67.44   63.5039   7.96893
67.46   94.8917   9.74123
67.48   139.911   11.8284
67.5   185.268   13.6113
67.52   194.082   13.9313
67.54   156.197   12.4979
67.56   108.503   10.4165
67.58   72.549   8.51757
67.6   49.7317   7.05207
67.62   36.2182   6.01816
67.64   28.2697   5.31692
67.66   23.3955   4.83689
67.68   20.2292   4.49768
67.7   18.0943   4.4
67.72   16.8418   4.4
67.74   15.8679   4.4
67.76   15.2499   4.4
67.78   14.9089   4.4
67.8   14.7938   4.4
67.82   14.8716   4.4
67.84   15.1224   4.4
67.86   15.5355   4.4
67.88   16.1082   4.4
67.9   16.8493   4.4
67.92   17.7593   4.4
67.94   18.8597   4.4
67.96   20.1744   4.49159
67.98   21.7475   4.66342
68   23.5885   4.8568
68.02   25.7894   5.07832
68.04   28.4145   5.33053
68.06   31.566   5.61836
68.08   35.3824   5.94831
68.1   40.1676   6.33779
68.12   45.9744   6.78044
68.14   53.3664   7.30523
68.16   62.7871   7.92383
68.18   75.1474   8.66876
68.2   91.7649   9.5794
68.22   115.032   10.7253
68.24   149.948   12.2453
68.26   205.692   14.342
68.28   295.902   17.2018
68.3   435.446   20.8674
68.32   623.083   24.9616
68.34   802.932   28.3361
68.36   888.09   29.8008
68.38   882.46   29.7062
68.4   856.11   29.2594
68.42   862.693   29.3716
68.44   914.053   30.2333
68.46   899.244   29.9874
68.48   731.88   27.0533
68.5   517.583   22.7504
68.52   350.173   18.7129
68.54   240.489   15.5077
68.56   173.214   13.1611
68.58   132.181   11.497
68.6   106.182   10.3044
68.62   88.8679   9.42698
68.64   77.0068   8.77535
68.66   69.0397   8.30901
68.68   64.113   8.00706
68.7   62.0784   7.87898
68.72   63.3712   7.96061
68.74   69.2305   8.32049
68.76   81.9534   9.05281
68.78   104.738   10.2342
68.8   138.701   11.7771
68.82   177.846   13.3359
68.84   204.464   14.2991
68.86   212.573   14.5799
68.88   202.082   14.2156
68.9   165.436   12.8622
68.92   121.509   11.0231
68.94   88.0863   9.38543
68.96   67.0848   8.19053
68.98   55.351   7.43982
69   49.6244   7.04446
69.02   48.251   6.94629
69.04   49.8667   7.06163
69.06   54.3948   7.37528
69.08   64.1597   8.00998
69.1   83.2691   9.12519
69.12   116.073   10.7737
69.14   163.77   12.7973
69.16   212.187   14.5666
69.18   221.132   14.8705
69.2   179.363   13.3927
69.22   126.742   11.258
69.24   87.0153   9.3282
69.26   61.9422   7.87034
69.28   47.4746   6.89018
69.3   39.6607   6.29767
69.32   35.904   5.99199
69.34   34.6037   5.88249
69.36   34.3492   5.86082
69.38   34.6261   5.8844
69.4   36.3355   6.02789
69.42   39.4286   6.27922
69.44   42.0772   6.48669
69.46   44.4626   6.66803
69.48   50.4079   7.09985
69.5   63.8958   7.99348
69.52   88.4462   9.40458
69.54   125.355   11.1962
69.56   164.997   12.8451
69.58   181.128   13.4584
69.6   161.621   12.713
69.62   122.243   11.0563
69.64   84.7449   9.2057
69.66   58.3487   7.63863
69.68   41.9638   6.47794
69.7   32.2366   5.67773
69.72   26.4442   5.14239
69.74   22.9214   4.78763
69.76   20.8126   4.56209
69.78   19.7389   4.44285
69.8   19.3148   4.4
69.82   19.9179   4.46295
69.84   22.1164   4.70281
69.86   25.8496   5.08425
69.88   30.8925   5.5581
69.9   38.1295   6.17491
69.92   48.4199   6.95844
69.94   61.8009   7.86135
69.96   68.7214   8.28984
69.98   62.1955   7.88641
70   50.998   7.14129
