1.54056
5   0   4.4
5.02   0   4.4
5.04   0   4.4
5.06   0   4.4
5.08   0   4.4
5.1   0   4.4
5.12   0   4.4
5.14   0   4.4
5.16   0   4.4
5.18   0   4.4
5.2   0   4.4
5.22   0   4.4
5.24   0   4.4
5.26   0   4.4
5.28   0   4.4
5.3   0   4.4
5.32   0   4.4
5.34   0   4.4
5.36   0   4.4
5.38   0   4.4
5.4   0   4.4
5.42   0   4.4
5.44   0   4.4
5.46   0   4.4
5.48   0   4.4
5.5   0   4.4
5.52   0   4.4
5.54   0   4.4
5.56   0   4.4
5.58   0   4.4
5.6   0   4.4
5.62   0   4.4
5.64   0   4.4
5.66   0   4.4
5.68   0   4.4
5.7   0   4.4
5.72   0   4.4
5.74   0   4.4
5.76   0   4.4
5.78   0   4.4
5.8   0   4.4
5.82   0   4.4
5.84   0   4.4
5.86   0   4.4
5.88   0   4.4
5.9   0   4.4
5.92   0   4.4
5.94   0   4.4
5.96   0   4.4
5.98   0   4.4
6   0   4.4
6.02   0   4.4
6.04   0   4.4
6.06   0   4.4
6.08   0   4.4
6.1   0   4.4
6.12   0   4.4
6.14   0   4.4
6.16   0   4.4
6.18   0   4.4
6.2   0   4.4
6.22   0   4.4
6.24   0   4.4
6.26   0   4.4
6.28   0   4.4
6.3   0   4.4
6.32   0   4.4
6.34   0   4.4
6.36   0   4.4
6.38   0   4.4
6.4   0   4.4
6.42   0   4.4
6.44   0   4.4
6.46   0   4.4
6.48   0   4.4
6.5   0   4.4
6.52   0   4.4
6.54   0   4.4
6.56   0   4.4
6.58   0   4.4
6.6   0   4.4
6.62   0   4.4
6.64   0   4.4
6.66   0   4.4
6.68   0   4.4
6.7   0   4.4
6.72   0   4.4
6.74   0   4.4
6.76   0   4.4
6.78   0   4.4
6.8   0   4.4
6.82   0   4.4
6.84   0   4.4
6.86   0   4.4
6.88   0   4.4
6.9   0   4.4
6.92   0   4.4
6.94   0   4.4
6.96   0   4.4
6.98   0   4.4
7   0   4.4
7.02   0   4.4
7.04   0   4.4
7.06   0   4.4
7.08   0   4.4
7.1   0   4.4
7.12   0   4.4
7.14   0   4.4
7.16   0   4.4
7.18   0   4.4
7.2   0   4.4
7.22   0   4.4
7.24   0   4.4
7.26   0   4.4
7.28   0   4.4
7.3   0   4.4
7.32   0   4.4
7.34   0   4.4
7.36   0   4.4
7.38   0   4.4
7.4   0   4.4
7.42   0   4.4
7.44   0   4.4
7.46   0   4.4
7.48   0   4.4
7.5   0   4.4
7.52   0   4.4
7.54   0   4.4
7.56   0   4.4
7.58   0   4.4
7.6   0   4.4
7.62   0   4.4
7.64   0   4.4
7.66   0   4.4
7.68   0   4.4
7.7   0   4.4
7.72   0   4.4
7.74   0   4.4
7.76   0   4.4
7.78   0   4.4
7.8   0   4.4
7.82   0   4.4
7.84   0   4.4
7.86   0   4.4
7.88   0   4.4
7.9   0   4.4
7.92   0   4.4
7.94   0   4.4
7.96   0   4.4
7.98   0   4.4
8   0   4.4
8.02   0   4.4
8.04   0   4.4
8.06   0   4.4
8.08   0   4.4
8.1   0   4.4
8.12   0   4.4
8.14   0   4.4
8.16   0   4.4
8.18   0   4.4
8.2   0   4.4
8.22   0   4.4
8.24   0   4.4
8.26   0   4.4
8.28   0   4.4
8.3   0   4.4
8.32   0   4.4
8.34   0   4.4
8.36   0   4.4
8.38   0   4.4
8.4   0   4.4
8.42   0   4.4
8.44   0   4.4
8.46   0   4.4
8.48   0   4.4
8.5   0   4.4
8.52   0   4.4
8.54   0   4.4
8.56   0   4.4
8.58   0   4.4
8.6   0   4.4
8.62   0   4.4
8.64   0   4.4
8.66   0   4.4
8.68   0   4.4
8.7   0   4.4
8.72   0   4.4
8.74   0   4.4
8.76   0   4.4
8.78   0   4.4
8.8   0   4.4
8.82   0   4.4
8.84   0   4.4
8.86   0   4.4
8.88   0   4.4
8.9   0   4.4
8.92   0   4.4
8.94   0   4.4
8.96   0   4.4
8.98   0   4.4
9   0   4.4
9.02   0   4.4
9.04   0   4.4
9.06   0   4.4
9.08   0   4.4
9.1   0   4.4
9.12   0   4.4
9.14   0   4.4
9.16   0   4.4
9.18   0   4.4
9.2   0   4.4
9.22   0   4.4
9.24   0   4.4
9.26   0   4.4
9.28   0   4.4
9.3   0   4.4
9.32   0   4.4
9.34   0   4.4
9.36   0   4.4
9.38   0   4.4
9.4   0   4.4
9.42   0   4.4
9.44   0   4.4
9.46   0   4.4
9.48   0   4.4
9.5   0   4.4
9.52   0   4.4
9.54   0   4.4
9.56   0   4.4
9.58   0   4.4
9.6   0   4.4
9.62   0   4.4
9.64   0   4.4
9.66   0   4.4
9.68   0   4.4
9.7   0   4.4
9.72   0   4.4
9.74   0   4.4
9.76   0   4.4
9.78   0   4.4
9.8   0   4.4
9.82   0   4.4
9.84   0   4.4
9.86   0   4.4
9.88   0   4.4
9.9   0   4.4
9.92   0   4.4
9.94   0   4.4
9.96   0   4.4
9.98   0   4.4
10   0   4.4
10.02   0   4.4
10.04   0   4.4
10.06   0   4.4
10.08   0   4.4
10.1   0   4.4
10.12   0   4.4
10.14   0   4.4
10.16   0   4.4
10.18   0   4.4
10.2   0   4.4
10.22   0   4.4
10.24   0   4.4
10.26   0   4.4
10.28   0   4.4
10.3   0   4.4
10.32   0   4.4
10.34   0   4.4
10.36   0   4.4
10.38   0   4.4
10.4   0   4.4
10.42   0   4.4
10.44   0   4.4
10.46   0   4.4
10.48   0   4.4
10.5   0   4.4
10.52   0   4.4
10.54   0   4.4
10.56   0   4.4
10.58   0   4.4
10.6   0   4.4
10.62   0   4.4
10.64   0   4.4
10.66   0   4.4
10.68   0   4.4
10.7   0   4.4
10.72   0   4.4
10.74   0   4.4
10.76   0   4.4
10.78   0   4.4
10.8   0   4.4
10.82   0   4.4
10.84   0   4.4
10.86   0   4.4
10.88   0   4.4
10.9   0   4.4
10.92   0   4.4
10.94   0   4.4
10.96   0   4.4
10.98   0   4.4
11   0   4.4
11.02   0   4.4
11.04   0   4.4
11.06   0   4.4
11.08   0   4.4
11.1   0   4.4
11.12   0   4.4
11.14   0   4.4
11.16   0   4.4
11.18   0   4.4
11.2   0   4.4
11.22   0   4.4
11.24   0   4.4
11.26   0   4.4
11.28   0   4.4
11.3   0   4.4
11.32   0   4.4
11.34   0   4.4
11.36   0   4.4
11.38   0   4.4
11.4   0   4.4
11.42   0   4.4
11.44   0   4.4
11.46   0   4.4
11.48   0   4.4
11.5   0   4.4
11.52   0   4.4
11.54   0   4.4
11.56   0   4.4
11.58   0   4.4
11.6   0   4.4
11.62   0   4.4
11.64   0   4.4
11.66   0   4.4
11.68   0   4.4
11.7   0   4.4
11.72   0   4.4
11.74   0   4.4
11.76   0   4.4
11.78   0   4.4
11.8   0   4.4
11.82   0   4.4
11.84   0   4.4
11.86   0   4.4
11.88   0   4.4
11.9   0   4.4
11.92   0   4.4
11.94   0   4.4
11.96   0   4.4
11.98   0   4.4
12   0   4.4
12.02   0   4.4
12.04   0   4.4
12.06   0   4.4
12.08   0   4.4
12.1   0   4.4
12.12   0   4.4
12.14   0   4.4
12.16   0   4.4
12.18   0   4.4
12.2   0   4.4
12.22   0   4.4
12.24   0   4.4
12.26   0   4.4
12.28   0   4.4
12.3   0   4.4
12.32   0   4.4
12.34   0   4.4
12.36   0   4.4
12.38   0   4.4
12.4   0   4.4
12.42   0   4.4
12.44   0   4.4
12.46   0   4.4
12.48   0   4.4
12.5   0   4.4
12.52   0   4.4
12.54   0   4.4
12.56   0   4.4
12.58   0   4.4
12.6   0   4.4
12.62   0   4.4
12.64   0   4.4
12.66   0   4.4
12.68   0   4.4
12.7   0   4.4
12.72   0   4.4
12.74   0   4.4
12.76   0   4.4
12.78   0   4.4
12.8   0   4.4
12.82   0   4.4
12.84   0   4.4
12.86   0   4.4
12.88   0   4.4
12.9   0   4.4
12.92   0   4.4
12.94   0   4.4
12.96   0   4.4
12.98   0   4.4
13   0   4.4
13.02   0   4.4
13.04   0   4.4
13.06   0   4.4
13.08   0   4.4
13.1   0   4.4
13.12   0   4.4
13.14   0   4.4
13.16   0   4.4
13.18   0   4.4
13.2   0   4.4
13.22   0   4.4
13.24   0   4.4
13.26   0   4.4
13.28   0   4.4
13.3   0   4.4
13.32   0   4.4
13.34   0   4.4
13.36   0   4.4
13.38   0   4.4
13.4   0   4.4
13.42   0   4.4
13.44   0   4.4
13.46   0   4.4
13.48   0   4.4
13.5   0   4.4
13.52   0   4.4
13.54   0   4.4
13.56   0   4.4
13.58   0   4.4
13.6   0   4.4
13.62   0   4.4
13.64   0   4.4
13.66   0   4.4
13.68   0   4.4
13.7   0   4.4
13.72   0   4.4
13.74   0   4.4
13.76   0   4.4
13.78   0   4.4
13.8   0   4.4
13.82   0   4.4
13.84   0   4.4
13.86   0   4.4
13.88   0   4.4
13.9   0   4.4
13.92   0   4.4
13.94   0   4.4
13.96   0   4.4
13.98   0   4.4
14   0   4.4
14.02   0   4.4
14.04   0   4.4
14.06   0   4.4
14.08   0   4.4
14.1   0   4.4
14.12   0   4.4
14.14   0   4.4
14.16   0   4.4
14.18   0   4.4
14.2   0   4.4
14.22   0   4.4
14.24   0   4.4
14.26   0   4.4
14.28   0   4.4
14.3   0   4.4
14.32   0   4.4
14.34   0   4.4
14.36   0   4.4
14.38   0   4.4
14.4   0   4.4
14.42   0   4.4
14.44   0   4.4
14.46   0   4.4
14.48   0   4.4
14.5   0   4.4
14.52   0   4.4
14.54   0   4.4
14.56   0   4.4
14.58   0   4.4
14.6   0   4.4
14.62   0   4.4
14.64   0   4.4
14.66   0   4.4
14.68   0   4.4
14.7   0   4.4
14.72   0   4.4
14.74   0   4.4
14.76   0   4.4
14.78   0   4.4
14.8   0   4.4
14.82   0   4.4
14.84   0   4.4
14.86   0   4.4
14.88   0   4.4
14.9   0   4.4
14.92   0   4.4
14.94   0   4.4
14.96   0   4.4
14.98   0   4.4
15   0   4.4
15.02   0   4.4
15.04   0   4.4
15.06   0   4.4
15.08   0   4.4
15.1   0   4.4
15.12   0   4.4
15.14   0   4.4
15.16   0   4.4
15.18   0   4.4
15.2   0   4.4
15.22   0   4.4
15.24   0   4.4
15.26   0   4.4
15.28   0   4.4
15.3   0   4.4
15.32   0   4.4
15.34   0   4.4
15.36   0   4.4
15.38   0   4.4
15.4   0   4.4
15.42   0   4.4
15.44   0   4.4
15.46   0   4.4
15.48   0   4.4
15.5   0   4.4
15.52   0   4.4
15.54   0   4.4
15.56   0   4.4
15.58   0   4.4
15.6   0   4.4
15.62   0   4.4
15.64   0   4.4
15.66   0   4.4
15.68   0   4.4
15.7   0   4.4
15.72   0   4.4
15.74   0   4.4
15.76   0   4.4
15.78   0   4.4
15.8   0   4.4
15.82   0   4.4
15.84   0   4.4
15.86   0   4.4
15.88   0   4.4
15.9   0   4.4
15.92   0   4.4
15.94   0   4.4
15.96   0   4.4
15.98   0   4.4
16   0   4.4
16.02   0   4.4
16.04   0   4.4
16.06   0   4.4
16.08   0   4.4
16.1   0   4.4
16.12   0   4.4
16.14   0   4.4
16.16   0   4.4
16.18   0   4.4
16.2   0   4.4
16.22   0   4.4
16.24   0   4.4
16.26   0   4.4
16.28   0   4.4
16.3   0   4.4
16.32   0   4.4
16.34   0   4.4
16.36   0   4.4
16.38   0   4.4
16.4   0   4.4
16.42   0   4.4
16.44   0   4.4
16.46   0   4.4
16.48   0   4.4
16.5   0   4.4
16.52   0   4.4
16.54   0   4.4
16.56   0   4.4
16.58   0   4.4
16.6   0   4.4
16.62   0   4.4
16.64   0   4.4
16.66   0   4.4
16.68   0   4.4
16.7   0   4.4
16.72   0   4.4
16.74   0   4.4
16.76   0   4.4
16.78   0   4.4
16.8   0   4.4
16.82   0   4.4
16.84   0   4.4
16.86   0   4.4
16.88   0   4.4
16.9   0   4.4
16.92   0   4.4
16.94   0   4.4
16.96   0   4.4
16.98   0   4.4
17   0   4.4
17.02   0   4.4
17.04   0   4.4
17.06   0   4.4
17.08   0   4.4
17.1   0   4.4
17.12   0   4.4
17.14   0   4.4
17.16   0   4.4
17.18   0   4.4
17.2   0   4.4
17.22   0   4.4
17.24   0   4.4
17.26   0   4.4
17.28   0   4.4
17.3   0   4.4
17.32   0   4.4
17.34   0   4.4
17.36   0   4.4
17.38   0   4.4
17.4   0   4.4
17.42   0   4.4
17.44   0   4.4
17.46   0   4.4
17.48   0   4.4
17.5   0   4.4
17.52   0   4.4
17.54   0   4.4
17.56   0   4.4
17.58   0   4.4
17.6   0   4.4
17.62   0   4.4
17.64   0   4.4
17.66   0   4.4
17.68   0   4.4
17.7   0   4.4
17.72   0   4.4
17.74   0   4.4
17.76   0   4.4
17.78   0   4.4
17.8   0   4.4
17.82   0   4.4
17.84   0   4.4
17.86   0   4.4
17.88   0   4.4
17.9   0   4.4
17.92   0   4.4
17.94   0   4.4
17.96   0   4.4
17.98   0   4.4
18   0   4.4
18.02   0   4.4
18.04   0   4.4
18.06   0   4.4
18.08   0   4.4
18.1   0   4.4
18.12   0   4.4
18.14   0   4.4
18.16   0   4.4
18.18   0   4.4
18.2   0   4.4
18.22   0   4.4
18.24   0   4.4
18.26   0   4.4
18.28   0   4.4
18.3   0   4.4
18.32   0   4.4
18.34   0   4.4
18.36   0   4.4
18.38   0   4.4
18.4   0   4.4
18.42   0   4.4
18.44   0   4.4
18.46   0   4.4
18.48   0   4.4
18.5   0   4.4
18.52   0   4.4
18.54   0   4.4
18.56   0   4.4
18.58   0   4.4
18.6   0   4.4
18.62   0   4.4
18.64   0   4.4
18.66   0   4.4
18.68   0   4.4
18.7   0   4.4
18.72   0   4.4
18.74   0   4.4
18.76   0   4.4
18.78   0   4.4
18.8   0   4.4
18.82   0   4.4
18.84   0   4.4
18.86   0   4.4
18.88   0   4.4
18.9   0   4.4
18.92   0   4.4
18.94   0   4.4
18.96   0   4.4
18.98   0   4.4
19   0   4.4
19.02   0   4.4
19.04   0   4.4
19.06   0   4.4
19.08   0   4.4
19.1   0   4.4
19.12   0   4.4
19.14   0   4.4
19.16   0   4.4
19.18   0   4.4
19.2   0   4.4
19.22   0   4.4
19.24   0   4.4
19.26   0   4.4
19.28   0   4.4
19.3   0   4.4
19.32   0   4.4
19.34   0   4.4
19.36   0   4.4
19.38   0   4.4
19.4   0   4.4
19.42   0   4.4
19.44   0   4.4
19.46   0   4.4
19.48   0   4.4
19.5   0   4.4
19.52   0   4.4
19.54   0   4.4
19.56   0   4.4
19.58   0   4.4
19.6   0   4.4
19.62   0   4.4
19.64   0   4.4
19.66   0   4.4
19.68   0   4.4
19.7   0   4.4
19.72   0   4.4
19.74   0   4.4
19.76   0   4.4
19.78   0   4.4
19.8   0   4.4
19.82   0   4.4
19.84   0   4.4
19.86   0   4.4
19.88   0   4.4
19.9   0   4.4
19.92   0   4.4
19.94   0   4.4
19.96   0   4.4
19.98   0   4.4
20   0   4.4
20.02   0   4.4
20.04   0   4.4
20.06   0   4.4
20.08   0   4.4
20.1   0   4.4
20.12   0   4.4
20.14   0   4.4
20.16   0   4.4
20.18   0   4.4
20.2   0   4.4
20.22   0   4.4
20.24   0   4.4
20.26   0   4.4
20.28   0   4.4
20.3   0   4.4
20.32   0   4.4
20.34   0   4.4
20.36   0   4.4
20.38   0   4.4
20.4   0   4.4
20.42   0   4.4
20.44   0   4.4
20.46   0   4.4
20.48   0   4.4
20.5   0   4.4
20.52   0   4.4
20.54   0   4.4
20.56   0   4.4
20.58   0   4.4
20.6   0   4.4
20.62   0   4.4
20.64   0   4.4
20.66   0   4.4
20.68   0   4.4
20.7   0   4.4
20.72   0   4.4
20.74   0   4.4
20.76   0   4.4
20.78   0   4.4
20.8   0   4.4
20.82   0   4.4
20.84   0   4.4
20.86   0   4.4
20.88   0   4.4
20.9   0   4.4
20.92   0   4.4
20.94   0   4.4
20.96   0   4.4
20.98   0   4.4
21   0   4.4
21.02   0   4.4
21.04   0   4.4
21.06   0   4.4
21.08   0   4.4
21.1   0   4.4
21.12   0   4.4
21.14   0   4.4
21.16   0   4.4
21.18   0   4.4
21.2   0   4.4
21.22   0   4.4
21.24   0   4.4
21.26   0   4.4
21.28   0   4.4
21.3   0   4.4
21.32   0   4.4
21.34   0   4.4
21.36   0   4.4
21.38   0   4.4
21.4   0   4.4
21.42   0   4.4
21.44   0   4.4
21.46   0   4.4
21.48   0   4.4
21.5   0   4.4
21.52   0   4.4
21.54   0   4.4
21.56   0   4.4
21.58   0   4.4
21.6   0   4.4
21.62   0   4.4
21.64   0   4.4
21.66   0   4.4
21.68   0   4.4
21.7   0   4.4
21.72   0   4.4
21.74   0   4.4
21.76   0   4.4
21.78   0   4.4
21.8   0   4.4
21.82   0   4.4
21.84   0   4.4
21.86   0   4.4
21.88   0   4.4
21.9   0   4.4
21.92   0   4.4
21.94   0   4.4
21.96   0   4.4
21.98   0   4.4
22   0   4.4
22.02   0   4.4
22.04   0   4.4
22.06   0   4.4
22.08   0   4.4
22.1   0   4.4
22.12   0   4.4
22.14   0   4.4
22.16   0   4.4
22.18   0   4.4
22.2   0   4.4
22.22   0   4.4
22.24   0   4.4
22.26   0   4.4
22.28   0   4.4
22.3   0   4.4
22.32   0   4.4
22.34   0   4.4
22.36   0   4.4
22.38   0   4.4
22.4   0   4.4
22.42   0   4.4
22.44   0   4.4
22.46   0   4.4
22.48   0   4.4
22.5   0   4.4
22.52   0   4.4
22.54   0   4.4
22.56   0   4.4
22.58   0   4.4
22.6   0   4.4
22.62   0   4.4
22.64   0   4.4
22.66   0   4.4
22.68   0   4.4
22.7   0   4.4
22.72   0   4.4
22.74   0   4.4
22.76   0   4.4
22.78   0   4.4
22.8   0   4.4
22.82   0   4.4
22.84   0   4.4
22.86   0   4.4
22.88   0   4.4
22.9   0   4.4
22.92   0   4.4
22.94   0   4.4
22.96   0   4.4
22.98   0   4.4
23   0   4.4
23.02   0   4.4
23.04   0   4.4
23.06   0.0586269   4.4
23.08   0.0602881   4.4
23.1   0.062021   4.4
23.12   0.0638296   4.4
23.14   0.0657184   4.4
23.16   0.0676923   4.4
23.18   0.0697564   4.4
23.2   0.0719163   4.4
23.22   0.0741781   4.4
23.24   0.0765483   4.4
23.26   0.0790338   4.4
23.28   0.0816423   4.4
23.3   0.084382   4.4
23.32   0.0872619   4.4
23.34   0.0902917   4.4
23.36   0.093482   4.4
23.38   0.0968442   4.4
23.4   0.100391   4.4
23.42   0.104136   4.4
23.44   0.108095   4.4
23.46   0.112283   4.4
23.48   0.11672   4.4
23.5   0.121424   4.4
23.52   0.126419   4.4
23.54   0.131728   4.4
23.56   0.137378   4.4
23.58   0.143399   4.4
23.6   0.149825   4.4
23.62   0.156691   4.4
23.64   0.164041   4.4
23.66   0.171919   4.4
23.68   0.180378   4.4
23.7   0.189476   4.4
23.72   0.199279   4.4
23.74   0.209862   4.4
23.76   0.221309   4.4
23.78   0.233718   4.4
23.8   0.247199   4.4
23.82   0.261878   4.4
23.84   0.277902   4.4
23.86   0.29544   4.4
23.88   0.314688   4.4
23.9   0.335876   4.4
23.92   0.359272   4.4
23.94   0.385194   4.4
23.96   0.414018   4.4
23.98   0.446191   4.4
24   0.482252   4.4
24.02   0.522851   4.4
24.04   0.568779   4.4
24.06   0.621007   4.4
24.08   0.680736   4.4
24.1   0.749467   4.4
24.12   0.829092   4.4
24.14   0.922024   4.4
24.16   1.03138   4.4
24.18   1.16123   4.4
24.2   1.31698   4.4
24.22   1.50593   4.4
24.24   1.73809   4.4
24.26   2.02749   4.4
24.28   2.39423   4.4
24.3   2.86796   4.4
24.32   3.49415   4.4
24.34   4.34749   4.4
24.36   5.56343   4.4
24.38   7.40929   4.4
24.4   10.4088   4.4
24.42   15.4677   4.4
24.44   23.8187   4.88044
24.46   36.3876   6.03221
24.48   51.2602   7.15962
24.5   58.9351   7.67692
24.52   51.029   7.14346
24.54   36.1413   6.01176
24.56   23.6427   4.86237
24.58   15.358   4.4
24.6   10.3438   4.4
24.62   7.37028   4.4
24.64   5.53855   4.4
24.66   4.33048   4.4
24.68   3.48189   4.4
24.7   2.8588   4.4
24.72   2.38721   4.4
24.74   2.02199   4.4
24.76   1.73372   4.4
24.78   1.50239   4.4
24.8   1.31408   4.4
24.82   1.15882   4.4
24.84   1.02936   4.4
24.86   0.920319   4.4
24.88   0.827637   4.4
24.9   0.748215   4.4
24.92   0.679652   4.4
24.94   0.620061   4.4
24.96   0.567949   4.4
24.98   0.522119   4.4
25   0.481603   4.4
25.02   0.445614   4.4
25.04   0.413502   4.4
25.06   0.384731   4.4
25.08   0.358855   4.4
25.1   0.335499   4.4
25.12   0.314346   4.4
25.14   0.295129   4.4
25.16   0.277618   4.4
25.18   0.261618   4.4
25.2   0.24696   4.4
25.22   0.233499   4.4
25.24   0.221107   4.4
25.26   0.209675   4.4
25.28   0.199106   4.4
25.3   0.189316   4.4
25.32   0.180229   4.4
25.34   0.17178   4.4
25.36   0.163912   4.4
25.38   0.156571   4.4
25.4   0.149712   4.4
25.42   0.143294   4.4
25.44   0.137279   4.4
25.46   0.131635   4.4
25.48   0.126332   4.4
25.5   0.121342   4.4
25.52   0.116642   4.4
25.54   0.11221   4.4
25.56   0.108026   4.4
25.58   0.104071   4.4
25.6   0.100329   4.4
25.62   0.0967856   4.4
25.64   0.0934264   4.4
25.66   0.0902389   4.4
25.68   0.0872118   4.4
25.7   0.0843343   4.4
25.72   0.0815969   4.4
25.74   0.0789906   4.4
25.76   0.0765071   4.4
25.78   0.0741388   4.4
25.8   0.0718788   4.4
25.82   0.0697206   4.4
25.84   0.067658   4.4
25.86   0.0656856   4.4
25.88   0.0637982   4.4
25.9   0.0619909   4.4
25.92   0.0602593   4.4
25.94   0.0585993   4.4
25.96   0   4.4
25.98   0   4.4
26   0   4.4
26.02   0   4.4
26.04   0   4.4
26.06   0   4.4
26.08   0   4.4
26.1   0   4.4
26.12   0   4.4
26.14   0   4.4
26.16   0   4.4
26.18   0   4.4
26.2   0   4.4
26.22   0   4.4
26.24   0   4.4
26.26   0   4.4
26.28   0   4.4
26.3   0   4.4
26.32   0   4.4
26.34   0   4.4
26.36   0   4.4
26.38   0   4.4
26.4   0   4.4
26.42   0   4.4
26.44   0   4.4
26.46   0   4.4
26.48   0   4.4
26.5   0   4.4
26.52   0   4.4
26.54   0   4.4
26.56   0   4.4
26.58   0   4.4
26.6   0   4.4
26.62   0   4.4
26.64   0   4.4
26.66   0   4.4
26.68   0   4.4
26.7   0   4.4
26.72   0   4.4
26.74   0   4.4
26.76   0   4.4
26.78   0   4.4
26.8   0   4.4
26.82   0   4.4
26.84   0   4.4
26.86   0   4.4
26.88   0   4.4
26.9   0   4.4
26.92   9.94525   4.4
26.94   10.2263   4.4
26.96   10.5194   4.4
26.98   10.8253   4.4
27   11.1447   4.4
27.02   11.4785   4.4
27.04   11.8275   4.4
27.06   12.1927   4.4
27.08   12.575   4.4
27.1   12.9755   4.4
27.12   13.3956   4.4
27.14   13.8363   4.4
27.16   14.2991   4.4
27.18   14.7855   4.4
27.2   15.2972   4.4
27.22   15.8359   4.4
27.24   16.4035   4.4
27.26   17.0021   4.4
27.28   17.6342   4.4
27.3   18.3021   4.4
27.32   19.0086   4.4
27.34   19.7569   4.44487
27.36   20.5501   4.53323
27.38   21.3921   4.62516
27.4   22.2869   4.7209
27.42   23.2389   4.82067
27.44   24.2532   4.92475
27.46   25.3353   5.03342
27.48   26.4914   5.14698
27.5   27.7284   5.26577
27.52   29.054   5.39017
27.54   30.4768   5.52058
27.56   32.0066   5.65744
27.58   33.6545   5.80125
27.6   35.4327   5.95254
27.62   37.3555   6.11191
27.64   39.4389   6.28004
27.66   41.7012   6.45765
27.68   44.1636   6.64557
27.7   46.8502   6.84472
27.72   49.7892   7.05614
27.74   53.013   7.281
27.76   56.5596   7.52061
27.78   60.4734   7.77646
27.8   64.8069   8.05027
27.82   69.622   8.34398
27.84   74.9926   8.65983
27.86   81.0073   9.0004
27.88   87.7729   9.36872
27.9   95.4193   9.76828
27.92   104.106   10.2032
27.94   114.028   10.6784
27.96   125.433   11.1997
27.98   138.627   11.774
28   154.003   12.4098
28.02   172.067   13.1174
28.04   193.477   13.9096
28.06   219.107   14.8023
28.08   250.129   15.8155
28.1   288.147   16.9749
28.12   335.401   18.3139
28.14   395.083   19.8767
28.16   471.876   21.7227
28.18   572.892   23.9352
28.2   709.632   26.6389
28.22   902.535   30.0422
28.24   1191.49   34.518
28.26   1655.5   40.6878
28.28   2435.67   49.3525
28.3   3735.36   61.1176
28.32   5740.52   75.7662
28.34   8279.75   90.9931
28.36   10000   100
28.38   9125.85   95.5293
28.4   6646.1   81.5236
28.42   4383.85   66.2106
28.44   2840.17   53.2933
28.46   1895.22   43.5341
28.48   1335.4   36.5432
28.5   994.274   31.5321
28.52   772.323   27.7907
28.54   618.076   24.8611
28.56   505.626   22.4861
28.58   420.95   20.5171
28.6   355.637   18.8584
28.62   304.261   17.4431
28.64   263.158   16.2221
28.66   229.784   15.1586
28.68   202.333   14.2244
28.7   179.49   13.3974
28.72   160.285   12.6604
28.74   143.989   11.9995
28.76   130.045   11.4037
28.78   118.024   10.8639
28.8   107.589   10.3725
28.82   98.4748   9.92345
28.84   90.4672   9.51142
28.86   83.395   9.13209
28.88   77.1184   8.78171
28.9   71.5228   8.45711
28.92   66.5132   8.15556
28.94   62.0109   7.8747
28.96   57.9497   7.61247
28.98   54.274   7.36709
29   50.9365   7.13698
29.02   47.8972   6.92078
29.04   45.1215   6.71725
29.06   42.5798   6.52532
29.08   40.2467   6.34403
29.1   38.1   6.17252
29.12   36.1203   6.01002
29.14   34.2908   5.85583
29.16   32.5967   5.70935
29.18   31.0249   5.57
29.2   29.564   5.43728
29.22   28.2038   5.31073
29.24   26.9353   5.18992
29.26   25.7503   5.07448
29.28   24.6419   4.96406
29.3   23.6034   4.85833
29.32   22.6291   4.75701
29.34   21.7139   4.65982
29.36   20.8531   4.56651
29.38   20.0424   4.47687
29.4   19.278   4.4
29.42   18.5566   4.4
29.44   17.8748   4.4
29.46   17.2299   4.4
29.48   16.6193   4.4
29.5   16.0406   4.4
29.52   15.4915   4.4
29.54   14.9702   4.4
29.56   14.4747   4.4
29.58   14.0034   4.4
29.6   13.5547   4.4
29.62   13.1273   4.4
29.64   12.7197   4.4
29.66   12.3308   4.4
29.68   11.9595   4.4
29.7   11.6047   4.4
29.72   11.2655   4.4
29.74   10.9409   4.4
29.76   10.6301   4.4
29.78   10.3324   4.4
29.8   10.047   4.4
29.82   9.77323   4.4
29.84   0   4.4
29.86   0   4.4
29.88   0   4.4
29.9   0   4.4
29.92   0   4.4
29.94   0   4.4
29.96   0   4.4
29.98   0   4.4
30   0   4.4
30.02   0   4.4
30.04   0   4.4
30.06   0   4.4
30.08   0   4.4
30.1   0   4.4
30.12   0   4.4
30.14   0   4.4
30.16   0   4.4
30.18   0   4.4
30.2   0   4.4
30.22   0   4.4
30.24   0   4.4
30.26   0   4.4
30.28   0   4.4
30.3   0   4.4
30.32   0   4.4
30.34   0   4.4
30.36   0   4.4
30.38   0   4.4
30.4   0   4.4
30.42   0   4.4
30.44   0   4.4
30.46   0   4.4
30.48   0   4.4
30.5   0   4.4
30.52   0   4.4
30.54   0   4.4
30.56   0   4.4
30.58   0   4.4
30.6   0   4.4
30.62   0   4.4
30.64   0   4.4
30.66   0   4.4
30.68   0   4.4
30.7   0   4.4
30.72   0   4.4
30.74   0   4.4
30.76   0   4.4
30.78   0   4.4
30.8   0   4.4
30.82   0   4.4
30.84   0   4.4
30.86   0   4.4
30.88   0   4.4
30.9   0   4.4
30.92   0   4.4
30.94   0   4.4
30.96   0   4.4
30.98   0   4.4
31   0   4.4
31.02   0   4.4
31.04   0   4.4
31.06   0   4.4
31.08   0   4.4
31.1   0   4.4
31.12   0   4.4
31.14   0   4.4
31.16   0   4.4
31.18   0   4.4
31.2   0   4.4
31.22   0   4.4
31.24   0   4.4
31.26   0   4.4
31.28   0   4.4
31.3   0   4.4
31.32   0   4.4
31.34   0   4.4
31.36   0   4.4
31.38   0   4.4
31.4   0   4.4
31.42   0   4.4
31.44   0   4.4
31.46   0   4.4
31.48   0   4.4
31.5   0   4.4
31.52   0   4.4
31.54   0   4.4
31.56   0   4.4
31.58   0   4.4
31.6   0   4.4
31.62   0   4.4
31.64   0   4.4
31.66   0   4.4
31.68   0   4.4
31.7   0   4.4
31.72   0   4.4
31.74   0   4.4
31.76   0   4.4
31.78   0   4.4
31.8   0   4.4
31.82   0   4.4
31.84   0   4.4
31.86   0   4.4
31.88   0   4.4
31.9   0   4.4
31.92   0   4.4
31.94   0   4.4
31.96   0   4.4
31.98   0   4.4
32   0   4.4
32.02   0   4.4
32.04   0   4.4
32.06   0   4.4
32.08   0   4.4
32.1   0   4.4
32.12   0   4.4
32.14   0   4.4
32.16   0   4.4
32.18   0   4.4
32.2   0   4.4
32.22   0   4.4
32.24   0   4.4
32.26   0   4.4
32.28   0   4.4
32.3   0   4.4
32.32   0   4.4
32.34   0   4.4
32.36   0   4.4
32.38   0   4.4
32.4   0   4.4
32.42   0   4.4
32.44   0   4.4
32.46   0   4.4
32.48   0   4.4
32.5   0   4.4
32.52   0   4.4
32.54   0   4.4
32.56   0   4.4
32.58   0   4.4
32.6   0   4.4
32.62   0   4.4
32.64   0   4.4
32.66   0   4.4
32.68   0   4.4
32.7   0   4.4
32.72   0   4.4
32.74   0   4.4
32.76   0   4.4
32.78   0   4.4
32.8   0   4.4
32.82   0   4.4
32.84   0   4.4
32.86   0   4.4
32.88   0   4.4
32.9   0   4.4
32.92   0   4.4
32.94   0   4.4
32.96   0   4.4
32.98   0   4.4
33   0   4.4
33.02   0   4.4
33.04   0   4.4
33.06   0   4.4
33.08   0   4.4
33.1   0   4.4
33.12   0   4.4
33.14   0   4.4
33.16   0   4.4
33.18   0   4.4
33.2   0   4.4
33.22   0   4.4
33.24   0   4.4
33.26   0   4.4
33.28   0   4.4
33.3   0   4.4
33.32   0   4.4
33.34   0   4.4
33.36   0   4.4
33.38   0   4.4
33.4   0   4.4
33.42   0   4.4
33.44   0   4.4
33.46   0   4.4
33.48   0   4.4
33.5   0   4.4
33.52   0   4.4
33.54   0   4.4
33.56   0   4.4
33.58   0   4.4
33.6   0   4.4
33.62   0   4.4
33.64   0   4.4
33.66   0   4.4
33.68   0   4.4
33.7   0   4.4
33.72   0   4.4
33.74   0   4.4
33.76   0   4.4
33.78   0   4.4
33.8   0   4.4
33.82   0   4.4
33.84   0   4.4
33.86   0   4.4
33.88   0   4.4
33.9   0   4.4
33.92   0   4.4
33.94   0   4.4
33.96   0   4.4
33.98   0   4.4
34   0   4.4
34.02   0   4.4
34.04   0   4.4
34.06   0   4.4
34.08   0   4.4
34.1   0   4.4
34.12   0   4.4
34.14   0   4.4
34.16   0   4.4
34.18   0   4.4
34.2   0   4.4
34.22   0   4.4
34.24   0   4.4
34.26   0   4.4
34.28   0   4.4
34.3   0   4.4
34.32   0   4.4
34.34   0   4.4
34.36   0   4.4
34.38   0   4.4
34.4   0   4.4
34.42   0   4.4
34.44   0   4.4
34.46   0   4.4
34.48   0   4.4
34.5   0   4.4
34.52   0   4.4
34.54   0   4.4
34.56   0   4.4
34.58   0   4.4
34.6   0   4.4
34.62   0   4.4
34.64   0   4.4
34.66   0   4.4
34.68   0   4.4
34.7   0   4.4
34.72   0   4.4
34.74   0   4.4
34.76   0   4.4
34.78   0   4.4
34.8   0   4.4
34.82   0   4.4
34.84   0   4.4
34.86   0   4.4
34.88   0   4.4
34.9   0   4.4
34.92   0   4.4
34.94   0   4.4
34.96   0   4.4
34.98   0   4.4
35   0   4.4
35.02   0   4.4
35.04   0   4.4
35.06   0   4.4
35.08   0   4.4
35.1   0   4.4
35.12   0   4.4
35.14   0   4.4
35.16   0   4.4
35.18   0   4.4
35.2   0   4.4
35.22   0   4.4
35.24   0   4.4
35.26   0   4.4
35.28   0   4.4
35.3   0   4.4
35.32   0   4.4
35.34   0   4.4
35.36   0   4.4
35.38   0   4.4
35.4   0   4.4
35.42   0   4.4
35.44   0   4.4
35.46   0   4.4
35.48   0   4.4
35.5   0   4.4
35.52   0   4.4
35.54   0   4.4
35.56   0   4.4
35.58   0   4.4
35.6   0   4.4
35.62   0   4.4
35.64   0   4.4
35.66   0   4.4
35.68   0   4.4
35.7   0   4.4
35.72   0   4.4
35.74   0   4.4
35.76   0   4.4
35.78   0   4.4
35.8   0   4.4
35.82   0   4.4
35.84   0   4.4
35.86   0   4.4
35.88   0   4.4
35.9   0   4.4
35.92   0   4.4
35.94   0   4.4
35.96   0   4.4
35.98   0   4.4
36   0   4.4
36.02   0   4.4
36.04   0   4.4
36.06   0   4.4
36.08   0   4.4
36.1   0   4.4
36.12   0   4.4
36.14   0   4.4
36.16   0   4.4
36.18   0   4.4
36.2   0   4.4
36.22   0   4.4
36.24   0   4.4
36.26   0   4.4
36.28   0   4.4
36.3   0   4.4
36.32   0   4.4
36.34   0   4.4
36.36   0   4.4
36.38   0   4.4
36.4   0   4.4
36.42   0   4.4
36.44   0   4.4
36.46   0   4.4
36.48   0   4.4
36.5   0   4.4
36.52   0   4.4
36.54   0   4.4
36.56   0   4.4
36.58   0   4.4
36.6   0   4.4
36.62   0   4.4
36.64   0   4.4
36.66   0   4.4
36.68   0   4.4
36.7   0   4.4
36.72   0   4.4
36.74   0   4.4
36.76   0   4.4
36.78   0   4.4
36.8   0   4.4
36.82   0   4.4
36.84   0   4.4
36.86   0   4.4
36.88   0   4.4
36.9   0   4.4
36.92   0   4.4
36.94   0   4.4
36.96   0   4.4
36.98   0   4.4
37   0   4.4
37.02   0   4.4
37.04   0   4.4
37.06   0   4.4
37.08   0   4.4
37.1   0   4.4
37.12   0   4.4
37.14   0   4.4
37.16   0   4.4
37.18   0   4.4
37.2   0   4.4
37.22   0   4.4
37.24   0   4.4
37.26   0   4.4
37.28   0   4.4
37.3   0   4.4
37.32   0   4.4
37.34   0   4.4
37.36   0   4.4
37.38   0   4.4
37.4   0   4.4
37.42   0   4.4
37.44   0   4.4
37.46   0   4.4
37.48   0   4.4
37.5   0   4.4
37.52   0   4.4
37.54   0   4.4
37.56   0   4.4
37.58   0   4.4
37.6   0   4.4
37.62   0   4.4
37.64   0   4.4
37.66   0   4.4
37.68   0   4.4
37.7   0   4.4
37.72   0   4.4
37.74   0   4.4
37.76   0   4.4
37.78   0   4.4
37.8   0   4.4
37.82   0   4.4
37.84   0   4.4
37.86   0   4.4
37.88   0   4.4
37.9   0   4.4
37.92   0   4.4
37.94   0   4.4
37.96   0   4.4
37.98   0   4.4
38   0   4.4
38.02   0   4.4
38.04   0   4.4
38.06   0   4.4
38.08   0   4.4
38.1   0   4.4
38.12   0   4.4
38.14   0   4.4
38.16   0   4.4
38.18   0   4.4
38.2   0   4.4
38.22   0   4.4
38.24   0   4.4
38.26   0   4.4
38.28   0   4.4
38.3   0   4.4
38.32   0   4.4
38.34   0   4.4
38.36   0   4.4
38.38   0   4.4
38.4   0   4.4
38.42   0   4.4
38.44   0   4.4
38.46   0   4.4
38.48   0   4.4
38.5   0   4.4
38.52   0   4.4
38.54   0   4.4
38.56   0   4.4
38.58   0   4.4
38.6   0   4.4
38.62   0   4.4
38.64   0   4.4
38.66   0   4.4
38.68   0   4.4
38.7   0   4.4
38.72   0   4.4
38.74   0   4.4
38.76   0   4.4
38.78   0   4.4
38.8   0   4.4
38.82   0   4.4
38.84   0   4.4
38.86   0   4.4
38.88   0   4.4
38.9   0   4.4
38.92   0   4.4
38.94   0   4.4
38.96   0   4.4
38.98   0   4.4
39   0   4.4
39.02   0   4.4
39.04   0   4.4
39.06   0   4.4
39.08   0   4.4
39.1   6.72492   4.4
39.12   6.91483   4.4
39.14   7.1129   4.4
39.16   7.3196   4.4
39.18   7.53543   4.4
39.2   7.76096   4.4
39.22   7.99675   4.4
39.24   8.24345   4.4
39.26   8.50174   4.4
39.28   8.77235   4.4
39.3   9.05609   4.4
39.32   9.35381   4.4
39.34   9.66645   4.4
39.36   9.99502   4.4
39.38   10.3406   4.4
39.4   10.7044   4.4
39.42   11.0878   4.4
39.44   11.4921   4.4
39.46   11.9189   4.4
39.48   12.37   4.4
39.5   12.8471   4.4
39.52   13.3523   4.4
39.54   13.8879   4.4
39.56   14.4564   4.4
39.58   15.0604   4.4
39.6   15.7031   4.4
39.62   16.3878   4.4
39.64   17.1182   4.4
39.66   17.8985   4.4
39.68   18.7333   4.4
39.7   19.6279   4.43034
39.72   20.588   4.5374
39.74   21.6202   4.64976
39.76   22.732   4.7678
39.78   23.9316   4.89199
39.8   25.2286   5.02281
39.82   26.6338   5.16079
39.84   28.1595   5.30655
39.86   29.8199   5.46076
39.88   31.6314   5.62418
39.9   33.6127   5.79765
39.92   35.7858   5.98212
39.94   38.1761   6.17868
39.96   40.8135   6.38855
39.98   43.7333   6.61311
40   46.977   6.85397
40.02   50.5942   7.11296
40.04   54.6444   7.39218
40.06   59.1993   7.69411
40.08   64.346   8.0216
40.1   70.1912   8.37802
40.12   76.8665   8.76735
40.14   84.5361   9.19435
40.16   93.4065   9.6647
40.18   103.74   10.1853
40.2   115.875   10.7645
40.22   130.253   11.4128
40.24   147.455   12.1431
40.26   168.264   12.9716
40.28   193.75   13.9194
40.3   225.405   15.0135
40.32   265.354   16.2897
40.34   316.706   17.7962
40.36   384.178   19.6005
40.38   475.368   21.8029
40.4   603.708   24.5705
40.42   795.333   28.2016
40.44   1102.09   33.1978
40.46   1617.31   40.2158
40.48   2477.23   49.7718
40.5   3811.23   61.7352
40.52   5525.47   74.3335
40.54   6750.81   82.1633
40.56   6244.08   79.0195
40.58   4582.39   67.6934
40.6   3030.1   55.0463
40.62   1962.34   44.2983
40.64   1306.62   36.1473
40.66   918.124   30.3006
40.68   681.969   26.1145
40.7   528.837   22.9965
40.72   422.71   20.5599
40.74   345.484   18.5872
40.76   287.408   16.9531
40.78   242.659   15.5775
40.8   207.488   14.4044
40.82   179.371   13.393
40.84   156.557   12.5123
40.86   137.802   11.7389
40.88   122.204   11.0546
40.9   109.095   10.4449
40.92   97.9774   9.89836
40.94   88.4681   9.40575
40.96   80.2727   8.9595
40.98   73.161   8.55342
41   66.9506   8.18234
41.02   61.4961   7.84194
41.04   56.6798   7.5286
41.06   52.4064   7.23922
41.08   48.5973   6.97118
41.1   45.1879   6.72219
41.12   42.1242   6.49031
41.14   39.3611   6.27385
41.16   36.8607   6.0713
41.18   34.5908   5.88139
41.2   32.5238   5.70297
41.22   30.6365   5.53502
41.24   28.9085   5.37666
41.26   27.3224   5.22708
41.28   25.8632   5.08559
41.3   24.5177   4.95153
41.32   23.2744   4.82435
41.34   22.1232   4.70353
41.36   21.0552   4.58859
41.38   20.0627   4.47914
41.4   19.1386   4.4
41.42   18.2769   4.4
41.44   17.472   4.4
41.46   16.7191   4.4
41.48   16.0138   4.4
41.5   15.3522   4.4
41.52   14.7307   4.4
41.54   14.1461   4.4
41.56   13.5957   4.4
41.58   13.0767   4.4
41.6   12.5869   4.4
41.62   12.1241   4.4
41.64   11.6863   4.4
41.66   11.2718   4.4
41.68   10.8789   4.4
41.7   10.5063   4.4
41.72   10.1524   4.4
41.74   9.81611   4.4
41.76   9.49624   4.4
41.78   9.19176   4.4
41.8   8.90168   4.4
41.82   8.62511   4.4
41.84   8.36122   4.4
41.86   8.10926   4.4
41.88   7.86851   4.4
41.9   7.63832   4.4
41.92   7.41808   4.4
41.94   7.20723   4.4
41.96   7.00524   4.4
41.98   6.81162   4.4
42   6.62591   4.4
42.02   0   4.4
42.04   0   4.4
42.06   0   4.4
42.08   0   4.4
42.1   0   4.4
42.12   0   4.4
42.14   0   4.4
42.16   0   4.4
42.18   0   4.4
42.2   0   4.4
42.22   0   4.4
42.24   0   4.4
42.26   0   4.4
42.28   0   4.4
42.3   0   4.4
42.32   0   4.4
42.34   0   4.4
42.36   0   4.4
42.38   0   4.4
42.4   0   4.4
42.42   0   4.4
42.44   0   4.4
42.46   0   4.4
42.48   0   4.4
42.5   0   4.4
42.52   0   4.4
42.54   0   4.4
42.56   0   4.4
42.58   0   4.4
42.6   0   4.4
42.62   0   4.4
42.64   0   4.4
42.66   0   4.4
42.68   0   4.4
42.7   0   4.4
42.72   0   4.4
42.74   0   4.4
42.76   0   4.4
42.78   0   4.4
42.8   0   4.4
42.82   0   4.4
42.84   0   4.4
42.86   0   4.4
42.88   0   4.4
42.9   0   4.4
42.92   0   4.4
42.94   0   4.4
42.96   0   4.4
42.98   0   4.4
43   0   4.4
43.02   0   4.4
43.04   0   4.4
43.06   0   4.4
43.08   0   4.4
43.1   0   4.4
43.12   0   4.4
43.14   0   4.4
43.16   0   4.4
43.18   0   4.4
43.2   0   4.4
43.22   0   4.4
43.24   0   4.4
43.26   0   4.4
43.28   0   4.4
43.3   0   4.4
43.32   0   4.4
43.34   0   4.4
43.36   0   4.4
43.38   0   4.4
43.4   0   4.4
43.42   0   4.4
43.44   0   4.4
43.46   0   4.4
43.48   0   4.4
43.5   0   4.4
43.52   0   4.4
43.54   0   4.4
43.56   0   4.4
43.58   0   4.4
43.6   0   4.4
43.62   0   4.4
43.64   0   4.4
43.66   0   4.4
43.68   0   4.4
43.7   0   4.4
43.72   0   4.4
43.74   0   4.4
43.76   0   4.4
43.78   0   4.4
43.8   0   4.4
43.82   0   4.4
43.84   0   4.4
43.86   0   4.4
43.88   0   4.4
43.9   0   4.4
43.92   0   4.4
43.94   0   4.4
43.96   0   4.4
43.98   0   4.4
44   0   4.4
44.02   0   4.4
44.04   0   4.4
44.06   0   4.4
44.08   0   4.4
44.1   0   4.4
44.12   0   4.4
44.14   0   4.4
44.16   0   4.4
44.18   0   4.4
44.2   0   4.4
44.22   0   4.4
44.24   0   4.4
44.26   0   4.4
44.28   0   4.4
44.3   0   4.4
44.32   0   4.4
44.34   0   4.4
44.36   0   4.4
44.38   0   4.4
44.4   0   4.4
44.42   0   4.4
44.44   0   4.4
44.46   0   4.4
44.48   0   4.4
44.5   0   4.4
44.52   0   4.4
44.54   0   4.4
44.56   0   4.4
44.58   0   4.4
44.6   0   4.4
44.62   0   4.4
44.64   0   4.4
44.66   0   4.4
44.68   0   4.4
44.7   0   4.4
44.72   0   4.4
44.74   0   4.4
44.76   0   4.4
44.78   0   4.4
44.8   0   4.4
44.82   0   4.4
44.84   0   4.4
44.86   0   4.4
44.88   0   4.4
44.9   0   4.4
44.92   0   4.4
44.94   0   4.4
44.96   0   4.4
44.98   0   4.4
45   0   4.4
45.02   0   4.4
45.04   0   4.4
45.06   0   4.4
45.08   0   4.4
45.1   0   4.4
45.12   0   4.4
45.14   0   4.4
45.16   0   4.4
45.18   0   4.4
45.2   0   4.4
45.22   0   4.4
45.24   0   4.4
45.26   0   4.4
45.28   0   4.4
45.3   0   4.4
45.32   0   4.4
45.34   0   4.4
45.36   0   4.4
45.38   0   4.4
45.4   0   4.4
45.42   0   4.4
45.44   0   4.4
45.46   0   4.4
45.48   0   4.4
45.5   0   4.4
45.52   0   4.4
45.54   0   4.4
45.56   0   4.4
45.58   0   4.4
45.6   0   4.4
45.62   0   4.4
45.64   0   4.4
45.66   0   4.4
45.68   0   4.4
45.7   0   4.4
45.72   0   4.4
45.74   0   4.4
45.76   0   4.4
45.78   0   4.4
45.8   0   4.4
45.82   0   4.4
45.84   0   4.4
45.86   0   4.4
45.88   0   4.4
45.9   0   4.4
45.92   0   4.4
45.94   0   4.4
45.96   0   4.4
45.98   0   4.4
46   0   4.4
46.02   0   4.4
46.04   0   4.4
46.06   0   4.4
46.08   0   4.4
46.1   0   4.4
46.12   0   4.4
46.14   0   4.4
46.16   0   4.4
46.18   0   4.4
46.2   0   4.4
46.22   0   4.4
46.24   0   4.4
46.26   0   4.4
46.28   0   4.4
46.3   0   4.4
46.32   0   4.4
46.34   0   4.4
46.36   0   4.4
46.38   0   4.4
46.4   0   4.4
46.42   0   4.4
46.44   0   4.4
46.46   0   4.4
46.48   0   4.4
46.5   0.0391744   4.4
46.52   0.0402815   4.4
46.54   0.0414363   4.4
46.56   0.0426413   4.4
46.58   0.0438997   4.4
46.6   0.0452146   4.4
46.62   0.0465894   4.4
46.64   0.0480279   4.4
46.66   0.049534   4.4
46.68   0.051112   4.4
46.7   0.0527666   4.4
46.72   0.0545029   4.4
46.74   0.0563262   4.4
46.76   0.0582425   4.4
46.78   0.0602582   4.4
46.8   0.0623803   4.4
46.82   0.0646165   4.4
46.84   0.066975   4.4
46.86   0.069465   4.4
46.88   0.0720963   4.4
46.9   0.0748799   4.4
46.92   0.0778278   4.4
46.94   0.080953   4.4
46.96   0.0842702   4.4
46.98   0.0877954   4.4
47   0.0915462   4.4
47.02   0.0955424   4.4
47.04   0.0998058   4.4
47.06   0.104361   4.4
47.08   0.109235   4.4
47.1   0.114457   4.4
47.12   0.120063   4.4
47.14   0.126091   4.4
47.16   0.132584   4.4
47.18   0.13959   4.4
47.2   0.147167   4.4
47.22   0.155376   4.4
47.24   0.16429   4.4
47.26   0.173993   4.4
47.28   0.184579   4.4
47.3   0.19616   4.4
47.32   0.208864   4.4
47.34   0.22284   4.4
47.36   0.238263   4.4
47.38   0.255341   4.4
47.4   0.274316   4.4
47.42   0.295482   4.4
47.44   0.319187   4.4
47.46   0.345851   4.4
47.48   0.375988   4.4
47.5   0.410225   4.4
47.52   0.449337   4.4
47.54   0.494289   4.4
47.56   0.546299   4.4
47.58   0.606913   4.4
47.6   0.678126   4.4
47.62   0.762538   4.4
47.64   0.86359   4.4
47.66   0.98591   4.4
47.68   1.13583   4.4
47.7   1.32218   4.4
47.72   1.55758   4.4
47.74   1.86049   4.4
47.76   2.25902   4.4
47.78   2.7986   4.4
47.8   3.56002   4.4
47.82   4.70107   4.4
47.84   6.53406   4.4
47.86   9.61641   4.4
47.88   14.7501   4.4
47.9   22.6645   4.76073
47.92   32.6678   5.71557
47.94   39.3964   6.27666
47.96   35.8915   5.99095
47.98   26.1139   5.11018
48   17.2198   4.4
48.02   11.1569   4.4
48.04   7.44695   4.4
48.06   5.24911   4.4
48.08   3.90938   4.4
48.1   3.03735   4.4
48.12   2.4311   4.4
48.14   1.98903   4.4
48.16   1.65609   4.4
48.18   1.39925   4.4
48.2   1.1972   4.4
48.22   1.03553   4.4
48.24   0.904254   4.4
48.26   0.796263   4.4
48.28   0.706396   4.4
48.3   0.630837   4.4
48.32   0.566719   4.4
48.34   0.511855   4.4
48.36   0.464554   4.4
48.38   0.423493   4.4
48.4   0.387625   4.4
48.42   0.356113   4.4
48.44   0.32828   4.4
48.46   0.303579   4.4
48.48   0.281556   4.4
48.5   0.261839   4.4
48.52   0.244119   4.4
48.54   0.228134   4.4
48.56   0.213667   4.4
48.58   0.20053   4.4
48.6   0.188567   4.4
48.62   0.177641   4.4
48.64   0.167636   4.4
48.66   0.158452   4.4
48.68   0.150002   4.4
48.7   0.142209   4.4
48.72   0.135007   4.4
48.74   0.128338   4.4
48.76   0.122151   4.4
48.78   2.33442   4.4
48.8   2.39194   4.4
48.82   2.45252   4.4
48.84   2.51631   4.4
48.86   2.58343   4.4
48.88   2.65405   4.4
48.9   2.72834   4.4
48.92   2.80648   4.4
48.94   2.8887   4.4
48.96   2.97522   4.4
48.98   3.06629   4.4
49   3.16218   4.4
49.02   3.2632   4.4
49.04   3.36968   4.4
49.06   3.48196   4.4
49.08   3.60045   4.4
49.1   3.72556   4.4
49.12   3.85778   4.4
49.14   3.99761   4.4
49.16   4.14562   4.4
49.18   4.30242   4.4
49.2   4.4687   4.4
49.22   4.64521   4.4
49.24   4.83278   4.4
49.26   5.03233   4.4
49.28   5.24487   4.4
49.3   5.47153   4.4
49.32   5.71356   4.4
49.34   5.97236   4.4
49.36   6.2495   4.4
49.38   6.54672   4.4
49.4   6.866   4.4
49.42   7.17209   4.4
49.44   7.54338   4.4
49.46   7.94423   4.4
49.48   8.37785   4.4
49.5   8.8479   4.4
49.52   9.35858   4.4
49.54   9.91469   4.4
49.56   10.5218   4.4
49.58   11.1863   4.4
49.6   11.9156   4.4
49.62   12.7185   4.4
49.64   13.6052   4.4
49.66   14.5876   4.4
49.68   15.6801   4.4
49.7   16.8997   4.4
49.72   18.2668   4.4
49.74   19.8061   4.45041
49.76   21.5477   4.64195
49.78   23.5284   4.85061
49.8   25.7939   5.07877
49.82   28.4012   5.32928
49.84   31.4223   5.60556
49.86   34.9489   5.91176
49.88   39.0995   6.25296
49.9   44.0292   6.63545
49.92   49.9437   7.06709
49.94   57.1209   7.55783
49.96   65.942   8.12047
49.98   76.942   8.77166
50   90.8876   9.5335
50.02   108.91   10.436
50.04   132.747   11.5216
50.06   165.259   12.8553
50.08   211.644   14.548
50.1   282.174   16.7981
50.12   396.944   19.9234
50.14   590.55   24.3012
50.16   909.746   30.162
50.18   1388.57   37.2636
50.2   1949.92   44.1579
50.22   2227.93   47.2009
50.24   1917.23   43.7862
50.26   1353.74   36.7932
50.28   884.849   29.7464
50.3   575.034   23.9799
50.32   387.752   19.6914
50.34   276.657   16.633
50.36   208.126   14.4266
50.38   162.854   12.7614
50.4   131.013   11.4461
50.42   107.615   10.3738
50.44   89.8947   9.48128
50.46   76.1652   8.72726
50.48   65.3234   8.08229
50.5   56.6207   7.52467
50.52   49.5338   7.03803
50.54   43.6892   6.60978
50.56   38.8145   6.23013
50.58   34.7077   5.89133
50.6   31.2164   5.58717
50.62   28.2241   5.31264
50.64   25.6405   5.06365
50.66   23.3947   4.8368
50.68   21.4304   4.6293
50.7   19.7027   4.43877
50.72   18.1752   4.4
50.74   16.8181   4.4
50.76   15.6072   4.4
50.78   14.5221   4.4
50.8   13.5462   4.4
50.82   12.6652   4.4
50.84   11.8672   4.4
50.86   11.1422   4.4
50.88   10.4816   4.4
50.9   9.87791   4.4
50.92   9.32484   4.4
50.94   8.81687   4.4
50.96   8.34926   4.4
50.98   7.91783   4.4
51   7.51895   4.4
51.02   7.14943   4.4
51.04   6.80647   4.4
51.06   6.48758   4.4
51.08   6.19056   4.4
51.1   5.91346   4.4
51.12   5.65454   4.4
51.14   5.41224   4.4
51.16   5.18518   4.4
51.18   4.97209   4.4
51.2   4.77187   4.4
51.22   4.5835   4.4
51.24   4.40605   4.4
51.26   4.2387   4.4
51.28   4.0807   4.4
51.3   3.93137   4.4
51.32   3.79009   4.4
51.34   3.65628   4.4
51.36   3.52943   4.4
51.38   3.40906   4.4
51.4   3.29474   4.4
51.42   3.18608   4.4
51.44   3.0827   4.4
51.46   2.98427   4.4
51.48   2.89048   4.4
51.5   2.80104   4.4
51.52   2.71568   4.4
51.54   2.63417   4.4
51.56   2.55627   4.4
51.58   2.48177   4.4
51.6   2.41048   4.4
51.62   2.34222   4.4
51.64   2.27682   4.4
51.66   2.21412   4.4
51.68   0   4.4
51.7   0   4.4
51.72   0   4.4
51.74   0   4.4
51.76   0   4.4
51.78   0   4.4
51.8   0   4.4
51.82   0   4.4
51.84   0   4.4
51.86   0   4.4
51.88   0   4.4
51.9   0   4.4
51.92   0   4.4
51.94   0   4.4
51.96   0   4.4
51.98   0   4.4
52   0   4.4
52.02   0   4.4
52.04   0   4.4
52.06   0   4.4
52.08   0   4.4
52.1   0   4.4
52.12   0   4.4
52.14   0   4.4
52.16   0   4.4
52.18   0   4.4
52.2   0   4.4
52.22   0   4.4
52.24   0   4.4
52.26   0   4.4
52.28   0   4.4
52.3   0   4.4
52.32   0   4.4
52.34   0   4.4
52.36   0   4.4
52.38   0   4.4
52.4   0   4.4
52.42   0   4.4
52.44   0   4.4
52.46   0   4.4
52.48   0   4.4
52.5   0   4.4
52.52   0   4.4
52.54   0   4.4
52.56   0   4.4
52.58   0   4.4
52.6   0   4.4
52.62   0   4.4
52.64   0   4.4
52.66   0   4.4
52.68   0   4.4
52.7   0   4.4
52.72   0   4.4
52.74   0   4.4
52.76   0   4.4
52.78   0   4.4
52.8   0   4.4
52.82   0   4.4
52.84   0   4.4
52.86   0   4.4
52.88   0   4.4
52.9   0   4.4
52.92   0   4.4
52.94   0   4.4
52.96   0   4.4
52.98   0   4.4
53   0   4.4
53.02   0   4.4
53.04   0   4.4
53.06   0   4.4
53.08   0   4.4
53.1   0   4.4
53.12   0   4.4
53.14   0   4.4
53.16   0   4.4
53.18   0   4.4
53.2   0   4.4
53.22   0   4.4
53.24   0   4.4
53.26   0   4.4
53.28   0   4.4
53.3   0   4.4
53.32   0   4.4
53.34   0   4.4
53.36   0   4.4
53.38   0   4.4
53.4   0   4.4
53.42   0   4.4
53.44   0   4.4
53.46   0   4.4
53.48   0   4.4
53.5   0   4.4
53.52   0   4.4
53.54   0   4.4
53.56   0   4.4
53.58   0   4.4
53.6   0   4.4
53.62   0   4.4
53.64   0   4.4
53.66   0   4.4
53.68   0   4.4
53.7   0   4.4
53.72   0   4.4
53.74   0   4.4
53.76   0   4.4
53.78   0   4.4
53.8   0   4.4
53.82   0   4.4
53.84   0   4.4
53.86   0   4.4
53.88   0   4.4
53.9   0   4.4
53.92   0   4.4
53.94   0   4.4
53.96   0   4.4
53.98   0   4.4
54   0   4.4
54.02   0   4.4
54.04   0   4.4
54.06   0   4.4
54.08   0   4.4
54.1   0   4.4
54.12   0   4.4
54.14   0   4.4
54.16   0   4.4
54.18   0   4.4
54.2   0   4.4
54.22   0   4.4
54.24   0   4.4
54.26   0   4.4
54.28   0   4.4
54.3   0   4.4
54.32   0   4.4
54.34   0   4.4
54.36   0   4.4
54.38   0   4.4
54.4   0   4.4
54.42   0   4.4
54.44   0   4.4
54.46   0   4.4
54.48   0   4.4
54.5   0   4.4
54.52   0   4.4
54.54   0   4.4
54.56   0   4.4
54.58   0   4.4
54.6   0   4.4
54.62   0   4.4
54.64   0   4.4
54.66   0   4.4
54.68   0   4.4
54.7   0   4.4
54.72   0   4.4
54.74   0   4.4
54.76   0   4.4
54.78   0   4.4
54.8   0   4.4
54.82   0   4.4
54.84   0   4.4
54.86   0   4.4
54.88   0   4.4
54.9   0   4.4
54.92   0   4.4
54.94   0   4.4
54.96   0   4.4
54.98   0   4.4
55   0   4.4
55.02   0   4.4
55.04   0   4.4
55.06   0   4.4
55.08   0   4.4
55.1   0   4.4
55.12   0   4.4
55.14   0   4.4
55.16   0   4.4
55.18   0   4.4
55.2   0   4.4
55.22   0   4.4
55.24   0   4.4
55.26   0   4.4
55.28   0   4.4
55.3   0   4.4
55.32   0   4.4
55.34   0   4.4
55.36   0   4.4
55.38   0   4.4
55.4   0   4.4
55.42   0   4.4
55.44   0   4.4
55.46   0   4.4
55.48   0   4.4
55.5   0   4.4
55.52   0   4.4
55.54   0   4.4
55.56   0   4.4
55.58   0   4.4
55.6   0   4.4
55.62   0   4.4
55.64   0   4.4
55.66   0   4.4
55.68   0   4.4
55.7   0   4.4
55.72   0   4.4
55.74   0   4.4
55.76   0   4.4
55.78   0   4.4
55.8   0   4.4
55.82   0   4.4
55.84   0   4.4
55.86   0   4.4
55.88   0   4.4
55.9   0   4.4
55.92   0   4.4
55.94   0   4.4
55.96   0   4.4
55.98   0   4.4
56   0   4.4
56.02   0   4.4
56.04   0   4.4
56.06   0   4.4
56.08   0   4.4
56.1   0   4.4
56.12   0   4.4
56.14   0   4.4
56.16   0   4.4
56.18   0   4.4
56.2   0   4.4
56.22   0   4.4
56.24   0   4.4
56.26   0   4.4
56.28   0   4.4
56.3   0   4.4
56.32   0   4.4
56.34   0   4.4
56.36   0   4.4
56.38   0   4.4
56.4   0   4.4
56.42   0   4.4
56.44   0   4.4
56.46   0   4.4
56.48   0   4.4
56.5   0   4.4
56.52   0   4.4
56.54   0   4.4
56.56   0   4.4
56.58   0   4.4
56.6   0   4.4
56.62   0   4.4
56.64   0   4.4
56.66   0   4.4
56.68   0   4.4
56.7   0   4.4
56.72   0   4.4
56.74   0   4.4
56.76   0   4.4
56.78   0   4.4
56.8   0   4.4
56.82   0   4.4
56.84   0   4.4
56.86   0   4.4
56.88   0   4.4
56.9   0   4.4
56.92   0   4.4
56.94   0   4.4
56.96   0   4.4
56.98   0   4.4
57   0   4.4
57.02   0   4.4
57.04   0   4.4
57.06   0   4.4
57.08   0   4.4
57.1   0   4.4
57.12   0   4.4
57.14   0   4.4
57.16   0   4.4
57.18   0   4.4
57.2   0   4.4
57.22   0   4.4
57.24   0.977405   4.4
57.26   1.00507   4.4
57.28   1.03393   4.4
57.3   1.06406   4.4
57.32   1.09551   4.4
57.34   1.12838   4.4
57.36   1.16276   4.4
57.38   1.19872   4.4
57.4   1.23638   4.4
57.42   1.27585   4.4
57.44   1.31723   4.4
57.46   1.36066   4.4
57.48   1.40627   4.4
57.5   1.45421   4.4
57.52   1.50464   4.4
57.54   1.55774   4.4
57.56   1.6137   4.4
57.58   1.67273   4.4
57.6   1.73505   4.4
57.62   1.80093   4.4
57.64   1.87062   4.4
57.66   1.94443   4.4
57.68   2.0227   4.4
57.7   2.10579   4.4
57.72   2.19409   4.4
57.74   2.28807   4.4
57.76   2.38821   4.4
57.78   2.49506   4.4
57.8   2.60924   4.4
57.82   2.73143   4.4
57.84   2.8624   4.4
57.86   3.00301   4.4
57.88   3.15423   4.4
57.9   3.31714   4.4
57.92   3.49299   4.4
57.94   3.68319   4.4
57.96   3.88932   4.4
57.98   4.11322   4.4
58   4.357   4.4
58.02   4.62306   4.4
58.04   4.9142   4.4
58.06   5.23368   4.4
58.08   5.58528   4.4
58.1   5.97344   4.4
58.12   6.4034   4.4
58.14   6.88137   4.4
58.16   7.41475   4.4
58.18   8.01242   4.4
58.2   8.68508   4.4
58.22   9.4458   4.4
58.24   10.3105   4.4
58.26   11.2991   4.4
58.28   12.4362   4.4
58.3   13.7528   4.4
58.32   15.2887   4.4
58.34   17.095   4.4
58.36   19.2385   4.4
58.38   21.8077   4.66988
58.4   24.9221   4.9922
58.42   28.7452   5.36146
58.44   33.5061   5.78844
58.46   39.5322   6.28747
58.48   47.3057   6.87791
58.5   57.5633   7.58705
58.52   71.5086   8.45627
58.54   91.3089   9.55557
58.56   121.227   11.0103
58.58   169.648   13.0249
58.6   251.247   15.8508
58.62   386.413   19.6574
58.64   591.705   24.325
58.66   840.838   28.9972
58.68   983.867   31.3667
58.7   867.267   29.4494
58.72   619.876   24.8973
58.74   406.551   20.1631
58.76   263.798   16.2419
58.78   177.083   13.3073
58.8   125.69   11.2112
58.82   94.1549   9.70335
58.84   73.4542   8.57054
58.86   58.9659   7.67893
58.88   48.3535   6.95367
58.9   40.3353   6.35101
58.92   34.1344   5.84247
58.94   29.2456   5.40792
58.96   25.3267   5.03256
58.98   22.1393   4.70524
59   19.5135   4.41741
59.02   17.3255   4.4
59.04   15.4838   4.4
59.06   13.9193   4.4
59.08   12.5794   4.4
59.1   11.4232   4.4
59.12   10.4187   4.4
59.14   9.54069   4.4
59.16   8.76876   4.4
59.18   8.08658   4.4
59.2   7.48078   4.4
59.22   6.94041   4.4
59.24   6.4564   4.4
59.26   6.02119   4.4
59.28   5.62845   4.4
59.3   5.27284   4.4
59.32   4.94984   4.4
59.34   4.65557   4.4
59.36   4.38675   4.4
59.38   4.14051   4.4
59.4   3.91441   4.4
59.42   3.70631   4.4
59.44   3.51435   4.4
59.46   3.33691   4.4
59.48   3.17255   4.4
59.5   3.02004   4.4
59.52   2.87825   4.4
59.54   2.7462   4.4
59.56   2.62303   4.4
59.58   2.50795   4.4
59.6   2.40028   4.4
59.62   2.29939   4.4
59.64   2.20473   4.4
59.66   2.11578   4.4
59.68   2.03211   4.4
59.7   1.9533   4.4
59.72   1.87899   4.4
59.74   1.80883   4.4
59.76   1.74253   4.4
59.78   1.6798   4.4
59.8   1.6204   4.4
59.82   1.5641   4.4
59.84   1.51067   4.4
59.86   1.45994   4.4
59.88   1.41172   4.4
59.9   1.36585   4.4
59.92   1.32217   4.4
59.94   1.28056   4.4
59.96   1.24088   4.4
59.98   1.20301   4.4
60   1.16686   4.4
60.02   1.1323   4.4
60.04   1.09926   4.4
60.06   1.06764   4.4
60.08   1.03737   4.4
60.1   1.00837   4.4
60.12   0.980564   4.4
60.14   0   4.4
60.16   0   4.4
60.18   0   4.4
60.2   0   4.4
60.22   0   4.4
60.24   0   4.4
60.26   0   4.4
60.28   0   4.4
60.3   0   4.4
60.32   0   4.4
60.34   0   4.4
60.36   0   4.4
60.38   0   4.4
60.4   0   4.4
60.42   0   4.4
60.44   0   4.4
60.46   0   4.4
60.48   0   4.4
60.5   0   4.4
60.52   0   4.4
60.54   0   4.4
60.56   0   4.4
60.58   0   4.4
60.6   0   4.4
60.62   0   4.4
60.64   0   4.4
60.66   0   4.4
60.68   0   4.4
60.7   0   4.4
60.72   0   4.4
60.74   0   4.4
60.76   0   4.4
60.78   0   4.4
60.8   0   4.4
60.82   0   4.4
60.84   0   4.4
60.86   0   4.4
60.88   0   4.4
60.9   0   4.4
60.92   0   4.4
60.94   0   4.4
60.96   0   4.4
60.98   0   4.4
61   0   4.4
61.02   0   4.4
61.04   0   4.4
61.06   0   4.4
61.08   0   4.4
61.1   0   4.4
61.12   0   4.4
61.14   0   4.4
61.16   0   4.4
61.18   0   4.4
61.2   0   4.4
61.22   0   4.4
61.24   0   4.4
61.26   0   4.4
61.28   0   4.4
61.3   0   4.4
61.32   0   4.4
61.34   0   4.4
61.36   0   4.4
61.38   0   4.4
61.4   0   4.4
61.42   0   4.4
61.44   0   4.4
61.46   0   4.4
61.48   0   4.4
61.5   0   4.4
61.52   0   4.4
61.54   0   4.4
61.56   0   4.4
61.58   0   4.4
61.6   0   4.4
61.62   0   4.4
61.64   0   4.4
61.66   0   4.4
61.68   0   4.4
61.7   0   4.4
61.72   0   4.4
61.74   0   4.4
61.76   0   4.4
61.78   0   4.4
61.8   0   4.4
61.82   0   4.4
61.84   0   4.4
61.86   0   4.4
61.88   0   4.4
61.9   0   4.4
61.92   0   4.4
61.94   0   4.4
61.96   0   4.4
61.98   0   4.4
62   0   4.4
62.02   0   4.4
62.04   0   4.4
62.06   0   4.4
62.08   0   4.4
62.1   0   4.4
62.12   0   4.4
62.14   0   4.4
62.16   0   4.4
62.18   0   4.4
62.2   0   4.4
62.22   0   4.4
62.24   0   4.4
62.26   0   4.4
62.28   0   4.4
62.3   0   4.4
62.32   0   4.4
62.34   0   4.4
62.36   0   4.4
62.38   0   4.4
62.4   0   4.4
62.42   0   4.4
62.44   0   4.4
62.46   0   4.4
62.48   0   4.4
62.5   0   4.4
62.52   0   4.4
62.54   0   4.4
62.56   0   4.4
62.58   0   4.4
62.6   0   4.4
62.62   0   4.4
62.64   0   4.4
62.66   0   4.4
62.68   0   4.4
62.7   0   4.4
62.72   0   4.4
62.74   0   4.4
62.76   0   4.4
62.78   0   4.4
62.8   0   4.4
62.82   0   4.4
62.84   0   4.4
62.86   0   4.4
62.88   0   4.4
62.9   0   4.4
62.92   0   4.4
62.94   0   4.4
62.96   0   4.4
62.98   0   4.4
63   0   4.4
63.02   0   4.4
63.04   0   4.4
63.06   0   4.4
63.08   0.0102436   4.4
63.1   0.0105282   4.4
63.12   0.010825   4.4
63.14   0.0111344   4.4
63.16   0.0114573   4.4
63.18   0.0117944   4.4
63.2   0.0121466   4.4
63.22   0.0125148   4.4
63.24   0.0129001   4.4
63.26   0.0133034   4.4
63.28   0.0137258   4.4
63.3   0.0141688   4.4
63.32   0.0146334   4.4
63.34   0.0151214   4.4
63.36   0.0156341   4.4
63.38   0.0161733   4.4
63.4   0.0167409   4.4
63.42   0.0173389   4.4
63.44   0.0179695   4.4
63.46   0.0186352   4.4
63.48   0.0193384   4.4
63.5   0.0200822   4.4
63.52   0.0208698   4.4
63.54   0.0217045   4.4
63.56   0.0225903   4.4
63.58   0.0235314   4.4
63.6   0.0245325   4.4
63.62   0.0255988   4.4
63.64   0.0267361   4.4
63.66   0.0279508   4.4
63.68   0.0292501   4.4
63.7   0.030642   4.4
63.72   0.0321357   4.4
63.74   0.0337411   4.4
63.76   0.0354697   4.4
63.78   0.0373344   4.4
63.8   0.0393499   4.4
63.82   0.0415328   4.4
63.84   0.0439023   4.4
63.86   0.0464801   4.4
63.88   0.0492913   4.4
63.9   0.052365   4.4
63.92   0.0557347   4.4
63.94   0.0594398   4.4
63.96   0.0635259   4.4
63.98   0.0680472   4.4
64   0.0730676   4.4
64.02   0.0786629   4.4
64.04   0.0849242   4.4
64.06   0.091961   4.4
64.08   0.0999066   4.4
64.1   0.108924   4.4
64.12   0.119213   4.4
64.14   0.131023   4.4
64.16   0.14467   4.4
64.18   0.16055   4.4
64.2   0.179177   4.4
64.22   0.201214   4.4
64.24   0.227543   4.4
64.26   0.259339   4.4
64.28   0.298209   4.4
64.3   0.346383   4.4
64.32   0.407032   4.4
64.34   0.48477   4.4
64.36   0.58656   4.4
64.38   0.723488   4.4
64.4   0.914871   4.4
64.42   1.19787   4.4
64.44   1.64655   4.4
64.46   2.39701   4.4
64.48   3.65565   4.4
64.5   5.63854   4.4
64.52   8.29121   4.4
64.54   10.4729   4.4
64.56   10.0992   4.4
64.58   7.60162   4.4
64.6   5.07041   4.4
64.62   3.28197   4.4
64.64   2.17178   4.4
64.66   1.51324   4.4
64.68   1.1157   4.4
64.7   0.860568   4.4
64.72   0.685275   4.4
64.74   0.55847   4.4
64.76   0.463498   4.4
64.78   0.390551   4.4
64.8   0.333371   4.4
64.82   0.287765   4.4
64.84   0.250836   4.4
64.86   0.220531   4.4
64.88   0.195367   4.4
64.9   0.174251   4.4
64.92   0.156364   4.4
64.94   0.141082   4.4
64.96   0.127926   4.4
64.98   2.65123   4.4
65   2.71221   4.4
65.02   2.77744   4.4
65.04   2.84688   4.4
65.06   2.92058   4.4
65.08   2.9986   4.4
65.1   3.08106   4.4
65.12   3.1681   4.4
65.14   3.25989   4.4
65.16   3.35665   4.4
65.18   3.45862   4.4
65.2   3.56606   4.4
65.22   3.67928   4.4
65.24   3.79861   4.4
65.26   3.92443   4.4
65.28   4.05714   4.4
65.3   4.1972   4.4
65.32   4.34511   4.4
65.34   4.50141   4.4
65.36   4.6667   4.4
65.38   4.84166   4.4
65.4   5.02699   4.4
65.42   5.22352   4.4
65.44   5.43212   4.4
65.46   5.65377   4.4
65.48   5.88956   4.4
65.5   6.14068   4.4
65.52   6.40847   4.4
65.54   6.69442   4.4
65.56   7.00017   4.4
65.58   7.32759   4.4
65.6   7.67873   4.4
65.62   8.05593   4.4
65.64   8.46182   4.4
65.66   8.89935   4.4
65.68   9.37189   4.4
65.7   9.88323   4.4
65.72   10.4377   4.4
65.74   11.0404   4.4
65.76   11.6969   4.4
65.78   12.4138   4.4
65.8   13.1988   4.4
65.82   14.0606   4.4
65.84   15.0098   4.4
65.86   16.0583   4.4
65.88   17.2206   4.4
65.9   18.5136   4.4
65.92   19.9576   4.46739
65.94   21.577   4.6451
65.96   23.4012   4.83748
65.98   25.4662   5.04641
66   27.8161   5.2741
66.02   30.4952   5.52225
66.04   33.5925   5.7959
66.06   37.1837   6.09785
66.08   41.3791   6.43266
66.1   46.3209   6.80594
66.12   52.1956   7.22465
66.14   59.2513   7.69749
66.16   67.8231   8.23548
66.18   78.3722   8.85281
66.2   91.5465   9.56799
66.22   108.277   10.4056
66.24   129.943   11.3992
66.26   158.671   12.5965
66.28   197.993   14.071
66.3   254.395   15.9498
66.32   340.739   18.4591
66.34   482.007   21.9547
66.36   720.449   26.8412
66.38   1111.36   33.3371
66.4   1689.41   41.1024
66.42   2339.83   48.3718
66.44   2604.31   51.0324
66.46   2186.49   46.7599
66.48   1525.67   39.0598
66.5   994.226   31.5314
66.52   647.418   25.4444
66.54   438.737   20.9461
66.56   314.763   17.7416
66.58   237.833   15.4218
66.6   186.673   13.6628
66.62   150.511   12.2683
66.64   123.847   11.1287
66.66   103.606   10.1787
66.68   87.8914   9.37504
66.7   75.4618   8.68687
66.72   65.4698   8.09134
66.74   57.3227   7.57118
66.76   50.5961   7.11309
66.78   44.98   6.70672
66.8   40.2444   6.34385
66.82   36.2152   6.01791
66.84   32.7593   5.72358
66.86   29.7734   5.4565
66.88   27.1763   5.21309
66.9   24.9036   4.99035
66.92   22.9035   4.78576
66.94   21.1343   4.5972
66.96   19.5619   4.42288
66.98   18.1582   4.4
67   16.8999   4.4
67.02   15.7678   4.4
67.04   14.7454   4.4
67.06   13.8192   4.4
67.08   12.9774   4.4
67.1   12.2101   4.4
67.12   11.5088   4.4
67.14   10.8662   4.4
67.16   10.2758   4.4
67.18   9.73214   4.4
67.2   9.23049   4.4
67.22   8.76659   4.4
67.24   8.33677   4.4
67.26   7.93776   4.4
67.28   7.5667   4.4
67.3   7.22103   4.4
67.32   6.89849   4.4
67.34   6.59707   4.4
67.36   6.31496   4.4
67.38   6.05056   4.4
67.4   5.8024   4.4
67.42   5.56919   4.4
67.44   5.34975   4.4
67.46   5.14302   4.4
67.48   4.94804   4.4
67.5   4.76393   4.4
67.52   4.5899   4.4
67.54   4.42523   4.4
67.56   4.26926   4.4
67.58   4.12139   4.4
67.6   3.98106   4.4
67.62   3.84778   4.4
67.64   3.72107   4.4
67.66   3.60052   4.4
67.68   3.48573   4.4
67.7   3.37635   4.4
67.72   3.27202   4.4
67.74   3.17246   4.4
67.76   3.07737   4.4
67.78   2.9865   4.4
67.8   2.89958   4.4
67.82   2.81641   4.4
67.84   2.73676   4.4
67.86   2.66044   4.4
67.88   2.58727   4.4
67.9   0   4.4
67.92   0   4.4
67.94   0   4.4
67.96   0   4.4
67.98   0   4.4
68   0   4.4
68.02   0   4.4
68.04   0   4.4
68.06   0   4.4
68.08   0   4.4
68.1   0   4.4
68.12   0   4.4
68.14   0   4.4
68.16   0   4.4
68.18   0   4.4
68.2   0   4.4
68.22   0   4.4
68.24   0   4.4
68.26   0   4.4
68.28   0   4.4
68.3   0   4.4
68.32   0   4.4
68.34   0   4.4
68.36   0   4.4
68.38   0   4.4
68.4   0   4.4
68.42   0   4.4
68.44   0   4.4
68.46   0   4.4
68.48   0   4.4
68.5   0   4.4
68.52   0   4.4
68.54   0   4.4
68.56   0   4.4
68.58   0   4.4
68.6   0   4.4
68.62   0   4.4
68.64   0   4.4
68.66   0   4.4
68.68   0   4.4
68.7   0   4.4
68.72   0   4.4
68.74   0   4.4
68.76   0   4.4
68.78   0   4.4
68.8   0   4.4
68.82   0   4.4
68.84   0   4.4
68.86   0   4.4
68.88   0   4.4
68.9   0   4.4
68.92   0   4.4
68.94   0   4.4
68.96   0   4.4
68.98   0   4.4
69   0   4.4
69.02   0   4.4
69.04   0   4.4
69.06   0   4.4
69.08   0   4.4
69.1   0   4.4
69.12   0   4.4
69.14   0   4.4
69.16   0   4.4
69.18   0   4.4
69.2   0   4.4
69.22   0   4.4
69.24   0   4.4
69.26   0   4.4
69.28   0   4.4
69.3   0   4.4
69.32   0   4.4
69.34   0   4.4
69.36   0   4.4
69.38   0   4.4
69.4   0   4.4
69.42   0   4.4
69.44   0   4.4
69.46   0   4.4
69.48   0   4.4
69.5   0   4.4
69.52   0   4.4
69.54   0   4.4
69.56   0   4.4
69.58   0   4.4
69.6   0   4.4
69.62   0   4.4
69.64   0   4.4
69.66   0   4.4
69.68   0   4.4
69.7   0   4.4
69.72   0   4.4
69.74   0   4.4
69.76   0   4.4
69.78   0   4.4
69.8   0   4.4
69.82   0   4.4
69.84   0   4.4
69.86   0   4.4
69.88   0   4.4
69.9   0   4.4
69.92   0   4.4
69.94   0   4.4
69.96   0   4.4
69.98   0   4.4
70   0   4.4
