1.54056
5   0   4.4
5.02   0   4.4
5.04   0   4.4
5.06   0   4.4
5.08   0   4.4
5.1   0   4.4
5.12   0   4.4
5.14   0   4.4
5.16   0   4.4
5.18   0   4.4
5.2   0   4.4
5.22   0   4.4
5.24   0   4.4
5.26   0   4.4
5.28   0   4.4
5.3   0   4.4
5.32   0   4.4
5.34   0   4.4
5.36   0   4.4
5.38   0   4.4
5.4   0   4.4
5.42   0   4.4
5.44   0   4.4
5.46   0   4.4
5.48   0   4.4
5.5   0   4.4
5.52   0   4.4
5.54   0   4.4
5.56   0   4.4
5.58   0   4.4
5.6   0   4.4
5.62   0   4.4
5.64   0   4.4
5.66   0   4.4
5.68   0   4.4
5.7   0   4.4
5.72   0   4.4
5.74   0   4.4
5.76   0   4.4
5.78   0   4.4
5.8   0   4.4
5.82   0   4.4
5.84   0   4.4
5.86   0   4.4
5.88   0   4.4
5.9   0   4.4
5.92   0   4.4
5.94   0   4.4
5.96   0   4.4
5.98   0   4.4
6   0   4.4
6.02   0   4.4
6.04   0   4.4
6.06   0   4.4
6.08   0   4.4
6.1   0   4.4
6.12   0   4.4
6.14   0   4.4
6.16   0   4.4
6.18   0   4.4
6.2   0   4.4
6.22   0   4.4
6.24   0   4.4
6.26   0   4.4
6.28   0   4.4
6.3   9.79453   4.4
6.32   10.069   4.4
6.34   10.3551   4.4
6.36   10.6536   4.4
6.38   10.9651   4.4
6.4   11.2906   4.4
6.42   11.6307   4.4
6.44   11.9865   4.4
6.46   12.3588   4.4
6.48   12.7487   4.4
6.5   13.1573   4.4
6.52   13.5859   4.4
6.54   14.0358   4.4
6.56   14.5084   4.4
6.58   15.0053   4.4
6.6   15.5281   4.4
6.62   16.0787   4.4
6.64   16.659   4.4
6.66   17.2714   4.4
6.68   17.9181   4.4
6.7   18.6019   4.4
6.72   19.3255   4.4
6.74   20.0921   4.48242
6.76   20.9052   4.57222
6.78   21.7686   4.66568
6.8   22.6866   4.76304
6.82   23.6639   4.86455
6.84   24.7056   4.97047
6.86   25.8176   5.0811
6.88   27.0063   5.19676
6.9   28.2789   5.31779
6.92   29.6436   5.44459
6.94   31.1093   5.57757
6.96   32.6863   5.7172
6.98   34.3862   5.86398
7   36.2221   6.01848
7.02   38.2087   6.18132
7.04   40.3631   6.35319
7.06   42.7046   6.53488
7.08   45.2556   6.72723
7.1   48.0417   6.93121
7.12   51.0927   7.14791
7.14   54.4431   7.37856
7.16   58.1334   7.62453
7.18   62.211   7.8874
7.2   66.732   8.16896
7.22   71.7627   8.47129
7.24   77.3827   8.79674
7.26   83.6871   9.14807
7.28   90.7916   9.52846
7.3   98.8368   9.94167
7.32   107.996   10.3921
7.34   118.482   10.885
7.36   130.565   11.4265
7.38   144.583   12.0243
7.4   160.969   12.6874
7.42   180.285   13.427
7.44   203.265   14.2571
7.46   230.889   15.195
7.48   264.482   16.2629
7.5   305.87   17.4891
7.52   357.624   18.9109
7.54   423.446   20.5778
7.56   508.829   22.5572
7.58   622.295   24.9458
7.6   778.09   27.8943
7.62   1002.59   31.6638
7.64   1348.27   36.7188
7.66   1916.29   43.7754
7.68   2875.07   53.6196
7.7   4438.69   66.6235
7.72   6720.56   81.979
7.74   9191   95.8697
7.76   10000   100
7.78   8229.02   90.7139
7.8   5689.59   75.4294
7.82   3699.99   60.8275
7.84   2414.17   49.1342
7.86   1643.12   40.5354
7.88   1184.27   34.4132
7.9   898.06   29.9677
7.92   706.662   26.5831
7.94   570.819   23.8918
7.96   470.38   21.6882
7.98   393.979   19.8489
8   334.571   18.2913
8.02   287.515   16.9563
8.04   249.641   15.8
8.06   218.726   14.7894
8.08   193.178   13.8988
8.1   171.829   13.1084
8.12   153.814   12.4022
8.14   138.475   11.7675
8.16   125.311   11.1942
8.18   113.931   10.6738
8.2   104.027   10.1994
8.22   95.3564   9.76506
8.24   87.7226   9.36604
8.26   80.9674   8.99819
8.28   74.9612   8.65801
8.3   69.5976   8.34252
8.32   64.7883   8.04912
8.34   60.4597   7.77559
8.36   56.5499   7.51997
8.38   53.0067   7.28057
8.4   49.7858   7.0559
8.42   46.8492   6.84465
8.44   44.1645   6.64564
8.46   41.7038   6.45785
8.48   39.4429   6.28036
8.5   37.3607   6.11234
8.52   35.4389   5.95306
8.54   33.6614   5.80185
8.56   32.0143   5.65812
8.58   30.485   5.52132
8.6   29.0626   5.39097
8.62   27.7374   5.26663
8.64   26.5007   5.14788
8.66   25.3448   5.03436
8.68   24.2629   4.92574
8.7   23.2487   4.82169
8.72   22.2968   4.72194
8.74   21.4021   4.62624
8.76   20.5601   4.53433
8.78   19.7669   4.44599
8.8   19.0186   4.4
8.82   18.312   4.4
8.84   17.644   4.4
8.86   17.0119   4.4
8.88   16.4132   4.4
8.9   15.8455   4.4
8.92   15.3067   4.4
8.94   14.795   4.4
8.96   14.3084   4.4
8.98   13.8455   4.4
9   13.4046   4.4
9.02   12.9845   4.4
9.04   12.5838   4.4
9.06   12.2014   4.4
9.08   11.8361   4.4
9.1   11.487   4.4
9.12   11.1531   4.4
9.14   10.8335   4.4
9.16   10.5275   4.4
9.18   10.2343   4.4
9.2   9.95311   4.4
9.22   0   4.4
9.24   0   4.4
9.26   0   4.4
9.28   0   4.4
9.3   0   4.4
9.32   0   4.4
9.34   0   4.4
9.36   0   4.4
9.38   0   4.4
9.4   0   4.4
9.42   0   4.4
9.44   0   4.4
9.46   0   4.4
9.48   0   4.4
9.5   0   4.4
9.52   0   4.4
9.54   0   4.4
9.56   0   4.4
9.58   0   4.4
9.6   0   4.4
9.62   0   4.4
9.64   0   4.4
9.66   0   4.4
9.68   0   4.4
9.7   0   4.4
9.72   0   4.4
9.74   0   4.4
9.76   0   4.4
9.78   0   4.4
9.8   0   4.4
9.82   0   4.4
9.84   0   4.4
9.86   0   4.4
9.88   0   4.4
9.9   0   4.4
9.92   0   4.4
9.94   0   4.4
9.96   0   4.4
9.98   0   4.4
10   0   4.4
10.02   0   4.4
10.04   0   4.4
10.06   0   4.4
10.08   0   4.4
10.1   0   4.4
10.12   0   4.4
10.14   0   4.4
10.16   0   4.4
10.18   0   4.4
10.2   0   4.4
10.22   0   4.4
10.24   0   4.4
10.26   0   4.4
10.28   0   4.4
10.3   0   4.4
10.32   0   4.4
10.34   0   4.4
10.36   0   4.4
10.38   0   4.4
10.4   0   4.4
10.42   0   4.4
10.44   0   4.4
10.46   0   4.4
10.48   0   4.4
10.5   0   4.4
10.52   0   4.4
10.54   0   4.4
10.56   0   4.4
10.58   0   4.4
10.6   0   4.4
10.62   0   4.4
10.64   0   4.4
10.66   0   4.4
10.68   0   4.4
10.7   0   4.4
10.72   0   4.4
10.74   0   4.4
10.76   0   4.4
10.78   0   4.4
10.8   0   4.4
10.82   0   4.4
10.84   0   4.4
10.86   0   4.4
10.88   0   4.4
10.9   0   4.4
10.92   0   4.4
10.94   0   4.4
10.96   0   4.4
10.98   0   4.4
11   0   4.4
11.02   0   4.4
11.04   0   4.4
11.06   0   4.4
11.08   0   4.4
11.1   0   4.4
11.12   0   4.4
11.14   0   4.4
11.16   0   4.4
11.18   0   4.4
11.2   0   4.4
11.22   0   4.4
11.24   0   4.4
11.26   0   4.4
11.28   0   4.4
11.3   0   4.4
11.32   0   4.4
11.34   0   4.4
11.36   0   4.4
11.38   0   4.4
11.4   0   4.4
11.42   0   4.4
11.44   0   4.4
11.46   0   4.4
11.48   0   4.4
11.5   0   4.4
11.52   0   4.4
11.54   0   4.4
11.56   0   4.4
11.58   0   4.4
11.6   0   4.4
11.62   0   4.4
11.64   0   4.4
11.66   0   4.4
11.68   0   4.4
11.7   0   4.4
11.72   0   4.4
11.74   0   4.4
11.76   0   4.4
11.78   0   4.4
11.8   0   4.4
11.82   0   4.4
11.84   0   4.4
11.86   0   4.4
11.88   0   4.4
11.9   0   4.4
11.92   0   4.4
11.94   0   4.4
11.96   0   4.4
11.98   0   4.4
12   0   4.4
12.02   0   4.4
12.04   0   4.4
12.06   0   4.4
12.08   0   4.4
12.1   0   4.4
12.12   0   4.4
12.14   0   4.4
12.16   0   4.4
12.18   0   4.4
12.2   0   4.4
12.22   0   4.4
12.24   0   4.4
12.26   0   4.4
12.28   0   4.4
12.3   0   4.4
12.32   0   4.4
12.34   0   4.4
12.36   0   4.4
12.38   0   4.4
12.4   0   4.4
12.42   0   4.4
12.44   0   4.4
12.46   0   4.4
12.48   0   4.4
12.5   0   4.4
12.52   0   4.4
12.54   0   4.4
12.56   0   4.4
12.58   0   4.4
12.6   0   4.4
12.62   0   4.4
12.64   0   4.4
12.66   0   4.4
12.68   0   4.4
12.7   0   4.4
12.72   0   4.4
12.74   0   4.4
12.76   0   4.4
12.78   0   4.4
12.8   0   4.4
12.82   0   4.4
12.84   0   4.4
12.86   0   4.4
12.88   0   4.4
12.9   0   4.4
12.92   0   4.4
12.94   0   4.4
12.96   0   4.4
12.98   0   4.4
13   0   4.4
13.02   0   4.4
13.04   0   4.4
13.06   0   4.4
13.08   0   4.4
13.1   0   4.4
13.12   0   4.4
13.14   0   4.4
13.16   0   4.4
13.18   0   4.4
13.2   0   4.4
13.22   0   4.4
13.24   0   4.4
13.26   0   4.4
13.28   0   4.4
13.3   0   4.4
13.32   0   4.4
13.34   0   4.4
13.36   0   4.4
13.38   0   4.4
13.4   0   4.4
13.42   0   4.4
13.44   0   4.4
13.46   0   4.4
13.48   0   4.4
13.5   0   4.4
13.52   0   4.4
13.54   0   4.4
13.56   0   4.4
13.58   0   4.4
13.6   0   4.4
13.62   0   4.4
13.64   0   4.4
13.66   0   4.4
13.68   0   4.4
13.7   0   4.4
13.72   0   4.4
13.74   0   4.4
13.76   0   4.4
13.78   0   4.4
13.8   0   4.4
13.82   0   4.4
13.84   0   4.4
13.86   0   4.4
13.88   0   4.4
13.9   0   4.4
13.92   0   4.4
13.94   0   4.4
13.96   0   4.4
13.98   0   4.4
14   0   4.4
14.02   0   4.4
14.04   0   4.4
14.06   0   4.4
14.08   0.341322   4.4
14.1   0.350808   4.4
14.12   0.360695   4.4
14.14   0.371005   4.4
14.16   0.381764   4.4
14.18   0.392998   4.4
14.2   0.404735   4.4
14.22   0.417005   4.4
14.24   0.429841   4.4
14.26   0.443279   4.4
14.28   0.457357   4.4
14.3   0.472116   4.4
14.32   0.4876   4.4
14.34   0.503859   4.4
14.36   0.520944   4.4
14.38   0.538913   4.4
14.4   0.557826   4.4
14.42   0.577753   4.4
14.44   0.598766   4.4
14.46   0.620946   4.4
14.48   0.64438   4.4
14.5   0.669166   4.4
14.52   0.695408   4.4
14.54   0.723224   4.4
14.56   0.75274   4.4
14.58   0.7841   4.4
14.6   0.817459   4.4
14.62   0.852992   4.4
14.64   0.890889   4.4
14.66   0.931367   4.4
14.68   0.974665   4.4
14.7   1.02105   4.4
14.72   1.07082   4.4
14.74   1.12432   4.4
14.76   1.18192   4.4
14.78   1.24406   4.4
14.8   1.31123   4.4
14.82   1.38397   4.4
14.84   1.46293   4.4
14.86   1.54883   4.4
14.88   2.71679   4.4
14.9   2.84955   4.4
14.92   2.99348   4.4
14.94   3.14996   4.4
14.96   3.3206   4.4
14.98   3.50729   4.4
15   3.71226   4.4
15.02   3.93812   4.4
15.04   4.18803   4.4
15.06   4.46576   4.4
15.08   4.77587   4.4
15.1   5.12393   4.4
15.12   5.51676   4.4
15.14   5.96286   4.4
15.16   6.47285   4.4
15.18   7.06022   4.4
15.2   7.74223   4.4
15.22   8.54131   4.4
15.24   9.487   4.4
15.26   10.6188   4.4
15.28   11.9906   4.4
15.3   13.6771   4.4
15.32   15.7842   4.4
15.34   18.4664   4.4
15.36   21.9561   4.68574
15.38   26.6237   5.15981
15.4   33.1139   5.75447
15.42   42.6673   6.53202
15.44   57.7548   7.59966
15.46   82.9171   9.10588
15.48   125.035   11.1819
15.5   191.305   13.8313
15.52   279.877   16.7295
15.54   352.648   18.7789
15.56   340.203   18.4446
15.58   257.135   16.0354
15.6   173.059   13.1552
15.62   113.761   10.6659
15.64   77.0705   8.77898
15.66   55.4389   7.44573
15.68   42.5215   6.52085
15.7   34.3739   5.86292
15.72   28.9185   5.37759
15.74   25.1167   5.01166
15.76   22.4198   4.73496
15.78   20.508   4.52858
15.8   19.1808   4.4
15.82   18.308   4.4
15.84   17.8046   4.4
15.86   17.6162   4.4
15.88   17.7103   4.4
15.9   18.0716   4.4
15.92   18.6988   4.4
15.94   19.6042   4.42766
15.96   20.8135   4.56219
15.98   22.3681   4.7295
16   24.3282   4.93237
16.02   26.7787   5.17481
16.04   29.8377   5.46239
16.06   33.6702   5.8026
16.08   38.5091   6.20557
16.1   44.6887   6.68496
16.12   52.7001   7.25948
16.14   63.2897   7.95548
16.16   77.6598   8.81248
16.18   97.9355   9.89624
16.2   128.248   11.3247
16.22   176.801   13.2967
16.24   258.393   16.0746
16.26   394.721   19.8676
16.28   606.622   24.6297
16.3   880.185   29.6679
16.32   1078.92   32.8469
16.34   1002.28   31.6589
16.36   737.66   27.1599
16.38   488.503   22.1021
16.4   316.655   17.7948
16.42   210.993   14.5256
16.44   148.372   12.1808
16.46   110.322   10.5034
16.48   85.6638   9.25548
16.5   68.5808   8.28135
16.52   56.1501   7.49334
16.54   46.7996   6.84102
16.56   39.5918   6.2922
16.58   33.9238   5.82441
16.6   29.3898   5.42123
16.62   25.7082   5.07032
16.64   22.6791   4.76226
16.66   20.1576   4.48972
16.68   18.0367   4.4
16.7   16.2359   4.4
16.72   14.694   4.4
16.74   13.3636   4.4
16.76   12.2078   4.4
16.78   11.1973   4.4
16.8   10.3086   4.4
16.82   9.52288   4.4
16.84   8.82479   4.4
16.86   8.20173   4.4
16.88   7.64327   4.4
16.9   7.14074   4.4
16.92   6.68689   4.4
16.94   6.27558   4.4
16.96   5.90165   4.4
16.98   5.56066   4.4
17   5.24884   4.4
17.02   4.62395   4.4
17.04   4.37015   4.4
17.06   4.13666   4.4
17.08   3.92137   4.4
17.1   3.72243   4.4
17.12   3.53824   4.4
17.14   3.36738   4.4
17.16   3.20858   4.4
17.18   3.06075   4.4
17.2   2.92289   4.4
17.22   2.79413   4.4
17.24   2.67369   4.4
17.26   2.56086   4.4
17.28   2.45502   4.4
17.3   2.35561   4.4
17.32   2.2621   4.4
17.34   2.17406   4.4
17.36   2.09105   4.4
17.38   2.0127   4.4
17.4   1.93867   4.4
17.42   1.86865   4.4
17.44   1.80235   4.4
17.46   1.73952   4.4
17.48   1.67991   4.4
17.5   1.62332   4.4
17.52   1.56953   4.4
17.54   1.51837   4.4
17.56   1.46968   4.4
17.58   1.42329   4.4
17.6   1.37905   4.4
17.62   1.33685   4.4
17.64   1.29656   4.4
17.66   1.25806   4.4
17.68   1.22124   4.4
17.7   1.18602   4.4
17.72   1.15231   4.4
17.74   1.12   4.4
17.76   1.08904   4.4
17.78   1.05934   4.4
17.8   0   4.4
17.82   0   4.4
17.84   0   4.4
17.86   0   4.4
17.88   0   4.4
17.9   0   4.4
17.92   0   4.4
17.94   0   4.4
17.96   0   4.4
17.98   0   4.4
18   0   4.4
18.02   0   4.4
18.04   0   4.4
18.06   0   4.4
18.08   0   4.4
18.1   0   4.4
18.12   0   4.4
18.14   0   4.4
18.16   0   4.4
18.18   0   4.4
18.2   0   4.4
18.22   0   4.4
18.24   0   4.4
18.26   0.0469178   4.4
18.28   0.0482339   4.4
18.3   0.0496062   4.4
18.32   0.0510379   4.4
18.34   0.0525324   4.4
18.36   0.0540935   4.4
18.38   0.0557252   4.4
18.4   0.0574319   4.4
18.42   0.0592181   4.4
18.44   0.0610889   4.4
18.46   0.0630498   4.4
18.48   0.0651065   4.4
18.5   0.0672655   4.4
18.52   0.0695336   4.4
18.54   0.0719184   4.4
18.56   0.0744278   4.4
18.58   0.0770709   4.4
18.6   0.0798572   4.4
18.62   0.0827973   4.4
18.64   0.0859026   4.4
18.66   0.0891859   4.4
18.68   0.0926608   4.4
18.7   0.0963428   4.4
18.72   0.100248   4.4
18.74   0.104396   4.4
18.76   0.108807   4.4
18.78   0.113502   4.4
18.8   0.118508   4.4
18.82   0.123853   4.4
18.84   0.129566   4.4
18.86   0.135684   4.4
18.88   0.142245   4.4
18.9   0.149294   4.4
18.92   0.156878   4.4
18.94   0.165055   4.4
18.96   0.173887   4.4
18.98   0.183447   4.4
19   0.193815   4.4
19.02   0.205087   4.4
19.04   0.217369   4.4
19.06   0.230786   4.4
19.08   0.245482   4.4
19.1   0.261625   4.4
19.12   0.27941   4.4
19.14   0.299067   4.4
19.16   0.320868   4.4
19.18   0.345135   4.4
19.2   0.372254   4.4
19.22   0.402687   4.4
19.24   0.436996   4.4
19.26   0.475865   4.4
19.28   0.520134   4.4
19.3   0.570849   4.4
19.32   0.629315   4.4
19.34   0.697187   4.4
19.36   0.776581   4.4
19.38   0.870238   4.4
19.4   0.981758   4.4
19.42   1.11594   4.4
19.44   1.27929   4.4
19.46   1.48078   4.4
19.48   1.73309   4.4
19.5   2.05447   4.4
19.52   2.47215   4.4
19.54   3.02853   4.4
19.56   3.79508   4.4
19.58   4.9053   4.4
19.6   6.6252   4.4
19.62   9.46356   4.4
19.64   14.2525   4.4
19.66   22.0154   4.69206
19.68   33.1745   5.75973
19.7   44.7218   6.68744
19.72   47.4813   6.89067
19.74   38.2869   6.18764
19.76   26.238   5.1223
19.78   17.0326   4.4
19.8   11.1401   4.4
19.82   7.61773   4.4
19.84   5.517   4.4
19.86   4.19921   4.4
19.88   3.31284   4.4
19.9   2.68111   4.4
19.92   2.2127   4.4
19.94   1.85566   4.4
19.96   1.57756   4.4
19.98   1.35696   4.4
20   1.17918   4.4
20.02   1.0339   4.4
20.04   0.913721   4.4
20.06   0.813208   4.4
20.08   0.72832   4.4
20.1   0.655995   4.4
20.12   0.593882   4.4
20.14   0.540154   4.4
20.16   0.493372   4.4
20.18   0.452393   4.4
20.2   0.416299   4.4
20.22   0.384346   4.4
20.24   0.355924   4.4
20.26   0.330534   4.4
20.28   0.307761   4.4
20.3   0.287257   4.4
20.32   0.268732   4.4
20.34   0.251939   4.4
20.36   0.236669   4.4
20.38   0.222745   4.4
20.4   0.210011   4.4
20.42   0.198338   4.4
20.44   0.18761   4.4
20.46   0.177728   4.4
20.48   0.168606   4.4
20.5   0.160168   4.4
20.52   0.152347   4.4
20.54   0.145084   4.4
20.56   0.138328   4.4
20.58   0.132033   4.4
20.6   0.126157   4.4
20.62   0.120665   4.4
20.64   0.115523   4.4
20.66   0.110703   4.4
20.68   0.106178   4.4
20.7   0.101925   4.4
20.72   0.0979217   4.4
20.74   0.0941499   4.4
20.76   0.0905917   4.4
20.78   0.0872313   4.4
20.8   0.0840543   4.4
20.82   0.0810477   4.4
20.84   0.0781995   4.4
20.86   0.0754987   4.4
20.88   0.0729354   4.4
20.9   0.0705003   4.4
20.92   0.0681851   4.4
20.94   0.0659821   4.4
20.96   0.0638841   4.4
20.98   0.0618845   4.4
21   0.0599773   4.4
21.02   0.0581569   4.4
21.04   0.0564181   4.4
21.06   0.0547561   4.4
21.08   0.0531665   4.4
21.1   0.051645   4.4
21.12   0.0501879   4.4
21.14   0.0487916   4.4
21.16   0.0474527   4.4
21.18   0   4.4
21.2   0   4.4
21.22   0   4.4
21.24   0   4.4
21.26   0   4.4
21.28   0   4.4
21.3   0   4.4
21.32   0   4.4
21.34   0   4.4
21.36   0   4.4
21.38   0   4.4
21.4   0   4.4
21.42   0   4.4
21.44   0   4.4
21.46   0   4.4
21.48   0   4.4
21.5   0   4.4
21.52   0   4.4
21.54   0   4.4
21.56   0   4.4
21.58   0   4.4
21.6   0   4.4
21.62   0   4.4
21.64   0   4.4
21.66   0   4.4
21.68   0   4.4
21.7   0   4.4
21.72   0   4.4
21.74   0   4.4
21.76   0   4.4
21.78   0   4.4
21.8   0   4.4
21.82   0   4.4
21.84   0   4.4
21.86   0   4.4
21.88   0   4.4
21.9   0   4.4
21.92   0   4.4
21.94   0   4.4
21.96   0.139604   4.4
21.98   0.143525   4.4
22   0.147614   4.4
22.02   0.15188   4.4
22.04   0.156333   4.4
22.06   0.160985   4.4
22.08   0.165848   4.4
22.1   0.170935   4.4
22.12   0.176259   4.4
22.14   0.181835   4.4
22.16   0.18768   4.4
22.18   0.193812   4.4
22.2   0.200249   4.4
22.22   0.207011   4.4
22.24   0.214122   4.4
22.26   0.221606   4.4
22.28   0.229488   4.4
22.3   0.237799   4.4
22.32   0.246569   4.4
22.34   0.255832   4.4
22.36   0.265627   4.4
22.38   0.275996   4.4
22.4   0.286983   4.4
22.42   0.298639   4.4
22.44   0.311018   4.4
22.46   0.324184   4.4
22.48   0.338202   4.4
22.5   0.353149   4.4
22.52   0.369107   4.4
22.54   0.386172   4.4
22.56   0.404446   4.4
22.58   0.424047   4.4
22.6   0.445106   4.4
22.62   0.467772   4.4
22.64   0.492212   4.4
22.66   0.518615   4.4
22.68   0.547198   4.4
22.7   0.578207   4.4
22.72   0.611923   4.4
22.74   0.64867   4.4
22.76   0.688824   4.4
22.78   0.732816   4.4
22.8   0.781151   4.4
22.82   0.834418   4.4
22.84   0.893311   4.4
22.86   0.958648   4.4
22.88   1.0314   4.4
22.9   1.11274   4.4
22.92   1.20405   4.4
22.94   1.37898   4.4
22.96   1.49775   4.4
22.98   1.63289   4.4
23   1.78758   4.4
23.02   1.96578   4.4
23.04   2.17252   4.4
23.06   2.41423   4.4
23.08   2.69925   4.4
23.1   3.03857   4.4
23.12   3.44682   4.4
23.14   3.94388   4.4
23.16   4.55726   4.4
23.18   5.32578   4.4
23.2   6.30567   4.4
23.22   7.58085   4.4
23.24   9.28292   4.4
23.26   11.6356   4.4
23.28   15.0607   4.4
23.3   20.3992   4.51654
23.32   29.2444   5.40781
23.34   44.1507   6.6446
23.36   68.1398   8.25468
23.38   102.015   10.1003
23.4   135.214   11.6282
23.42   139.772   11.8225
23.44   110.429   10.5085
23.46   75.0864   8.66524
23.48   48.744   6.98169
23.5   32.0447   5.66081
23.52   22.095   4.70053
23.54   16.1486   4.4
23.56   12.3993   4.4
23.58   9.86618   4.4
23.6   8.05694   4.4
23.62   6.71559   4.4
23.64   5.69506   4.4
23.66   4.90301   4.4
23.68   4.27823   4.4
23.7   3.77874   4.4
23.72   3.37505   4.4
23.74   3.04601   4.4
23.76   3.69563   4.4
23.78   3.49964   4.4
23.8   3.34407   4.4
23.82   3.22256   4.4
23.84   3.13036   4.4
23.86   3.06392   4.4
23.88   3.02066   4.4
23.9   2.99881   4.4
23.92   2.9973   4.4
23.94   3.01565   4.4
23.96   3.05403   4.4
23.98   3.11322   4.4
24   3.19471   4.4
24.02   3.30082   4.4
24.04   3.4349   4.4
24.06   3.60164   4.4
24.08   3.80752   4.4
24.1   4.06151   4.4
24.12   4.37611   4.4
24.14   4.76905   4.4
24.16   5.26588   4.4
24.18   5.9045   4.4
24.2   6.74344   4.4
24.22   7.87969   4.4
24.24   9.49109   4.4
24.26   11.9301   4.4
24.28   15.8816   4.4
24.3   22.5069   4.74414
24.32   33.3321   5.77339
24.34   49.3362   7.02397
24.36   67.4438   8.21242
24.38   75.0984   8.66593
24.4   63.8761   7.99226
24.42   45.7602   6.76463
24.44   31.1676   5.58279
24.46   21.6965   4.65795
24.48   16.0762   4.4
24.5   12.8291   4.4
24.52   10.9106   4.4
24.54   9.73029   4.4
24.56   8.99061   4.4
24.58   8.54138   4.4
24.6   8.30051   4.4
24.62   8.21946   4.4
24.64   8.26851   4.4
24.66   8.42986   4.4
24.68   8.69384   4.4
24.7   9.05682   4.4
24.72   9.52003   4.4
24.74   10.089   4.4
24.76   10.7736   4.4
24.78   11.5882   4.4
24.8   12.5524   4.4
24.82   13.6924   4.4
24.84   15.0424   4.4
24.86   16.6475   4.4
24.88   18.567   4.4
24.9   20.7472   4.5549
24.92   23.5644   4.85432
24.94   27.0287   5.19891
24.96   31.3448   5.59865
24.98   36.8053   6.06674
25   43.8384   6.62106
25.02   53.0949   7.28663
25.04   65.625   8.10093
25.06   83.2905   9.12637
25.08   109.72   10.4747
25.1   152.104   12.3331
25.12   223.342   14.9446
25.14   342.147   18.4972
25.16   525.971   22.9341
25.18   760.544   27.578
25.2   923.99   30.3972
25.22   849.062   29.1387
25.24   620.814   24.9161
25.26   410.068   20.2501
25.28   265.673   16.2995
25.3   177.136   13.3092
25.32   124.68   11.166
25.34   92.7533   9.63085
25.36   72.2502   8.50001
25.38   57.8632   7.60679
25.4   47.3857   6.88372
25.42   39.5021   6.28507
25.44   33.4256   5.78148
25.46   28.6488   5.35246
25.48   24.83   4.98297
25.5   21.7317   4.66173
25.52   19.1853   4.4
25.54   17.0685   4.4
25.56   15.2907   4.4
25.58   13.7841   4.4
25.6   12.497   4.4
25.62   11.3893   4.4
25.64   10.4298   4.4
25.66   9.59371   4.4
25.68   8.86127   4.4
25.7   8.21657   4.4
25.72   7.64667   4.4
25.74   7.14094   4.4
25.76   6.69065   4.4
25.78   6.28852   4.4
25.8   5.9285   4.4
25.82   5.60548   4.4
25.84   5.24564   4.4
25.86   4.98629   4.4
25.88   4.75287   4.4
25.9   4.54276   4.4
25.92   4.35375   4.4
25.94   4.18392   4.4
25.96   4.03168   4.4
25.98   3.89566   4.4
26   3.77471   4.4
26.02   3.66789   4.4
26.04   3.57441   4.4
26.06   3.49368   4.4
26.08   3.42523   4.4
26.1   3.36873   4.4
26.12   3.32403   4.4
26.14   3.2911   4.4
26.16   3.27005   4.4
26.18   3.26118   4.4
26.2   3.26493   4.4
26.22   3.28197   4.4
26.24   3.31316   4.4
26.26   3.35964   4.4
26.28   3.42284   4.4
26.3   3.50459   4.4
26.32   3.60714   4.4
26.34   3.73331   4.4
26.36   3.88662   4.4
26.38   4.0715   4.4
26.4   4.29349   4.4
26.42   4.55965   4.4
26.44   4.87901   4.4
26.46   5.26323   4.4
26.48   5.72756   4.4
26.5   6.29225   4.4
26.52   6.98448   4.4
26.54   7.84151   4.4
26.56   8.91527   4.4
26.58   10.2798   4.4
26.6   12.0436   4.4
26.62   14.371   4.4
26.64   17.5269   4.4
26.66   21.9791   4.68819
26.68   27.7576   5.26855
26.7   38.4528   6.20103
26.72   56.4136   7.5109
26.74   86.3969   9.29499
26.76   132.937   11.5298
26.78   192.832   13.8864
26.8   235.878   15.3583
26.82   218.484   14.7812
26.84   160.474   12.6678
26.86   106.142   10.3025
26.88   68.7369   8.29077
26.9   45.7581   6.76447
26.92   32.1433   5.66951
26.94   23.8696   4.88565
26.96   18.5065   4.4
26.98   14.7907   4.4
27   12.0874   4.4
27.02   10.0547   4.4
27.04   8.48857   4.4
27.06   7.25781   4.4
27.08   6.27398   4.4
27.1   5.47575   4.4
27.12   4.81958   4.4
27.14   4.27388   4.4
27.16   3.81532   4.4
27.18   3.4264   4.4
27.2   3.09377   4.4
27.22   2.8071   4.4
27.24   2.55836   4.4
27.26   2.34114   4.4
27.28   2.15037   4.4
27.3   1.98192   4.4
27.32   1.83246   4.4
27.34   1.69925   4.4
27.36   1.58002   4.4
27.38   1.47287   4.4
27.4   1.37625   4.4
27.42   1.28881   4.4
27.44   1.20943   4.4
27.46   1.13715   4.4
27.48   1.07115   4.4
27.5   3.29115   4.4
27.52   3.30016   4.4
27.54   3.31638   4.4
27.56   3.33951   4.4
27.58   3.36932   4.4
27.6   3.40564   4.4
27.62   3.44837   4.4
27.64   3.49744   4.4
27.66   3.55284   4.4
27.68   3.61462   4.4
27.7   3.68285   4.4
27.72   3.75765   4.4
27.74   3.83919   4.4
27.76   3.92767   4.4
27.78   4.02335   4.4
27.8   4.12653   4.4
27.82   4.23754   4.4
27.84   4.35678   4.4
27.86   4.48471   4.4
27.88   4.62181   4.4
27.9   4.76867   4.4
27.92   4.92591   4.4
27.94   5.09426   4.4
27.96   5.27449   4.4
27.98   5.46751   4.4
28   5.67429   4.4
28.02   5.89596   4.4
28.04   6.13374   4.4
28.06   6.38903   4.4
28.08   6.66337   4.4
28.1   6.95851   4.4
28.12   7.27642   4.4
28.14   7.61931   4.4
28.16   7.98969   4.4
28.18   8.39038   4.4
28.2   8.82463   4.4
28.22   9.29611   4.4
28.24   9.80903   4.4
28.26   10.3682   4.4
28.28   10.7538   4.4
28.3   11.4291   4.4
28.32   12.1699   4.4
28.34   12.9849   4.4
28.36   13.8845   4.4
28.38   14.8806   4.4
28.4   15.9875   4.4
28.42   17.2223   4.4
28.44   18.6053   4.4
28.46   20.1613   4.49013
28.48   21.9201   4.68189
28.5   23.9185   4.89065
28.52   26.2017   5.11876
28.54   30.467   5.51969
28.56   33.5498   5.79222
28.58   37.1378   6.09408
28.6   41.3477   6.43022
28.62   46.3322   6.80678
28.64   52.293   7.23139
28.66   59.5015   7.71372
28.68   68.3293   8.26616
28.7   79.2953   8.90479
28.72   93.1401   9.65091
28.74   110.95   10.5333
28.76   134.378   11.5922
28.78   166.105   12.8882
28.8   210.908   14.5227
28.82   278.135   16.6774
28.84   386.264   19.6536
28.86   568.138   23.8356
28.88   870.655   29.5069
28.9   1335.53   36.5449
28.92   1918.12   43.7963
28.94   2297.76   47.9349
28.96   2078.46   45.5901
28.98   1507.11   38.8215
29   993.809   31.5247
29.02   645.436   25.4054
29.04   432.689   20.8012
29.06   306.722   17.5135
29.08   229.902   15.1625
29.1   179.877   13.4118
29.12   145.114   12.0463
29.14   119.806   10.9456
29.16   100.798   10.0398
29.18   86.1938   9.28406
29.2   74.7676   8.64683
29.22   65.6925   8.10509
29.24   58.3945   7.64163
29.26   52.4659   7.24334
29.28   47.6116   6.90012
29.3   43.6145   6.60412
29.32   40.3123   6.3492
29.34   37.5828   6.13048
29.36   35.3328   5.94414
29.38   33.4914   5.78717
29.4   32.004   5.65721
29.42   30.8298   5.55246
29.44   29.9381   5.47157
29.46   29.3073   5.41363
29.48   28.9235   5.37806
29.5   28.7796   5.36466
29.52   28.8749   5.37354
29.54   29.2157   5.40515
29.56   29.8151   5.46032
29.58   30.6944   5.54026
29.6   31.8841   5.6466
29.62   33.4262   5.78154
29.64   35.3773   5.94788
29.66   37.8128   6.14921
29.68   40.9257   6.39732
29.7   44.6692   6.6835
29.72   49.3158   7.02252
29.74   55.1166   7.42406
29.76   62.4221   7.90077
29.78   71.7312   8.46943
29.8   83.7712   9.15266
29.82   99.6389   9.98193
29.84   121.078   11.0035
29.86   151.117   12.2929
29.88   195.566   13.9845
29.9   266.012   16.3099
29.92   384.249   19.6023
29.94   582.26   24.1301
29.96   895.435   29.9238
29.98   1318.29   36.3083
30   1676.79   40.9487
30.02   1634   40.4228
30.04   1239.27   35.2032
30.06   830.028   28.8102
30.08   538.733   23.2106
30.1   357.346   18.9036
30.12   249.662   15.8007
30.14   184.73   13.5916
30.16   143.138   11.964
30.18   114.606   10.7054
30.2   93.9827   9.69447
30.22   78.5416   8.86237
30.24   66.6825   8.16593
30.26   57.3863   7.57538
30.28   49.9716   7.06906
30.3   43.9677   6.63082
30.32   39.0416   6.24833
30.34   34.9528   5.91209
30.36   32.7597   5.72361
30.38   29.8937   5.46751
30.4   27.4562   5.23986
30.42   23.1927   4.81588
30.44   21.4546   4.63191
30.46   19.9573   4.46736
30.48   18.6633   4.4
30.5   17.5426   4.4
30.52   16.5707   4.4
30.54   15.7282   4.4
30.56   14.999   4.4
30.58   14.9118   4.4
30.6   14.3882   4.4
30.62   13.9468   4.4
30.64   13.5808   4.4
30.66   13.2851   4.4
30.68   13.0559   4.4
30.7   12.891   4.4
30.72   12.7889   4.4
30.74   12.7499   4.4
30.76   12.7755   4.4
30.78   12.8686   4.4
30.8   13.0344   4.4
30.82   13.2801   4.4
30.84   13.616   4.4
30.86   14.0566   4.4
30.88   14.6219   4.4
30.9   15.3402   4.4
30.92   16.2518   4.4
30.94   17.4159   4.4
30.96   18.9227   4.4
30.98   20.9216   4.57401
31   23.685   4.86672
31.02   27.7474   5.26758
31.04   34.1225   5.84144
31.06   44.4652   6.66822
31.08   60.8218   7.79884
31.1   84.0996   9.17058
31.12   108.57   10.4197
31.14   116.346   10.7864
31.16   101.003   10.05
31.18   80.5041   8.97241
31.2   66.459   8.15224
31.22   60.2478   7.76194
31.24   60.6978   7.79088
31.26   67.2086   8.19808
31.28   81.0444   9.00246
31.3   106.247   10.3076
31.32   149.93   12.2446
31.34   220.443   14.8473
31.36   318.788   17.8546
31.38   410.882   20.2702
31.4   416.401   20.4059
31.42   330.299   18.1741
31.44   232.887   15.2606
31.46   162.523   12.7485
31.48   119.583   10.9354
31.5   94.1993   9.70563
31.52   82.1151   9.06174
31.54   77.1671   8.78448
31.56   76.6799   8.7567
31.58   79.8913   8.93819
31.6   86.7846   9.31583
31.62   97.9621   9.89758
31.64   114.827   10.7157
31.66   140.235   11.8421
31.68   180.046   13.4181
31.7   245.8   15.678
31.72   357.224   18.9004
31.74   540.508   23.2488
31.76   813.204   28.5167
31.78   1125.66   33.5508
31.8   1265.8   35.5781
31.82   1081.27   32.8826
31.84   773.018   27.8032
31.86   525.121   22.9155
31.88   368.772   19.2034
31.9   285.148   16.8863
31.92   253.799   15.9311
31.94   265.184   16.2845
31.96   320.423   17.9004
31.98   421.89   20.54
32   544.909   23.3433
32.02   594.746   24.3874
32.04   504.058   22.4512
32.06   360.48   18.9863
32.08   243.699   15.6108
32.1   166.375   12.8986
32.12   118.885   10.9034
32.14   89.8936   9.48122
32.16   71.3265   8.4455
32.18   58.575   7.65343
32.2   49.2796   7.01995
32.22   42.2213   6.49779
32.24   36.7093   6.05882
32.26   32.3124   5.6844
32.28   28.7438   5.36132
32.3   25.805   5.07986
32.32   23.3551   4.83271
32.34   21.2918   4.6143
32.36   19.5391   4.4203
32.38   18.04   4.4
32.4   16.7508   4.4
32.42   15.6378   4.4
32.44   14.6749   4.4
32.46   13.8415   4.4
32.48   13.1216   4.4
32.5   12.5028   4.4
32.52   11.9755   4.4
32.54   11.5329   4.4
32.56   11.1705   4.4
32.58   10.8857   4.4
32.6   10.5875   4.4
32.62   10.4622   4.4
32.64   10.4212   4.4
32.66   10.4727   4.4
32.68   10.629   4.4
32.7   10.9081   4.4
32.72   11.3356   4.4
32.74   11.948   4.4
32.76   12.7977   4.4
32.78   13.9617   4.4
32.8   15.5549   4.4
32.82   17.7572   4.4
32.84   20.8717   4.56855
32.86   25.4625   5.04604
32.88   32.2725   5.68089
32.9   44.2084   6.64894
32.92   64.4062   8.02535
32.94   97.2682   9.86246
32.96   144.816   12.034
32.98   195.04   13.9657
33   210.763   14.5177
33.02   176.678   13.292
33.04   125.59   11.2067
33.06   83.4063   9.1327
33.08   55.3702   7.44112
33.1   38.3054   6.18913
33.12   28.0747   5.29856
33.14   21.6912   4.65738
33.16   17.4342   4.4
33.18   14.4159   4.4
33.2   12.1793   4.4
33.22   10.4698   4.4
33.24   9.13184   4.4
33.26   6.86772   4.4
33.28   6.03237   4.4
33.3   5.34809   4.4
33.32   4.78028   4.4
33.34   4.30369   4.4
33.36   3.89954   4.4
33.38   3.55365   4.4
33.4   3.25515   4.4
33.42   2.9956   4.4
33.44   2.76835   4.4
33.46   2.56813   4.4
33.48   1.86655   4.4
33.5   1.72253   4.4
33.52   1.59451   4.4
33.54   1.48022   4.4
33.56   1.37776   4.4
33.58   1.28556   4.4
33.6   1.2023   4.4
33.62   1.12685   4.4
33.64   1.05828   4.4
33.66   0.995774   4.4
33.68   0.938637   4.4
33.7   0.886272   4.4
33.72   0.838164   4.4
33.74   0.793865   4.4
33.76   0.752982   4.4
33.78   0.715174   4.4
33.8   0.680141   4.4
33.82   0.647618   4.4
33.84   0.61737   4.4
33.86   0.589191   4.4
33.88   0.562896   4.4
33.9   0.538322   4.4
33.92   0.51532   4.4
33.94   0.493761   4.4
33.96   0.473527   4.4
33.98   0.454509   4.4
34   0.436615   4.4
34.02   0.419755   4.4
34.04   0.403853   4.4
34.06   0.388838   4.4
34.08   0.374644   4.4
34.1   0.361212   4.4
34.12   0.34849   4.4
34.14   0.336428   4.4
34.16   0.324981   4.4
34.18   0.314109   4.4
34.2   0.303772   4.4
34.22   0.293938   4.4
34.24   0.284573   4.4
34.26   0.275648   4.4
34.28   0.267137   4.4
34.3   0.259013   4.4
34.32   0.251255   4.4
34.34   0.586213   4.4
34.36   0.588836   4.4
34.38   0.592182   4.4
34.4   0.59626   4.4
34.42   0.60108   4.4
34.44   0.606654   4.4
34.46   0.613   4.4
34.48   0.420102   4.4
34.5   0.433334   4.4
34.52   0.4472   4.4
34.54   0.461743   4.4
34.56   0.477007   4.4
34.58   0.49304   4.4
34.6   0.509894   4.4
34.62   0.527627   4.4
34.64   0.5463   4.4
34.66   0.565983   4.4
34.68   0.586747   4.4
34.7   0.608675   4.4
34.72   0.631855   4.4
34.74   0.656383   4.4
34.76   0.682366   4.4
34.78   0.709922   4.4
34.8   0.73918   4.4
34.82   0.770283   4.4
34.84   0.80339   4.4
34.86   0.838675   4.4
34.88   0.876334   4.4
34.9   0.916585   4.4
34.92   0.959672   4.4
34.94   1.00587   4.4
34.96   1.05547   4.4
34.98   1.10884   4.4
35   1.16634   4.4
35.02   1.22844   4.4
35.04   1.29562   4.4
35.06   1.36846   4.4
35.08   1.44761   4.4
35.1   1.53381   4.4
35.12   1.62793   4.4
35.14   1.73098   4.4
35.16   1.8441   4.4
35.18   1.96866   4.4
35.2   2.10624   4.4
35.22   2.25872   4.4
35.24   2.42833   4.4
35.26   2.61773   4.4
35.28   2.8301   4.4
35.3   3.4685   4.4
35.32   3.75032   4.4
35.34   4.0699   4.4
35.36   4.43442   4.4
35.38   4.85282   4.4
35.4   5.33642   4.4
35.42   5.89964   4.4
35.44   6.56112   4.4
35.46   7.34525   4.4
35.48   8.28445   4.4
35.5   9.4225   4.4
35.52   10.8196   4.4
35.54   12.5603   4.4
35.56   14.766   4.4
35.58   17.6161   4.4
35.6   21.3874   4.62465
35.62   26.5381   5.15151
35.64   33.9074   5.82301
35.66   45.1586   6.72001
35.68   63.5276   7.97042
35.7   94.513   9.72178
35.72   145.371   12.057
35.74   220.848   14.8609
35.76   306.699   17.5128
35.78   343.601   18.5365
35.8   290.433   17.0421
35.82   203.559   14.2674
35.84   133.12   11.5378
35.86   87.0302   9.329
35.88   59.2868   7.69979
35.9   42.8344   6.5448
35.92   32.6636   5.71521
35.94   25.9334   5.09249
35.96   21.2036   4.60474
35.98   17.7403   4.4
36   15.1344   4.4
36.02   13.1344   4.4
36.04   11.5762   4.4
36.06   10.3479   4.4
36.08   9.372   4.4
36.1   8.6379   4.4
36.12   8.01734   4.4
36.14   7.52476   4.4
36.16   7.13868   4.4
36.18   6.84327   4.4
36.2   6.62696   4.4
36.22   6.48151   4.4
36.24   6.40137   4.4
36.26   6.38325   4.4
36.28   6.4259   4.4
36.3   6.53002   4.4
36.32   6.69823   4.4
36.34   6.93529   4.4
36.36   7.24838   4.4
36.38   7.64757   4.4
36.4   8.14658   4.4
36.42   8.76382   4.4
36.44   9.52391   4.4
36.46   10.46   4.4
36.48   11.6169   4.4
36.5   13.0564   4.4
36.52   14.8647   4.4
36.54   17.1644   4.4
36.56   20.135   4.4872
36.58   24.0468   4.90376
36.6   29.3312   5.41583
36.62   36.7394   6.0613
36.64   47.7173   6.90777
36.66   65.1462   8.07132
36.68   94.3244   9.71208
36.7   143.29   11.9704
36.72   220.47   14.8482
36.74   323.794   17.9943
36.76   408.941   20.2223
36.78   394.623   19.8651
36.8   297.353   17.2439
36.82   198.634   14.0938
36.84   128.849   11.3512
36.86   85.5176   9.24758
36.88   59.811   7.73376
36.9   44.2929   6.65529
36.92   34.3346   5.85957
36.94   27.4943   5.2435
36.96   22.5482   4.7485
36.98   18.8465   4.4
37   16.0068   4.4
37.02   13.7851   4.4
37.04   12.0182   4.4
37.06   10.5935   4.4
37.08   9.4315   4.4
37.1   8.47486   4.4
37.12   7.68175   4.4
37.14   7.02119   4.4
37.16   6.4701   4.4
37.18   6.01128   4.4
37.2   5.6321   4.4
37.22   5.32358   4.4
37.24   4.74871   4.4
37.26   4.57582   4.4
37.28   4.46462   4.4
37.3   4.41867   4.4
37.32   4.44584   4.4
37.34   4.56002   4.4
37.36   4.78401   4.4
37.38   5.15537   4.4
37.4   5.73912   4.4
37.42   6.65839   4.4
37.44   8.16034   4.4
37.46   10.7208   4.4
37.48   15.1243   4.4
37.5   22.349   4.72748
37.52   32.8445   5.73101
37.54   43.9145   6.6268
37.56   46.897   6.84814
37.58   38.3003   6.18873
37.6   27.1039   5.20614
37.62   18.1431   4.4
37.64   12.3746   4.4
37.66   8.91002   4.4
37.68   6.83459   4.4
37.7   5.52683   4.4
37.72   4.64289   4.4
37.74   4.0096   4.4
37.76   3.53768   4.4
37.78   3.17644   4.4
37.8   2.89431   4.4
37.82   2.67043   4.4
37.84   2.49051   4.4
37.86   2.34452   4.4
37.88   2.22526   4.4
37.9   2.12747   4.4
37.92   2.04722   4.4
37.94   1.98158   4.4
37.96   1.9283   4.4
37.98   1.88566   4.4
38   1.85232   4.4
38.02   1.82725   4.4
38.04   1.80967   4.4
38.06   2.16129   4.4
38.08   2.16706   4.4
38.1   2.17934   4.4
38.12   2.19794   4.4
38.14   2.22274   4.4
38.16   2.25374   4.4
38.18   2.291   4.4
38.2   2.33464   4.4
38.22   2.3849   4.4
38.24   2.04549   4.4
38.26   2.12045   4.4
38.28   2.20272   4.4
38.3   2.29286   4.4
38.32   2.39156   4.4
38.34   2.4996   4.4
38.36   2.61791   4.4
38.38   2.74756   4.4
38.4   2.8898   4.4
38.42   3.04612   4.4
38.44   3.21823   4.4
38.46   3.40815   4.4
38.48   3.61829   4.4
38.5   3.85148   4.4
38.52   4.11109   4.4
38.54   4.4012   4.4
38.56   4.7267   4.4
38.58   5.09354   4.4
38.6   5.51292   4.4
38.62   5.98618   4.4
38.64   6.52837   4.4
38.66   7.15366   4.4
38.68   7.88011   4.4
38.7   8.73102   4.4
38.72   9.73684   4.4
38.74   10.938   4.4
38.76   12.3889   4.4
38.78   14.1643   4.4
38.8   16.3693   4.4
38.82   19.1541   4.4
38.84   22.741   4.76875
38.86   27.4719   5.24136
38.88   33.9123   5.82343
38.9   43.0959   6.56474
38.92   57.0693   7.55442
38.94   79.8173   8.93405
38.96   118.125   10.8685
38.98   180.981   13.4529
39   274.375   16.5643
39.02   381.097   19.5217
39.04   428.26   20.6944
39.06   363.616   19.0687
39.08   256.186   16.0058
39.1   168.823   12.9932
39.12   111.731   10.5703
39.14   77.5503   8.80626
39.16   57.5294   7.58481
39.18   45.4824   6.74407
39.2   37.8042   6.14851
39.22   32.7645   5.72402
39.24   29.4871   5.4302
39.26   27.5169   5.24565
39.28   26.6172   5.15919
39.3   26.6922   5.16645
39.32   27.7615   5.26892
39.34   29.9669   5.4742
39.36   33.6184   5.79814
39.38   39.3226   6.27078
39.4   48.2999   6.94981
39.42   63.0312   7.93922
39.44   88.1495   9.3888
39.46   130.812   11.4373
39.48   198.805   14.0998
39.5   291.48   17.0728
39.52   371.991   19.2871
39.54   365.503   19.1181
39.56   279.195   16.7091
39.58   187.951   13.7095
39.6   122.558   11.0706
39.62   81.688   9.03814
39.64   57.3674   7.57413
39.66   42.6814   6.5331
39.68   33.2633   5.76743
39.7   26.7921   5.17611
39.72   22.1046   4.70156
39.74   18.5864   4.4
39.76   15.878   4.4
39.78   13.751   4.4
39.8   12.0532   4.4
39.82   10.68   4.4
39.84   9.55841   4.4
39.86   8.63689   4.4
39.88   7.88001   4.4
39.9   7.26576   4.4
39.92   6.78676   4.4
39.94   6.45598   4.4
39.96   6.31442   4.4
39.98   6.43054   4.4
40   6.86937   4.4
40.02   7.56234   4.4
40.04   7.98539   4.4
40.06   7.42853   4.4
40.08   6.25328   4.4
40.1   5.17785   4.4
40.12   4.40447   4.4
40.14   3.88631   4.4
40.16   3.53813   4.4
40.18   3.29311   4.4
40.2   3.11101   4.4
40.22   2.97095   4.4
40.24   2.86256   4.4
40.26   2.78058   4.4
40.28   2.72244   4.4
40.3   2.68728   4.4
40.32   2.67564   4.4
40.34   2.68941   4.4
40.36   2.732   4.4
40.38   2.80874   4.4
40.4   2.92759   4.4
40.42   3.10032   4.4
40.44   3.34445   4.4
40.46   3.6867   4.4
40.48   4.16989   4.4
40.5   4.45804   4.4
40.52   5.52726   4.4
40.54   7.2423   4.4
40.56   10.1329   4.4
40.58   15.0083   4.4
40.6   22.7306   4.76767
40.62   33.1504   5.75764
40.64   41.9354   6.47575
40.66   40.7832   6.38618
40.68   30.9994   5.56771
40.7   20.8995   4.5716
40.72   13.7156   4.4
40.74   9.23887   4.4
40.76   6.95487   4.4
40.78   5.35346   4.4
40.8   4.3267   4.4
40.82   3.62209   4.4
40.84   3.1131   4.4
40.86   2.73268   4.4
40.88   2.44147   4.4
40.9   2.21441   4.4
40.92   2.03472   4.4
40.94   1.89083   4.4
40.96   1.77455   4.4
40.98   1.67997   4.4
41   1.60276   4.4
41.02   1.18811   4.4
41.04   1.14594   4.4
41.06   1.11323   4.4
41.08   1.08854   4.4
41.1   1.07076   4.4
41.12   1.05903   4.4
41.14   1.05269   4.4
41.16   1.05121   4.4
41.18   1.05419   4.4
41.2   1.06134   4.4
41.22   1.07243   4.4
41.24   1.08731   4.4
41.26   1.1059   4.4
41.28   1.12815   4.4
41.3   1.15409   4.4
41.32   1.18377   4.4
41.34   1.21729   4.4
41.36   1.25482   4.4
41.38   1.29653   4.4
41.4   1.34268   4.4
41.42   1.39356   4.4
41.44   1.44951   4.4
41.46   1.51096   4.4
41.48   1.57838   4.4
41.5   1.65232   4.4
41.52   1.72972   4.4
41.54   1.81887   4.4
41.56   1.91683   4.4
41.58   2.02461   4.4
41.6   2.14339   4.4
41.62   2.27457   4.4
41.64   2.41978   4.4
41.66   2.58093   4.4
41.68   2.7603   4.4
41.7   2.96059   4.4
41.72   3.18504   4.4
41.74   3.43756   4.4
41.76   3.72288   4.4
41.78   4.25463   4.4
41.8   4.6301   4.4
41.82   5.26734   4.4
41.84   5.76923   4.4
41.86   6.35131   4.4
41.88   7.03162   4.4
41.9   7.83351   4.4
41.92   8.78775   4.4
41.94   9.93538   4.4
41.96   11.3321   4.4
41.98   13.055   4.4
42   15.2131   4.4
42.02   17.9638   4.4
42.04   21.5429   4.64144
42.06   26.3199   5.13029
42.08   32.9238   5.73792
42.1   42.5414   6.52238
42.12   57.5409   7.58557
42.14   82.3615   9.07532
42.16   124.244   11.1465
42.18   191.574   13.841
42.2   286.413   16.9237
42.22   378.648   19.4589
42.24   390.028   19.7491
42.26   307.432   17.5337
42.28   208.965   14.4556
42.3   135.804   11.6535
42.32   89.4878   9.4598
42.34   61.9094   7.86826
42.36   45.4297   6.74016
42.38   35.0394   5.9194
42.4   28.0221   5.29359
42.42   23.0155   4.79745
42.44   19.3103   4.4
42.46   16.4986   4.4
42.48   14.3242   4.4
42.5   12.6172   4.4
42.52   11.2612   4.4
42.54   10.1743   4.4
42.56   9.29814   4.4
42.58   8.59005   4.4
42.6   8.01866   4.4
42.62   7.56063   4.4
42.64   7.19852   4.4
42.66   6.91937   4.4
42.68   6.71367   4.4
42.7   6.57467   4.4
42.72   6.4979   4.4
42.74   6.48092   4.4
42.76   6.5231   4.4
42.78   6.62562   4.4
42.8   6.79156   4.4
42.82   7.02604   4.4
42.84   7.33665   4.4
42.86   7.73392   4.4
42.88   8.23214   4.4
42.9   8.85053   4.4
42.92   9.6149   4.4
42.94   10.5602   4.4
42.96   11.7341   4.4
42.98   13.2031   4.4
43   15.061   4.4
43.02   17.4442   4.4
43.04   20.5577   4.53406
43.06   24.7296   4.97289
43.08   30.5338   5.52574
43.1   39.0623   6.24999
43.12   52.4024   7.23895
43.14   74.1493   8.611
43.16   109.365   10.4578
43.18   162.621   12.7523
43.2   229.33   15.1436
43.22   279.325   16.713
43.24   288.312   16.9798
43.26   287.991   16.9703
43.28   292.29   17.0965
43.3   264.347   16.2587
43.32   199.382   14.1203
43.34   136.021   11.6628
43.36   91.0162   9.54024
43.38   62.5212   7.90703
43.4   45.1073   6.7162
43.42   34.2478   5.85216
43.44   27.0743   5.2033
43.46   22.0288   4.69348
43.48   18.3062   4.4
43.5   15.4685   4.4
43.52   13.2532   4.4
43.54   11.4901   4.4
43.56   10.0638   4.4
43.58   8.89341   4.4
43.6   7.92089   4.4
43.62   7.1038   4.4
43.64   6.41048   4.4
43.66   5.81696   4.4
43.68   5.30479   4.4
43.7   4.85962   4.4
43.72   4.0989   4.4
43.74   3.76587   4.4
43.76   3.47188   4.4
43.78   3.21105   4.4
43.8   2.97856   4.4
43.82   3.61283   4.4
43.84   3.44962   4.4
43.86   3.30576   4.4
43.88   3.17898   4.4
43.9   3.0674   4.4
43.92   2.9694   4.4
43.94   2.88364   4.4
43.96   2.80895   4.4
43.98   2.77263   4.4
44   2.71811   4.4
44.02   2.67219   4.4
44.04   2.63428   4.4
44.06   2.6039   4.4
44.08   2.58064   4.4
44.1   2.56414   4.4
44.12   2.55416   4.4
44.14   2.55047   4.4
44.16   2.55293   4.4
44.18   2.56144   4.4
44.2   2.57594   4.4
44.22   2.59644   4.4
44.24   2.62298   4.4
44.26   2.65565   4.4
44.28   2.69459   4.4
44.3   2.74001   4.4
44.32   2.79213   4.4
44.34   2.85125   4.4
44.36   2.91774   4.4
44.38   2.99201   4.4
44.4   3.07455   4.4
44.42   3.16594   4.4
44.44   3.26683   4.4
44.46   3.37798   4.4
44.48   3.50025   4.4
44.5   3.63466   4.4
44.52   3.78234   4.4
44.54   3.94461   4.4
44.56   4.12299   4.4
44.58   4.31923   4.4
44.6   4.53535   4.4
44.62   4.77371   4.4
44.64   5.03704   4.4
44.66   5.32855   4.4
44.68   5.45006   4.4
44.7   5.81525   4.4
44.72   6.22181   4.4
44.74   6.67603   4.4
44.76   7.1854   4.4
44.78   7.55731   4.4
44.8   8.21143   4.4
44.82   8.95405   4.4
44.84   9.80183   4.4
44.86   10.7755   4.4
44.88   11.9012   4.4
44.9   13.2121   4.4
44.92   14.7509   4.4
44.94   16.5733   4.4
44.96   18.7528   4.4
44.98   21.3883   4.62475
45   24.615   4.96135
45.02   28.6212   5.34988
45.04   33.6752   5.80303
45.06   40.1699   6.33797
45.08   48.7014   6.97864
45.1   60.2303   7.76082
45.12   76.4584   8.74405
45.14   100.699   10.0349
45.16   139.518   11.8118
45.18   204.704   14.3075
45.2   313.388   17.7028
45.22   481.625   21.946
45.24   696.709   26.3952
45.26   847.737   29.1159
45.28   780.825   27.9433
45.3   572.46   23.9261
45.32   379.743   19.487
45.34   248.204   15.7545
45.36   168.705   12.9887
45.38   123.664   11.1204
45.4   99.4186   9.97089
45.42   87.4897   9.35359
45.44   81.0389   9.00216
45.46   71.9672   8.48335
45.48   58.4303   7.64397
45.5   45.5578   6.74965
45.52   35.799   5.98322
45.54   28.9008   5.37594
45.56   24.0357   4.90262
45.58   20.4858   4.52613
45.6   17.773   4.4
45.62   15.6167   4.4
45.64   13.8556   4.4
45.66   12.3904   4.4
45.68   11.1545   4.4
45.7   10.1003   4.4
45.72   9.1927   4.4
45.74   8.40481   4.4
45.76   7.71594   4.4
45.78   7.1098   4.4
45.8   6.5734   4.4
45.82   6.09625   4.4
45.84   5.66983   4.4
45.86   5.28709   4.4
45.88   4.94221   4.4
45.9   4.6303   4.4
45.92   4.34726   4.4
45.94   4.08961   4.4
45.96   3.85439   4.4
45.98   3.63905   4.4
46   3.44141   4.4
46.02   3.25958   4.4
46.04   3.09192   4.4
46.06   2.93699   4.4
46.08   2.79355   4.4
46.1   2.66048   4.4
46.12   2.53682   4.4
46.14   2.42172   4.4
46.16   2.31441   4.4
46.18   2.21422   4.4
46.2   2.12055   4.4
46.22   2.03287   4.4
46.24   1.95069   4.4
46.26   1.8736   4.4
46.28   1.80122   4.4
46.3   1.7332   4.4
46.32   1.66926   4.4
46.34   1.60911   4.4
46.36   1.55255   4.4
46.38   1.49936   4.4
46.4   1.44939   4.4
46.42   1.40251   4.4
46.44   1.37227   4.4
46.46   1.33177   4.4
46.48   1.2943   4.4
46.5   1.25997   4.4
46.52   1.22904   4.4
46.54   1.20191   4.4
46.56   1.1793   4.4
46.58   1.16243   4.4
46.6   1.15354   4.4
46.62   1.15707   4.4
46.64   1.18195   4.4
46.66   1.24434   4.4
46.68   1.36793   4.4
46.7   1.57544   4.4
46.72   1.85135   4.4
46.74   1.23875   4.4
46.76   1.15361   4.4
46.78   0.863477   4.4
46.8   0.590812   4.4
46.82   0.40291   4.4
46.84   0.287493   4.4
46.86   0.21922   4.4
46.88   0.177897   4.4
46.9   0.151311   4.4
46.92   0.133108   4.4
46.94   0.0924836   4.4
46.96   0.0836847   4.4
46.98   0.0773212   4.4
47   0.0727424   4.4
47.02   0.0695141   4.4
47.04   0.0673394   4.4
47.06   0.0660116   4.4
47.08   0.065386   4.4
47.1   0.0653606   4.4
47.12   0.065865   4.4
47.14   0.0668518   4.4
47.16   0.0682917   4.4
47.18   0.0701699   4.4
47.2   0.0724836   4.4
47.22   0.0752412   4.4
47.24   0.0784611   4.4
47.26   0.082172   4.4
47.28   0.0864132   4.4
47.3   0.0912354   4.4
47.32   0.0967025   4.4
47.34   0.102893   4.4
47.36   0.109905   4.4
47.38   0.117856   4.4
47.4   0.126891   4.4
47.42   0.13719   4.4
47.44   0.148972   4.4
47.46   0.162511   4.4
47.48   0.178152   4.4
47.5   0.196327   4.4
47.52   0.21759   4.4
47.54   0.242658   4.4
47.56   0.272466   4.4
47.58   0.309607   4.4
47.6   0.353093   4.4
47.62   0.406538   4.4
47.64   0.473162   4.4
47.66   0.557574   4.4
47.68   0.666564   4.4
47.7   0.81053   4.4
47.72   1.00649   4.4
47.74   1.28521   4.4
47.76   1.70725   4.4
47.78   2.3916   4.4
47.8   4.07615   4.4
47.82   5.99919   4.4
47.84   8.90134   4.4
47.86   12.3821   4.4
47.88   14.2988   4.4
47.9   12.5955   4.4
47.92   9.16082   4.4
47.94   6.23865   4.4
47.96   4.2989   4.4
47.98   3.13139   4.4
48   2.44879   4.4
48.02   2.03875   4.4
48.04   1.77802   4.4
48.06   1.60367   4.4
48.08   2.10865   4.4
48.1   2.04344   4.4
48.12   2.00549   4.4
48.14   1.98801   4.4
48.16   1.98644   4.4
48.18   1.99769   4.4
48.2   2.01959   4.4
48.22   2.04952   4.4
48.24   2.08873   4.4
48.26   2.35852   4.4
48.28   2.4183   4.4
48.3   2.48504   4.4
48.32   2.55864   4.4
48.34   2.63913   4.4
48.36   2.72664   4.4
48.38   2.82142   4.4
48.4   2.92378   4.4
48.42   3.03415   4.4
48.44   3.15303   4.4
48.46   3.28104   4.4
48.48   3.41886   4.4
48.5   3.73237   4.4
48.52   3.89702   4.4
48.54   4.07452   4.4
48.56   4.26612   4.4
48.58   4.47323   4.4
48.6   4.6975   4.4
48.62   4.94083   4.4
48.64   5.2054   4.4
48.66   5.49372   4.4
48.68   5.80876   4.4
48.7   6.15395   4.4
48.72   6.53335   4.4
48.74   6.95173   4.4
48.76   7.41479   4.4
48.78   7.92938   4.4
48.8   8.50373   4.4
48.82   9.14791   4.4
48.84   9.8743   4.4
48.86   10.6983   4.4
48.88   11.6396   4.4
48.9   12.7233   4.4
48.92   13.9835   4.4
48.94   15.4674   4.4
48.96   17.2421   4.4
48.98   19.4029   4.40487
49   22.0591   4.69672
49.02   25.3522   5.0351
49.04   29.2386   5.40728
49.06   33.7209   5.80697
49.08   39.2428   6.26441
49.1   46.6597   6.83079
49.12   57.0753   7.55482
49.14   72.4086   8.50932
49.16   96.4619   9.8215
49.18   136.253   11.6727
49.2   202.467   14.2291
49.22   306.384   17.5038
49.24   445.575   21.1087
49.26   561.893   23.7043
49.28   547.093   23.39
49.3   421.712   20.5356
49.32   294.593   17.1637
49.34   207.113   14.3914
49.36   156.718   12.5187
49.38   132.541   11.5127
49.4   126.275   11.2372
49.42   134.919   11.6155
49.44   161.39   12.7039
49.46   214.497   14.6457
49.48   307.05   17.5228
49.5   447.161   21.1462
49.52   606.353   24.6242
49.54   671.619   25.9156
49.56   569.912   23.8728
49.58   409.764   20.2426
49.6   283.719   16.844
49.62   206.919   14.3847
49.64   170.742   13.0668
49.66   166.421   12.9004
49.68   189.471   13.7648
49.7   234.27   15.3059
49.72   275.515   16.5986
49.74   265.81   16.3037
49.76   208.872   14.4524
49.78   150.497   12.2677
49.8   109.588   10.4684
49.82   85.5636   9.25006
49.84   74.2464   8.61663
49.86   72.9727   8.54241
49.88   81.8097   9.04487
49.9   102.877   10.1428
49.92   137.335   11.719
49.94   175.888   13.2623
49.96   187.144   13.68
49.98   155.351   12.464
50   110.88   10.53
50.02   75.9264   8.71358
50.04   53.0541   7.28383
50.06   39.0403   6.24822
50.08   30.4385   5.51711
50.1   24.8704   4.98703
50.12   21.0049   4.58311
50.14   18.166   4.4
50.16   16.0043   4.4
50.18   14.3216   4.4
50.2   12.9958   4.4
50.22   11.9489   4.4
50.24   11.1316   4.4
50.26   10.5164   4.4
50.28   10.0954   4.4
50.3   9.91318   4.4
50.32   9.96336   4.4
50.34   10.3848   4.4
50.36   11.3842   4.4
50.38   13.2963   4.4
50.4   16.5047   4.4
50.42   21.118   4.59543
50.44   26.9651   5.19279
50.46   32.9024   5.73607
50.48   34.1231   5.8415
50.5   28.2986   5.31964
50.52   20.6072   4.53952
50.54   14.6497   4.4
50.56   10.7583   4.4
50.58   8.36465   4.4
50.6   6.87954   4.4
50.62   5.90167   4.4
50.64   5.20774   4.4
50.66   4.68445   4.4
50.68   4.2729   4.4
50.7   3.93938   4.4
50.72   3.66271   4.4
50.74   2.90119   4.4
50.76   2.71416   4.4
50.78   2.55315   4.4
50.8   2.41185   4.4
50.82   2.28711   4.4
50.84   2.17609   4.4
50.86   2.07659   4.4
50.88   1.98689   4.4
50.9   1.90565   4.4
50.92   1.83176   4.4
50.94   1.76436   4.4
50.96   1.70273   4.4
50.98   1.64628   4.4
51   0.974064   4.4
51.02   0.943217   4.4
51.04   0.915689   4.4
51.06   0.89125   4.4
51.08   0.869721   4.4
51.1   0.850971   4.4
51.12   0.834908   4.4
51.14   0.821484   4.4
51.16   0.810689   4.4
51.18   0.802554   4.4
51.2   0.797154   4.4
51.22   0.578072   4.4
51.24   0.584256   4.4
51.26   0.593501   4.4
51.28   0.606137   4.4
51.3   0.622591   4.4
51.32   0.643407   4.4
51.34   0.669278   4.4
51.36   0.701092   4.4
51.38   0.73999   4.4
51.4   0.787456   4.4
51.42   0.682227   4.4
51.44   0.757657   4.4
51.46   0.849479   4.4
51.48   0.962462   4.4
51.5   1.10326   4.4
51.52   1.28135   4.4
51.54   1.51062   4.4
51.56   1.81219   4.4
51.58   2.22017   4.4
51.6   2.79521   4.4
51.62   3.76596   4.4
51.64   5.14901   4.4
51.66   7.46875   4.4
51.68   11.3238   4.4
51.7   17.2551   4.4
51.72   24.7309   4.97301
51.74   29.7247   5.45204
51.76   27.0927   5.20507
51.78   19.8541   4.4558
51.8   13.3164   4.4
51.82   8.91066   4.4
51.84   6.2887   4.4
51.86   4.85177   4.4
51.88   4.16464   4.4
51.9   4.0363   4.4
51.92   4.4401   4.4
51.94   5.37   4.4
51.96   6.65485   4.4
51.98   7.28371   4.4
52   6.35952   4.4
52.02   4.72855   4.4
52.04   3.35687   4.4
52.06   2.43609   4.4
52.08   1.86844   4.4
52.1   1.52604   4.4
52.12   1.33852   4.4
52.14   1.21081   4.4
52.16   1.14394   4.4
52.18   1.13555   4.4
52.2   1.19142   4.4
52.22   1.30797   4.4
52.24   1.42464   4.4
52.26   1.40547   4.4
52.28   1.24166   4.4
52.3   1.06556   4.4
52.32   0.939468   4.4
52.34   0.863105   4.4
52.36   0.822103   4.4
52.38   0.803542   4.4
52.4   0.799122   4.4
52.42   0.804428   4.4
52.44   0.817332   4.4
52.46   0.836844   4.4
52.48   0.862551   4.4
52.5   0.894385   4.4
52.52   0.932527   4.4
52.54   0.977365   4.4
52.56   1.02949   4.4
52.58   1.08969   4.4
52.6   1.15901   4.4
52.62   1.23874   4.4
52.64   1.33052   4.4
52.66   1.43639   4.4
52.68   1.55893   4.4
52.7   1.70139   4.4
52.72   1.8679   4.4
52.74   2.06379   4.4
52.76   2.29599   4.4
52.78   2.57363   4.4
52.8   2.90894   4.4
52.82   3.31855   4.4
52.84   3.8255   4.4
52.86   4.46244   4.4
52.88   5.27673   4.4
52.9   6.33939   4.4
52.92   7.76249   4.4
52.94   9.73854   4.4
52.96   12.6337   4.4
52.98   17.1785   4.4
53   24.7401   4.97395
53.02   37.4598   6.12044
53.04   57.751   7.59941
53.06   85.7862   9.26208
53.08   111.435   10.5563
53.1   111.796   10.5734
53.12   86.4686   9.29885
53.14   58.3535   7.63895
53.16   37.9178   6.15774
53.18   25.0989   5.00988
53.2   17.4938   4.4
53.22   12.92   4.4
53.24   10.0526   4.4
53.26   8.12355   4.4
53.28   6.76416   4.4
53.3   5.78307   4.4
53.32   5.07201   4.4
53.34   4.56642   4.4
53.36   4.22885   4.4
53.38   4.39349   4.4
53.4   4.47814   4.4
53.42   4.63758   4.4
53.44   5.04602   4.4
53.46   5.87731   4.4
53.48   7.42712   4.4
53.5   10.1421   4.4
53.52   14.4509   4.4
53.54   20.0549   4.47827
53.56   24.0981   4.90898
53.58   22.4147   4.73442
53.6   16.848   4.4
53.62   11.6233   4.4
53.64   8.01627   4.4
53.66   5.79196   4.4
53.68   4.46797   4.4
53.7   3.65996   4.4
53.72   3.45753   4.4
53.74   3.10352   4.4
53.76   2.85183   4.4
53.78   2.69831   4.4
53.8   2.56548   4.4
53.82   2.46926   4.4
53.84   2.40116   4.4
53.86   2.35534   4.4
53.88   2.32769   4.4
53.9   2.31529   4.4
53.92   2.31604   4.4
53.94   2.32844   4.4
53.96   2.35145   4.4
53.98   2.38435   4.4
54   2.42669   4.4
54.02   2.47824   4.4
54.04   2.53896   4.4
54.06   2.60896   4.4
54.08   2.6885   4.4
54.1   2.77801   4.4
54.12   2.87804   4.4
54.14   2.98929   4.4
54.16   3.11266   4.4
54.18   3.24918   4.4
54.2   3.40011   4.4
54.22   3.56696   4.4
54.24   3.75149   4.4
54.26   3.95577   4.4
54.28   4.18228   4.4
54.3   4.43395   4.4
54.32   4.71426   4.4
54.34   5.02737   4.4
54.36   5.3783   4.4
54.38   5.8227   4.4
54.4   6.27019   4.4
54.42   6.7781   4.4
54.44   7.35767   4.4
54.46   8.02296   4.4
54.48   8.79176   4.4
54.5   9.68677   4.4
54.52   10.7374   4.4
54.54   11.9822   4.4
54.56   13.4726   4.4
54.58   15.171   4.4
54.6   17.3913   4.4
54.62   20.1594   4.48992
54.64   23.6724   4.86543
54.66   28.2888   5.31872
54.68   34.3511   5.86099
54.7   42.7248   6.53642
54.72   54.9379   7.41201
54.74   74.0154   8.60322
54.76   105.544   10.2734
54.78   158.157   12.5761
54.8   241.352   15.5355
54.82   354.58   18.8303
54.84   455.541   21.3434
54.86   461.499   21.4825
54.88   370.752   19.2549
54.9   259.313   16.1032
54.92   173.767   13.1821
54.94   119.356   10.925
54.96   87.6288   9.36102
54.98   69.8987   8.36055
55   60.4159   7.77277
55.02   56.2011   7.49674
55.04   56.1236   7.49157
55.06   60.5145   7.77911
55.08   70.9528   8.42335
55.1   91.3124   9.55575
55.12   127.849   11.307
55.14   187.727   13.7013
55.16   271.418   16.4748
55.18   348.591   18.6706
55.2   352.717   18.7808
55.22   284.222   16.8589
55.24   204.426   14.2978
55.26   139.627   11.8164
55.28   94.5526   9.72381
55.3   66.1649   8.13418
55.32   48.7178   6.97982
55.34   37.6689   6.1375
55.36   30.2805   5.50277
55.38   25.0623   5.00622
55.4   21.2151   4.60599
55.42   18.2915   4.4
55.44   16.022   4.4
55.46   14.5202   4.4
55.48   13.1556   4.4
55.5   12.0277   4.4
55.52   11.1306   4.4
55.54   10.4263   4.4
55.56   9.89049   4.4
55.58   9.50946   4.4
55.6   9.28003   4.4
55.62   9.21039   4.4
55.64   9.32354   4.4
55.66   9.66563   4.4
55.68   10.3264   4.4
55.7   11.4876   4.4
55.72   13.5167   4.4
55.74   17.0841   4.4
55.76   23.1834   4.81491
55.78   32.7925   5.72647
55.8   45.3742   6.73604
55.82   54.8644   7.40705
55.84   51.8371   7.1998
55.86   39.8493   6.31263
55.88   28.4407   5.33298
55.9   20.6763   4.54712
55.92   16.1176   4.4
55.94   13.7361   4.4
55.96   12.7332   4.4
55.98   12.6953   4.4
56   13.5635   4.4
56.02   15.6311   4.4
56.04   19.626   4.43012
56.06   26.746   5.17165
56.08   38.3283   6.19099
56.1   54.3087   7.36944
56.12   68.4511   8.27352
56.14   67.6935   8.2276
56.16   52.845   7.26946
56.18   36.9651   6.07989
56.2   25.5954   5.05919
56.22   18.5643   4.4
56.24   14.4943   4.4
56.26   12.1852   4.4
56.28   10.8808   4.4
56.3   10.1957   4.4
56.32   9.61086   4.4
56.34   9.6695   4.4
56.36   10.2616   4.4
56.38   11.408   4.4
56.4   13.4243   4.4
56.42   16.9397   4.4
56.44   22.9799   4.79373
56.46   32.7681   5.72434
56.48   46.6431   6.82958
56.5   60.3621   7.7693
56.52   62.5812   7.91083
56.54   51.0485   7.14483
56.56   37.0935   6.09044
56.58   26.8809   5.18467
56.6   20.7122   4.55107
56.62   17.4413   4.4
56.64   15.9871   4.4
56.66   15.664   4.4
56.68   15.83   4.4
56.7   16.9915   4.4
56.72   18.9295   4.4
56.74   21.7782   4.66671
56.76   25.856   5.08488
56.78   31.761   5.63569
56.8   40.6532   6.37599
56.82   54.8872   7.40859
56.84   78.8134   8.87769
56.86   119.092   10.9129
56.88   182.834   13.5216
56.9   268.857   16.3969
56.92   342.025   18.4939
56.94   334.545   18.2906
56.96   254.753   15.961
56.98   170.9   13.0729
57   110.906   10.5312
57.02   73.4601   8.57089
57.04   51.2045   7.15573
57.06   37.7847   6.14693
57.08   29.1945   5.40319
57.1   23.305   4.82753
57.12   19.0488   4.4
57.14   15.8613   4.4
57.16   13.4121   4.4
57.18   11.491   4.4
57.2   9.95748   4.4
57.22   8.71444   4.4
57.24   7.69328   4.4
57.26   6.84441   4.4
57.28   6.1313   4.4
57.3   5.47897   4.4
57.32   4.99177   4.4
57.34   4.54846   4.4
57.36   4.16435   4.4
57.38   3.82965   4.4
57.4   3.53656   4.4
57.42   3.27891   4.4
57.44   3.05173   4.4
57.46   2.85111   4.4
57.48   2.67398   4.4
57.5   2.51809   4.4
57.52   2.38196   4.4
57.54   2.2651   4.4
57.56   2.16852   4.4
57.58   2.09603   4.4
57.6   2.05687   4.4
57.62   2.00776   4.4
57.64   2.09999   4.4
57.66   2.29745   4.4
57.68   2.58408   4.4
57.7   2.78749   4.4
57.72   2.64094   4.4
57.74   2.24511   4.4
57.76   1.86863   4.4
57.78   1.59698   4.4
57.8   1.41669   4.4
57.82   1.2974   4.4
57.84   1.21459   4.4
57.86   1.15337   4.4
57.88   1.10603   4.4
57.9   1.06881   4.4
57.92   1.03987   4.4
57.94   1.01839   4.4
57.96   1.00422   4.4
57.98   0.99776   4.4
58   0.945995   4.4
58.02   0.960362   4.4
58.04   0.988434   4.4
58.06   1.03553   4.4
58.08   1.11137   4.4
58.1   1.23525   4.4
58.12   1.53007   4.4
58.14   1.89554   4.4
58.16   2.50789   4.4
58.18   3.44494   4.4
58.2   4.59341   4.4
58.22   5.2753   4.4
58.24   4.76525   4.4
58.26   3.6344   4.4
58.28   2.65443   4.4
58.3   2.00312   4.4
58.32   1.61582   4.4
58.34   1.39737   4.4
58.36   1.27651   4.4
58.38   1.16248   4.4
58.4   1.37885   4.4
58.42   1.10597   4.4
58.44   1.14147   4.4
58.46   1.19802   4.4
58.48   1.27661   4.4
58.5   1.38027   4.4
58.52   1.54296   4.4
58.54   1.71641   4.4
58.56   1.94126   4.4
58.58   2.23726   4.4
58.6   2.63655   4.4
58.62   3.19634   4.4
58.64   4.02823   4.4
58.66   5.35373   4.4
58.68   7.57084   4.4
58.7   11.2589   4.4
58.72   16.9633   4.4
58.74   24.2636   4.92581
58.76   29.4258   5.42455
58.78   27.2172   5.21701
58.8   20.1821   4.49245
58.82   13.6533   4.4
58.84   9.18434   4.4
58.86   6.45882   4.4
58.88   4.86294   4.4
58.9   3.91204   4.4
58.92   3.31447   4.4
58.94   2.91905   4.4
58.96   2.65004   4.4
58.98   2.46684   4.4
59   2.34544   4.4
59.02   2.27068   4.4
59.04   2.23268   4.4
59.06   2.22492   4.4
59.08   2.24321   4.4
59.1   2.28499   4.4
59.12   2.41027   4.4
59.14   2.49774   4.4
59.16   2.60765   4.4
59.18   2.74002   4.4
59.2   2.89986   4.4
59.22   3.08902   4.4
59.24   3.31195   4.4
59.26   3.57456   4.4
59.28   3.88475   4.4
59.3   4.25428   4.4
59.32   4.69493   4.4
59.34   5.22737   4.4
59.36   5.87874   4.4
59.38   6.68782   4.4
59.4   7.71177   4.4
59.42   9.03909   4.4
59.44   10.8184   4.4
59.46   13.3268   4.4
59.48   17.1112   4.4
59.5   23.1973   4.81636
59.52   33.2143   5.76319
59.54   49.0639   7.00456
59.56   71.1683   8.43613
59.58   92.6064   9.62322
59.6   95.8891   9.7923
59.62   78.7632   8.87486
59.64   58.8772   7.67315
59.66   45.3669   6.7355
59.68   38.8   6.22896
59.7   37.9488   6.16026
59.72   42.2676   6.50136
59.74   52.9029   7.27344
59.76   73.1139   8.55067
59.78   107.769   10.3812
59.8   160.344   12.6627
59.82   221.685   14.8891
59.84   250.795   15.8365
59.86   215.851   14.6919
59.88   155.381   12.4652
59.9   107.117   10.3497
59.92   78.1756   8.8417
59.94   64.638   8.03978
59.96   59.4213   7.70852
59.98   53.1818   7.29258
60   42.331   6.50622
60.02   31.4745   5.61021
60.04   23.3499   4.83217
60.06   17.8613   4.4
60.08   14.2379   4.4
60.1   11.7868   4.4
60.12   10.0458   4.4
60.14   8.75   4.4
60.16   7.75488   4.4
60.18   6.97761   4.4
60.2   6.36677   4.4
60.22   5.88862   4.4
60.24   5.49335   4.4
60.26   5.22194   4.4
60.28   5.03817   4.4
60.3   4.93942   4.4
60.32   4.92862   4.4
60.34   5.01507   4.4
60.36   5.27691   4.4
60.38   5.62448   4.4
60.4   6.16563   4.4
60.42   6.98475   4.4
60.44   8.24026   4.4
60.46   10.2494   4.4
60.48   13.6282   4.4
60.5   19.413   4.40602
60.52   28.9429   5.37986
60.54   43.0009   6.55751
60.56   58.571   7.65317
60.58   64.3262   8.02036
60.6   53.7202   7.3294
60.62   37.7331   6.14273
60.64   25.0451   5.00451
60.66   16.8325   4.4
60.68   11.9627   4.4
60.7   9.18   4.4
60.72   7.60383   4.4
60.74   6.66602   4.4
60.76   5.88174   4.4
60.78   5.0055   4.4
60.8   4.19106   4.4
60.82   3.55971   4.4
60.84   3.10287   4.4
60.86   2.77916   4.4
60.88   2.5533   4.4
60.9   2.41065   4.4
60.92   2.34019   4.4
60.94   2.36702   4.4
60.96   2.53461   4.4
60.98   2.89996   4.4
61   3.48479   4.4
61.02   4.10414   4.4
61.04   4.20262   4.4
61.06   3.59125   4.4
61.08   2.735   4.4
61.1   2.14268   4.4
61.12   1.75603   4.4
61.14   1.51767   4.4
61.16   1.3701   4.4
61.18   1.27468   4.4
61.2   1.2101   4.4
61.22   1.16567   4.4
61.24   1.13595   4.4
61.26   1.11793   4.4
61.28   1.1099   4.4
61.3   0.874543   4.4
61.32   0.890565   4.4
61.34   0.915023   4.4
61.36   0.948326   4.4
61.38   0.99124   4.4
61.4   1.04492   4.4
61.42   1.11098   4.4
61.44   1.19159   4.4
61.46   1.26223   4.4
61.48   1.38229   4.4
61.5   1.52878   4.4
61.52   1.7087   4.4
61.54   1.93167   4.4
61.56   2.21114   4.4
61.58   2.56634   4.4
61.6   3.02547   4.4
61.62   3.63136   4.4
61.64   4.45318   4.4
61.66   5.61355   4.4
61.68   7.35149   4.4
61.7   10.1408   4.4
61.72   14.8309   4.4
61.74   22.6539   4.75962
61.76   34.7576   5.89556
61.78   50.197   7.08499
61.8   60.9384   7.80631
61.82   55.9846   7.48228
61.84   40.9575   6.3998
61.86   27.0926   5.20505
61.88   17.5958   4.4
61.9   11.7742   4.4
61.92   8.32637   4.4
61.94   6.22938   4.4
61.96   4.869   4.4
61.98   3.96435   4.4
62   3.28161   4.4
62.02   2.77096   4.4
62.04   2.32017   4.4
62.06   2.01952   4.4
62.08   1.78462   4.4
62.1   1.60063   4.4
62.12   1.45758   4.4
62.14   1.34898   4.4
62.16   1.27119   4.4
62.18   1.22318   4.4
62.2   1.20709   4.4
62.22   1.22877   4.4
62.24   1.30733   4.4
62.26   1.47715   4.4
62.28   1.80489   4.4
62.3   2.39125   4.4
62.32   3.33853   4.4
62.34   4.60472   4.4
62.36   5.59629   4.4
62.38   5.31628   4.4
62.4   4.05781   4.4
62.42   2.82275   4.4
62.44   1.95507   4.4
62.46   1.41402   4.4
62.48   1.08888   4.4
62.5   0.885727   4.4
62.52   0.754087   4.4
62.54   0.661623   4.4
62.56   0.593517   4.4
62.58   0.541833   4.4
62.6   0.501862   4.4
62.62   0.470582   4.4
62.64   0.445966   4.4
62.66   0.426616   4.4
62.68   0.411549   4.4
62.7   0.400068   4.4
62.72   0.391674   4.4
62.74   0.386016   4.4
62.76   0.382852   4.4
62.78   0.382024   4.4
62.8   0.383449   4.4
62.82   0.387102   4.4
62.84   0.393014   4.4
62.86   0.401271   4.4
62.88   0.412016   4.4
62.9   0.425449   4.4
62.92   0.441841   4.4
62.94   0.46154   4.4
62.96   0.484992   4.4
62.98   0.512759   4.4
63   0.545552   4.4
63.02   0.58427   4.4
63.04   0.63006   4.4
63.06   0.68439   4.4
63.08   0.749164   4.4
63.1   0.826874   4.4
63.12   0.920831   4.4
63.14   1.16919   4.4
63.16   1.31447   4.4
63.18   1.49528   4.4
63.2   1.72385   4.4
63.22   2.01812   4.4
63.24   2.40545   4.4
63.26   2.95163   4.4
63.28   3.63569   4.4
63.3   4.75109   4.4
63.32   6.54488   4.4
63.34   9.5604   4.4
63.36   14.57   4.4
63.38   22.2507   4.71706
63.4   31.8235   5.64123
63.42   37.9366   6.15927
63.44   34.2395   5.85145
63.46   24.8431   4.98429
63.48   16.5332   4.4
63.5   10.8674   4.4
63.52   7.41551   4.4
63.54   5.37671   4.4
63.56   4.13742   4.4
63.58   3.33441   4.4
63.6   2.78054   4.4
63.62   2.38156   4.4
63.64   2.08619   4.4
63.66   1.86362   4.4
63.68   1.69392   4.4
63.7   1.56369   4.4
63.72   1.46363   4.4
63.74   1.3872   4.4
63.76   1.32966   4.4
63.78   1.2876   4.4
63.8   1.25849   4.4
63.82   1.24449   4.4
63.84   1.23138   4.4
63.86   1.2321   4.4
63.88   1.24089   4.4
63.9   1.2573   4.4
63.92   1.28109   4.4
63.94   1.31221   4.4
63.96   1.35076   4.4
63.98   1.39698   4.4
64   1.45132   4.4
64.02   1.51435   4.4
64.04   1.59509   4.4
64.06   1.67829   4.4
64.08   1.77322   4.4
64.1   1.8814   4.4
64.12   2.00475   4.4
64.14   2.14564   4.4
64.16   2.30699   4.4
64.18   2.49249   4.4
64.2   2.70677   4.4
64.22   2.9557   4.4
64.24   3.24687   4.4
64.26   3.59012   4.4
64.28   3.99847   4.4
64.3   4.48935   4.4
64.32   5.08661   4.4
64.34   5.82344   4.4
64.36   6.74718   4.4
64.38   7.92721   4.4
64.4   9.46949   4.4
64.42   11.547   4.4
64.44   14.4718   4.4
64.46   18.857   4.4
64.48   25.9007   5.08928
64.5   37.6741   6.13792
64.52   57.0002   7.54985
64.54   86.0186   9.27462
64.56   120.441   10.9746
64.58   138.713   11.7777
64.6   121.672   11.0305
64.62   88.9625   9.432
64.64   62.3065   7.89344
64.66   46.3512   6.80817
64.68   39.472   6.28267
64.7   39.026   6.24708
64.72   41.3057   6.42695
64.74   40.8594   6.39213
64.76   36.7797   6.06463
64.78   33.7914   5.81304
64.8   35.0793   5.92278
64.82   42.2721   6.5017
64.84   56.7168   7.53106
64.86   77.8673   8.82425
64.88   98.3774   9.91854
64.9   108.322   10.4078
64.92   105.521   10.2723
64.94   87.1418   9.33498
64.96   62.1034   7.88057
64.98   41.8008   6.46535
65   28.3774   5.32704
65.02   20.1022   4.48355
65.04   15.0847   4.4
65.06   11.868   4.4
65.08   9.69283   4.4
65.1   8.14323   4.4
65.12   7.00471   4.4
65.14   6.16112   4.4
65.16   5.55057   4.4
65.18   5.15213   4.4
65.2   4.98557   4.4
65.22   5.10854   4.4
65.24   5.5881   4.4
65.26   6.38392   4.4
65.28   7.02162   4.4
65.3   6.68698   4.4
65.32   5.59079   4.4
65.34   4.55049   4.4
65.36   3.86494   4.4
65.38   3.52893   4.4
65.4   3.50638   4.4
65.42   3.82471   4.4
65.44   4.59757   4.4
65.46   5.97868   4.4
65.48   8.10619   4.4
65.5   9.89502   4.4
65.52   9.7774   4.4
65.54   7.79176   4.4
65.56   5.64367   4.4
65.58   4.08204   4.4
65.6   3.09128   4.4
65.62   2.49039   4.4
65.64   2.1192   4.4
65.66   1.87548   4.4
65.68   1.70447   4.4
65.7   1.57861   4.4
65.72   1.48333   4.4
65.74   1.4101   4.4
65.76   1.3535   4.4
65.78   1.30991   4.4
65.8   1.27687   4.4
65.82   1.25267   4.4
65.84   1.2361   4.4
65.86   1.22637   4.4
65.88   1.22292   4.4
65.9   1.22544   4.4
65.92   1.23378   4.4
65.94   1.24797   4.4
65.96   1.26816   4.4
65.98   1.29467   4.4
66   1.32795   4.4
66.02   1.36867   4.4
66.04   1.28762   4.4
66.06   1.34947   4.4
66.08   1.51983   4.4
66.1   1.60759   4.4
66.12   1.7103   4.4
66.14   1.83102   4.4
66.16   1.97515   4.4
66.18   2.14532   4.4
66.2   2.35011   4.4
66.22   2.57854   4.4
66.24   2.88719   4.4
66.26   3.27506   4.4
66.28   3.77347   4.4
66.3   4.43394   4.4
66.32   5.34883   4.4
66.34   6.63795   4.4
66.36   8.71447   4.4
66.38   12   4.4
66.4   17.0144   4.4
66.42   24.1244   4.91166
66.44   31.8018   5.63931
66.46   37.7762   6.14623
66.48   43.7126   6.61155
66.5   49.491   7.03499
66.52   47.7778   6.91215
66.54   37.4084   6.11624
66.56   26.5045   5.14826
66.58   18.5231   4.4
66.6   13.6005   4.4
66.62   10.7932   4.4
66.64   9.26967   4.4
66.66   8.502   4.4
66.68   8.21705   4.4
66.7   8.29539   4.4
66.72   8.70066   4.4
66.74   9.4491   4.4
66.76   10.6012   4.4
66.78   12.2937   4.4
66.8   14.7631   4.4
66.82   18.482   4.4
66.84   24.4065   4.94029
66.86   34.3395   5.85999
66.88   51.129   7.15046
66.9   78.0338   8.83367
66.92   115.481   10.7462
66.94   150.471   12.2667
66.96   152.243   12.3387
66.98   118.752   10.8974
67   80.735   8.98527
67.02   52.9251   7.27496
67.04   35.4439   5.95347
67.06   25.0797   5.00796
67.08   18.908   4.4
67.1   15.0399   4.4
67.12   12.4609   4.4
67.14   10.6644   4.4
67.16   9.38756   4.4
67.18   8.48119   4.4
67.2   7.85467   4.4
67.22   7.45228   4.4
67.24   7.24184   4.4
67.26   7.20895   4.4
67.28   7.35488   4.4
67.3   7.69728   4.4
67.32   8.27426   4.4
67.34   9.15394   4.4
67.36   10.4565   4.4
67.38   12.4077   4.4
67.4   15.4599   4.4
67.42   20.5016   4.52787
67.44   29.0635   5.39105
67.46   43.2111   6.57351
67.48   64.4374   8.02729
67.5   89.2863   9.44914
67.52   101.552   10.0773
67.54   87.9608   9.37874
67.56   63.4996   7.96866
67.58   43.3746   6.58594
67.6   30.186   5.49418
67.62   22.0685   4.69771
67.64   17.1226   4.4
67.66   14.1346   4.4
67.68   12.341   4.4
67.7   11.312   4.4
67.72   10.8228   4.4
67.74   10.7652   4.4
67.76   11.0907   4.4
67.78   11.8125   4.4
67.8   12.9901   4.4
67.82   14.7497   4.4
67.84   17.2963   4.4
67.86   21.0337   4.58625
67.88   26.7498   5.17202
67.9   36.0217   6.00181
67.92   51.7007   7.19032
67.94   78.0662   8.83551
67.96   119.281   10.9216
67.98   173.059   13.1552
68   213.47   14.6106
68.02   200.236   14.1505
68.04   148.387   12.1814
68.06   98.6777   9.93367
68.08   64.173   8.0108
68.1   42.8925   6.54924
68.12   30.2646   5.50133
68.14   22.593   4.75321
68.16   17.6243   4.4
68.18   14.1817   4.4
68.2   11.6747   4.4
68.22   9.78625   4.4
68.24   8.32802   4.4
68.26   7.17903   4.4
68.28   6.25789   4.4
68.3   5.50818   4.4
68.32   4.88984   4.4
68.34   4.37381   4.4
68.36   3.93865   4.4
68.38   3.56823   4.4
68.4   3.25027   4.4
68.42   2.97527   4.4
68.44   2.59124   4.4
68.46   2.38523   4.4
68.48   2.20402   4.4
68.5   2.04384   4.4
68.52   1.92673   4.4
68.54   1.80061   4.4
68.56   1.68786   4.4
68.58   1.58676   4.4
68.6   1.49586   4.4
68.62   1.41397   4.4
68.64   1.34006   4.4
68.66   1.27329   4.4
68.68   1.21293   4.4
68.7   1.15839   4.4
68.72   1.10917   4.4
68.74   1.06485   4.4
68.76   1.0251   4.4
68.78   0.98967   4.4
68.8   0.958379   4.4
68.82   0.934304   4.4
68.84   0.911144   4.4
68.86   0.892061   4.4
68.88   0.87723   4.4
68.9   0.866957   4.4
68.92   0.86172   4.4
68.94   0.862226   4.4
68.96   0.869503   4.4
68.98   0.790049   4.4
69   0.818531   4.4
69.02   0.860517   4.4
69.04   0.920919   4.4
69.06   1.00777   4.4
69.08   1.13405   4.4
69.1   1.32956   4.4
69.12   1.64318   4.4
69.14   2.15819   4.4
69.16   2.98793   4.4
69.18   4.21877   4.4
69.2   5.68225   4.4
69.22   6.82019   4.4
69.24   7.52108   4.4
69.26   7.75541   4.4
69.28   6.77864   4.4
69.3   5.01491   4.4
69.32   3.47213   4.4
69.34   2.42578   4.4
69.36   1.78012   4.4
69.38   1.39162   4.4
69.4   1.15155   4.4
69.42   0.994769   4.4
69.44   0.88707   4.4
69.46   0.810939   4.4
69.48   0.553031   4.4
69.5   0.520639   4.4
69.52   0.500786   4.4
69.54   0.491223   4.4
69.56   0.49058   4.4
69.58   0.498129   4.4
69.6   0.513649   4.4
69.62   0.537367   4.4
69.64   0.56995   4.4
69.66   0.612557   4.4
69.68   0.666934   4.4
69.7   0.735593   4.4
69.72   0.82209   4.4
69.74   0.931464   4.4
69.76   1.07094   4.4
69.78   1.25105   4.4
69.8   1.48766   4.4
69.82   1.80576   4.4
69.84   2.24813   4.4
69.86   2.89589   4.4
69.88   3.91089   4.4
69.9   5.59758   4.4
69.92   8.43765   4.4
69.94   12.9856   4.4
69.96   19.3296   4.4
69.98   25.314   5.0313
70   25.7271   5.07219
