1.54056
5   0   4.4
5.02   0   4.4
5.04   0   4.4
5.06   0   4.4
5.08   0   4.4
5.1   0   4.4
5.12   0   4.4
5.14   0   4.4
5.16   0   4.4
5.18   0   4.4
5.2   0   4.4
5.22   0   4.4
5.24   0   4.4
5.26   0   4.4
5.28   0   4.4
5.3   0   4.4
5.32   0   4.4
5.34   0   4.4
5.36   0   4.4
5.38   0   4.4
5.4   0   4.4
5.42   0   4.4
5.44   0   4.4
5.46   0   4.4
5.48   0   4.4
5.5   0   4.4
5.52   0   4.4
5.54   0   4.4
5.56   0   4.4
5.58   0   4.4
5.6   0   4.4
5.62   0   4.4
5.64   0   4.4
5.66   0   4.4
5.68   0   4.4
5.7   0   4.4
5.72   0   4.4
5.74   0   4.4
5.76   0   4.4
5.78   0   4.4
5.8   0   4.4
5.82   0   4.4
5.84   0   4.4
5.86   0   4.4
5.88   0   4.4
5.9   0   4.4
5.92   0   4.4
5.94   0   4.4
5.96   0   4.4
5.98   0   4.4
6   0   4.4
6.02   0   4.4
6.04   0   4.4
6.06   0   4.4
6.08   0   4.4
6.1   0   4.4
6.12   0   4.4
6.14   0   4.4
6.16   0   4.4
6.18   0   4.4
6.2   0   4.4
6.22   0   4.4
6.24   0   4.4
6.26   0   4.4
6.28   0   4.4
6.3   0   4.4
6.32   0   4.4
6.34   0   4.4
6.36   0   4.4
6.38   0   4.4
6.4   0   4.4
6.42   0   4.4
6.44   0   4.4
6.46   0   4.4
6.48   0   4.4
6.5   0   4.4
6.52   0   4.4
6.54   0   4.4
6.56   0   4.4
6.58   0   4.4
6.6   0   4.4
6.62   0   4.4
6.64   0   4.4
6.66   0   4.4
6.68   0   4.4
6.7   0   4.4
6.72   0   4.4
6.74   0   4.4
6.76   0   4.4
6.78   0   4.4
6.8   0   4.4
6.82   0   4.4
6.84   0   4.4
6.86   0   4.4
6.88   0   4.4
6.9   0   4.4
6.92   0   4.4
6.94   0   4.4
6.96   0   4.4
6.98   0   4.4
7   0   4.4
7.02   0   4.4
7.04   0   4.4
7.06   0   4.4
7.08   0   4.4
7.1   0   4.4
7.12   0   4.4
7.14   0   4.4
7.16   0   4.4
7.18   0   4.4
7.2   0   4.4
7.22   0   4.4
7.24   0   4.4
7.26   0   4.4
7.28   0   4.4
7.3   0   4.4
7.32   0   4.4
7.34   0   4.4
7.36   0   4.4
7.38   0   4.4
7.4   0   4.4
7.42   0   4.4
7.44   0   4.4
7.46   0   4.4
7.48   0   4.4
7.5   0   4.4
7.52   0   4.4
7.54   0   4.4
7.56   0   4.4
7.58   0   4.4
7.6   0   4.4
7.62   0   4.4
7.64   0   4.4
7.66   0   4.4
7.68   0   4.4
7.7   0   4.4
7.72   0   4.4
7.74   0   4.4
7.76   0   4.4
7.78   0   4.4
7.8   0   4.4
7.82   0   4.4
7.84   0   4.4
7.86   0   4.4
7.88   0   4.4
7.9   0   4.4
7.92   0   4.4
7.94   0   4.4
7.96   0   4.4
7.98   0   4.4
8   0   4.4
8.02   0   4.4
8.04   0   4.4
8.06   0   4.4
8.08   0   4.4
8.1   0   4.4
8.12   0   4.4
8.14   0   4.4
8.16   0   4.4
8.18   0   4.4
8.2   0   4.4
8.22   0   4.4
8.24   0   4.4
8.26   0   4.4
8.28   0   4.4
8.3   0   4.4
8.32   0   4.4
8.34   0   4.4
8.36   0   4.4
8.38   0   4.4
8.4   0   4.4
8.42   0   4.4
8.44   0   4.4
8.46   0   4.4
8.48   0   4.4
8.5   0   4.4
8.52   0   4.4
8.54   0   4.4
8.56   0   4.4
8.58   0   4.4
8.6   0   4.4
8.62   0   4.4
8.64   0   4.4
8.66   0   4.4
8.68   0   4.4
8.7   0   4.4
8.72   0   4.4
8.74   0   4.4
8.76   0   4.4
8.78   0   4.4
8.8   0   4.4
8.82   0   4.4
8.84   0   4.4
8.86   0   4.4
8.88   0   4.4
8.9   0   4.4
8.92   0   4.4
8.94   0   4.4
8.96   0   4.4
8.98   0   4.4
9   0   4.4
9.02   0   4.4
9.04   0   4.4
9.06   0   4.4
9.08   0   4.4
9.1   0   4.4
9.12   0   4.4
9.14   0   4.4
9.16   0   4.4
9.18   0   4.4
9.2   0   4.4
9.22   0   4.4
9.24   0   4.4
9.26   0   4.4
9.28   0   4.4
9.3   0   4.4
9.32   0   4.4
9.34   0   4.4
9.36   0   4.4
9.38   0   4.4
9.4   0   4.4
9.42   0   4.4
9.44   0   4.4
9.46   0   4.4
9.48   0   4.4
9.5   0   4.4
9.52   0   4.4
9.54   0   4.4
9.56   0   4.4
9.58   0   4.4
9.6   0   4.4
9.62   0   4.4
9.64   0   4.4
9.66   0   4.4
9.68   0   4.4
9.7   0   4.4
9.72   0   4.4
9.74   0   4.4
9.76   0   4.4
9.78   0   4.4
9.8   0   4.4
9.82   0   4.4
9.84   0   4.4
9.86   0   4.4
9.88   0   4.4
9.9   0   4.4
9.92   0   4.4
9.94   0   4.4
9.96   0   4.4
9.98   0   4.4
10   0   4.4
10.02   0   4.4
10.04   0   4.4
10.06   0   4.4
10.08   0   4.4
10.1   0   4.4
10.12   0   4.4
10.14   0   4.4
10.16   0   4.4
10.18   0   4.4
10.2   0   4.4
10.22   0   4.4
10.24   0   4.4
10.26   0   4.4
10.28   0   4.4
10.3   0   4.4
10.32   0   4.4
10.34   0   4.4
10.36   0   4.4
10.38   0   4.4
10.4   0   4.4
10.42   0   4.4
10.44   0   4.4
10.46   0   4.4
10.48   0   4.4
10.5   0   4.4
10.52   0   4.4
10.54   0   4.4
10.56   0   4.4
10.58   0   4.4
10.6   0   4.4
10.62   0   4.4
10.64   0   4.4
10.66   0   4.4
10.68   0   4.4
10.7   0   4.4
10.72   0   4.4
10.74   0   4.4
10.76   0   4.4
10.78   0   4.4
10.8   0   4.4
10.82   0   4.4
10.84   0   4.4
10.86   0   4.4
10.88   0   4.4
10.9   0   4.4
10.92   0   4.4
10.94   0   4.4
10.96   0   4.4
10.98   0   4.4
11   0   4.4
11.02   0   4.4
11.04   0   4.4
11.06   0   4.4
11.08   0   4.4
11.1   0   4.4
11.12   0   4.4
11.14   0   4.4
11.16   0   4.4
11.18   0   4.4
11.2   0   4.4
11.22   0   4.4
11.24   0   4.4
11.26   0   4.4
11.28   0   4.4
11.3   0   4.4
11.32   0   4.4
11.34   0   4.4
11.36   0   4.4
11.38   0   4.4
11.4   0   4.4
11.42   0   4.4
11.44   0   4.4
11.46   0   4.4
11.48   0   4.4
11.5   0   4.4
11.52   0   4.4
11.54   0   4.4
11.56   0   4.4
11.58   0   4.4
11.6   0   4.4
11.62   0   4.4
11.64   0   4.4
11.66   0   4.4
11.68   0   4.4
11.7   0   4.4
11.72   0   4.4
11.74   0   4.4
11.76   0   4.4
11.78   0   4.4
11.8   0   4.4
11.82   0   4.4
11.84   0   4.4
11.86   0   4.4
11.88   0   4.4
11.9   0   4.4
11.92   0   4.4
11.94   0   4.4
11.96   0   4.4
11.98   0   4.4
12   0   4.4
12.02   0   4.4
12.04   0   4.4
12.06   0   4.4
12.08   0   4.4
12.1   0   4.4
12.12   0   4.4
12.14   0   4.4
12.16   0   4.4
12.18   0   4.4
12.2   0   4.4
12.22   0   4.4
12.24   0   4.4
12.26   0   4.4
12.28   0   4.4
12.3   0   4.4
12.32   0   4.4
12.34   0   4.4
12.36   0   4.4
12.38   0   4.4
12.4   0   4.4
12.42   0   4.4
12.44   0   4.4
12.46   0   4.4
12.48   0   4.4
12.5   0   4.4
12.52   0   4.4
12.54   0   4.4
12.56   0   4.4
12.58   0   4.4
12.6   0   4.4
12.62   0   4.4
12.64   0   4.4
12.66   0   4.4
12.68   0   4.4
12.7   0   4.4
12.72   0   4.4
12.74   0   4.4
12.76   0   4.4
12.78   0   4.4
12.8   0   4.4
12.82   0   4.4
12.84   0   4.4
12.86   0   4.4
12.88   0   4.4
12.9   0   4.4
12.92   0   4.4
12.94   0   4.4
12.96   0   4.4
12.98   0   4.4
13   0   4.4
13.02   0   4.4
13.04   0   4.4
13.06   0   4.4
13.08   0   4.4
13.1   0   4.4
13.12   0   4.4
13.14   0   4.4
13.16   0   4.4
13.18   0   4.4
13.2   0   4.4
13.22   0   4.4
13.24   0   4.4
13.26   0   4.4
13.28   0   4.4
13.3   0   4.4
13.32   0   4.4
13.34   0   4.4
13.36   0   4.4
13.38   0   4.4
13.4   0   4.4
13.42   0   4.4
13.44   0   4.4
13.46   0   4.4
13.48   0   4.4
13.5   0   4.4
13.52   0   4.4
13.54   0   4.4
13.56   0   4.4
13.58   0   4.4
13.6   0   4.4
13.62   0   4.4
13.64   0   4.4
13.66   0   4.4
13.68   0   4.4
13.7   0   4.4
13.72   0   4.4
13.74   0   4.4
13.76   0   4.4
13.78   0   4.4
13.8   0   4.4
13.82   0   4.4
13.84   0   4.4
13.86   0   4.4
13.88   0   4.4
13.9   0   4.4
13.92   0   4.4
13.94   0   4.4
13.96   0   4.4
13.98   0   4.4
14   0   4.4
14.02   0   4.4
14.04   0   4.4
14.06   0   4.4
14.08   0   4.4
14.1   0   4.4
14.12   0   4.4
14.14   0   4.4
14.16   0   4.4
14.18   0   4.4
14.2   0   4.4
14.22   0   4.4
14.24   0   4.4
14.26   0   4.4
14.28   0   4.4
14.3   0   4.4
14.32   0   4.4
14.34   0   4.4
14.36   0   4.4
14.38   0   4.4
14.4   0   4.4
14.42   0   4.4
14.44   0   4.4
14.46   0   4.4
14.48   0   4.4
14.5   0   4.4
14.52   0   4.4
14.54   0   4.4
14.56   0   4.4
14.58   0   4.4
14.6   0   4.4
14.62   0   4.4
14.64   0   4.4
14.66   0   4.4
14.68   0   4.4
14.7   0   4.4
14.72   0   4.4
14.74   0   4.4
14.76   0   4.4
14.78   0   4.4
14.8   0   4.4
14.82   0   4.4
14.84   0   4.4
14.86   0   4.4
14.88   0   4.4
14.9   0   4.4
14.92   0   4.4
14.94   0   4.4
14.96   0   4.4
14.98   0   4.4
15   0   4.4
15.02   0   4.4
15.04   0   4.4
15.06   0   4.4
15.08   0   4.4
15.1   0   4.4
15.12   0   4.4
15.14   0   4.4
15.16   0   4.4
15.18   0   4.4
15.2   0   4.4
15.22   0   4.4
15.24   0   4.4
15.26   0   4.4
15.28   0   4.4
15.3   0   4.4
15.32   0   4.4
15.34   0   4.4
15.36   0   4.4
15.38   0   4.4
15.4   0   4.4
15.42   0   4.4
15.44   0   4.4
15.46   0   4.4
15.48   0   4.4
15.5   0   4.4
15.52   0   4.4
15.54   0   4.4
15.56   0   4.4
15.58   0   4.4
15.6   0   4.4
15.62   0   4.4
15.64   0   4.4
15.66   0   4.4
15.68   0   4.4
15.7   0   4.4
15.72   0   4.4
15.74   0   4.4
15.76   0   4.4
15.78   0   4.4
15.8   0   4.4
15.82   0   4.4
15.84   0   4.4
15.86   0   4.4
15.88   0   4.4
15.9   0   4.4
15.92   0   4.4
15.94   0   4.4
15.96   0   4.4
15.98   0   4.4
16   0   4.4
16.02   0   4.4
16.04   0   4.4
16.06   0   4.4
16.08   0   4.4
16.1   0   4.4
16.12   0   4.4
16.14   0   4.4
16.16   0   4.4
16.18   0   4.4
16.2   0   4.4
16.22   0   4.4
16.24   0   4.4
16.26   0   4.4
16.28   0   4.4
16.3   0   4.4
16.32   0   4.4
16.34   0   4.4
16.36   0   4.4
16.38   0   4.4
16.4   0   4.4
16.42   0   4.4
16.44   0   4.4
16.46   0   4.4
16.48   0   4.4
16.5   0   4.4
16.52   0   4.4
16.54   0   4.4
16.56   0   4.4
16.58   0   4.4
16.6   0   4.4
16.62   0   4.4
16.64   0   4.4
16.66   0   4.4
16.68   0   4.4
16.7   0   4.4
16.72   0   4.4
16.74   0   4.4
16.76   0   4.4
16.78   0   4.4
16.8   0   4.4
16.82   0   4.4
16.84   0   4.4
16.86   0   4.4
16.88   0   4.4
16.9   0   4.4
16.92   0   4.4
16.94   0   4.4
16.96   0   4.4
16.98   0   4.4
17   0   4.4
17.02   0   4.4
17.04   0   4.4
17.06   0   4.4
17.08   0   4.4
17.1   0   4.4
17.12   0   4.4
17.14   0   4.4
17.16   0   4.4
17.18   0   4.4
17.2   0   4.4
17.22   0   4.4
17.24   0   4.4
17.26   0   4.4
17.28   0   4.4
17.3   0   4.4
17.32   0   4.4
17.34   0   4.4
17.36   0   4.4
17.38   0   4.4
17.4   0   4.4
17.42   0   4.4
17.44   0   4.4
17.46   0   4.4
17.48   0   4.4
17.5   0   4.4
17.52   0   4.4
17.54   0   4.4
17.56   0   4.4
17.58   0   4.4
17.6   0   4.4
17.62   0   4.4
17.64   0   4.4
17.66   0   4.4
17.68   0   4.4
17.7   0   4.4
17.72   0   4.4
17.74   0   4.4
17.76   0   4.4
17.78   0   4.4
17.8   0   4.4
17.82   0   4.4
17.84   0   4.4
17.86   0   4.4
17.88   0   4.4
17.9   0   4.4
17.92   0   4.4
17.94   0   4.4
17.96   0   4.4
17.98   0   4.4
18   0   4.4
18.02   0   4.4
18.04   0   4.4
18.06   0   4.4
18.08   0   4.4
18.1   0   4.4
18.12   0   4.4
18.14   0   4.4
18.16   0   4.4
18.18   0   4.4
18.2   0   4.4
18.22   0   4.4
18.24   0   4.4
18.26   0   4.4
18.28   0   4.4
18.3   0   4.4
18.32   0   4.4
18.34   0   4.4
18.36   0   4.4
18.38   0   4.4
18.4   0   4.4
18.42   0   4.4
18.44   0   4.4
18.46   0   4.4
18.48   0   4.4
18.5   0   4.4
18.52   0   4.4
18.54   0   4.4
18.56   0   4.4
18.58   0   4.4
18.6   0   4.4
18.62   0   4.4
18.64   0   4.4
18.66   0   4.4
18.68   0   4.4
18.7   0   4.4
18.72   0   4.4
18.74   0   4.4
18.76   0   4.4
18.78   0   4.4
18.8   0   4.4
18.82   0   4.4
18.84   9.92914   4.4
18.86   10.2103   4.4
18.88   10.5036   4.4
18.9   10.8096   4.4
18.92   11.1293   4.4
18.94   11.4633   4.4
18.96   11.8126   4.4
18.98   12.1781   4.4
19   12.5608   4.4
19.02   12.9619   4.4
19.04   13.3824   4.4
19.06   13.8238   4.4
19.08   14.2873   4.4
19.1   14.7745   4.4
19.12   15.287   4.4
19.14   15.8267   4.4
19.16   16.3955   4.4
19.18   16.9954   4.4
19.2   17.6289   4.4
19.22   18.2984   4.4
19.24   19.0068   4.4
19.26   19.7571   4.44489
19.28   20.5526   4.5335
19.3   21.3972   4.62571
19.32   22.2948   4.72174
19.34   23.2501   4.82184
19.36   24.2681   4.92627
19.38   25.3544   5.03531
19.4   26.5151   5.14929
19.42   27.7574   5.26853
19.44   29.0889   5.39342
19.46   30.5185   5.52436
19.48   32.056   5.6618
19.5   33.7124   5.80624
19.52   35.5005   5.95823
19.54   37.4345   6.11837
19.56   39.5306   6.28734
19.58   41.8076   6.46588
19.6   44.2867   6.65483
19.62   46.9926   6.85512
19.64   49.9538   7.0678
19.66   53.2033   7.29406
19.68   56.7797   7.53523
19.7   60.7283   7.79283
19.72   65.1024   8.0686
19.74   69.9652   8.36452
19.76   75.3921   8.68286
19.78   81.4736   9.02627
19.8   88.3189   9.39781
19.82   96.0609   9.80106
19.84   104.863   10.2402
19.86   114.926   10.7203
19.88   126.501   11.2473
19.9   139.908   11.8283
19.92   155.548   12.4719
19.94   173.946   13.1888
19.96   195.781   13.9922
19.98   221.959   14.8983
20   258.872   16.0895
20.02   297.987   17.2623
20.04   346.681   18.6194
20.06   408.303   20.2065
20.08   487.785   22.0859
20.1   592.673   24.3449
20.12   735.309   27.1166
20.14   937.966   30.6262
20.16   1244.49   35.2773
20.18   1741.05   41.7259
20.2   2577.93   50.7733
20.22   3962.75   62.9504
20.24   6060.65   77.8502
20.26   8588.98   92.6767
20.28   10000   100
20.3   8771.82   93.658
20.32   6256.01   79.095
20.34   4103.22   64.0564
20.36   2666.62   51.6393
20.38   1795.01   42.3675
20.4   1278.51   35.7562
20.42   961.395   31.0064
20.44   753.109   27.4428
20.46   607.324   24.644
20.48   500.604   22.3742
20.5   420.069   20.4956
20.52   357.899   18.9182
20.54   309.006   17.5786
20.56   269.943   16.4299
20.58   238.309   15.4373
20.6   212.392   14.5737
20.62   190.946   13.8183
20.64   173.052   13.1549
20.66   158.017   12.5705
20.68   145.314   12.0546
20.7   134.538   11.5991
20.72   125.372   11.197
20.74   117.569   10.8429
20.76   110.932   10.5324
20.78   105.306   10.2619
20.8   100.57   10.0285
20.82   96.6261   9.82986
20.84   93.3994   9.66434
20.86   90.8326   9.53062
20.88   88.8842   9.42784
20.9   87.5266   9.35556
20.92   86.7452   9.31371
20.94   86.5381   9.30258
20.96   86.9162   9.32288
20.98   87.9042   9.37572
21   89.542   9.46266
21.02   91.887   9.58577
21.04   95.0177   9.7477
21.06   99.0386   9.95182
21.08   104.087   10.2023
21.1   110.341   10.5044
21.12   118.037   10.8645
21.14   127.484   11.2909
21.16   139.091   11.7937
21.18   153.413   12.386
21.2   171.202   13.0844
21.22   193.506   13.9107
21.24   221.808   14.8932
21.26   258.258   16.0704
21.28   306.073   17.4949
21.3   370.305   19.2433
21.32   459.566   21.4375
21.34   590.115   24.2923
21.36   794.404   28.1852
21.38   1133.76   33.6713
21.4   1706.08   41.3047
21.42   2626.18   51.2463
21.44   3920.69   62.6154
21.46   5173.78   71.929
21.48   5316.95   72.9174
21.5   4184.04   64.6841
21.52   2841.76   53.3082
21.54   1851.33   43.0271
21.56   1221.19   34.9455
21.58   845.705   29.081
21.6   620.925   24.9184
21.62   478.797   21.8814
21.64   382.455   19.5565
21.66   313.407   17.7033
21.68   262.017   16.187
21.7   222.738   14.9244
21.72   192.079   13.8593
21.74   158.042   12.5715
21.76   138.653   11.7751
21.78   122.842   11.0834
21.8   109.801   10.4786
21.82   98.9378   9.94675
21.84   89.8111   9.47687
21.86   82.0864   9.06016
21.88   75.5067   8.68946
21.9   69.8723   8.35897
21.92   65.0264   8.06389
21.94   60.8443   7.80028
21.96   57.2265   7.56482
21.98   54.0926   7.35477
22   51.3774   7.1678
22.02   49.0277   7.00198
22.04   47.0001   6.85566
22.06   45.2588   6.72747
22.08   43.7747   6.61624
22.1   42.5237   6.52102
22.12   41.4866   6.44101
22.14   40.6477   6.37555
22.16   39.9947   6.32413
22.18   39.5183   6.28636
22.2   39.2119   6.26194
22.22   39.0713   6.25071
22.24   39.0946   6.25257
22.26   39.2823   6.26756
22.28   39.637   6.29579
22.3   40.1638   6.33749
22.32   40.8705   6.393
22.34   41.7673   6.46277
22.36   42.8679   6.54736
22.38   44.1891   6.64749
22.4   45.7521   6.76403
22.42   47.5828   6.89803
22.44   49.7129   7.05074
22.46   52.181   7.22364
22.48   55.0343   7.41851
22.5   58.3306   7.63745
22.52   62.1411   7.88296
22.54   66.5535   8.15804
22.56   71.6774   8.46625
22.58   77.6499   8.81192
22.6   84.645   9.20027
22.62   92.8851   9.63769
22.64   102.658   10.132
22.66   114.342   10.6931
22.68   128.438   11.333
22.7   145.625   12.0675
22.72   166.837   12.9166
22.74   193.386   13.9063
22.76   227.154   15.0716
22.78   270.929   16.4599
22.8   329.004   18.1385
22.82   408.488   20.2111
22.84   522.397   22.856
22.86   696.52   26.3917
22.88   981.056   31.3218
22.9   1461.38   38.228
22.92   2250.35   47.4378
22.94   3422.35   58.5009
22.96   4753.31   68.9442
22.98   5333.46   73.0305
23   4511.23   67.1657
23.02   3158.88   56.204
23.04   2060.32   45.3907
23.06   1340.75   36.6163
23.08   907.197   30.1197
23.1   649.757   25.4903
23.12   490.302   22.1428
23.14   384.476   19.6081
23.16   309.786   17.6007
23.18   254.77   15.9615
23.2   213.036   14.5957
23.22   180.655   13.4408
23.24   155.056   12.4522
23.26   134.487   11.5968
23.28   117.721   10.8499
23.3   103.884   10.1923
23.32   92.3348   9.6091
23.34   82.5988   9.08839
23.36   74.3173   8.62075
23.38   67.2157   8.19852
23.4   61.0812   7.81545
23.42   55.7464   7.46635
23.44   51.0787   7.14694
23.46   46.9716   6.85359
23.48   43.3392   6.58325
23.5   40.1113   6.33334
23.52   37.23   6.10164
23.54   34.6476   5.88622
23.56   32.3242   5.68544
23.58   30.2265   5.49786
23.6   28.3261   5.32223
23.62   26.5991   5.15743
23.64   25.0251   5.00251
23.66   23.5865   4.85659
23.68   22.2683   4.71893
23.7   21.0575   4.58884
23.72   19.9426   4.46571
23.74   18.9139   4.4
23.76   17.9626   4.4
23.78   17.0813   4.4
23.8   16.2632   4.4
23.82   15.5024   4.4
23.84   14.7937   4.4
23.86   14.1325   4.4
23.88   13.5146   4.4
23.9   12.9364   4.4
23.92   12.3944   4.4
23.94   11.8857   4.4
23.96   11.4077   4.4
23.98   10.958   4.4
24   10.5343   4.4
24.02   10.1347   4.4
24.04   9.75741   4.4
24.06   9.40077   4.4
24.08   9.06333   4.4
24.1   8.74372   4.4
24.12   8.44071   4.4
24.14   8.15318   4.4
24.16   7.88008   4.4
24.18   7.62047   4.4
24.2   7.37348   4.4
24.22   7.1383   4.4
24.24   6.91418   4.4
24.26   6.70045   4.4
24.28   6.49648   4.4
24.3   6.30167   4.4
24.32   6.1155   4.4
24.34   5.93745   4.4
24.36   5.76706   4.4
24.38   5.6039   4.4
24.4   5.44756   4.4
24.42   5.29767   4.4
24.44   0   4.4
24.46   0   4.4
24.48   0   4.4
24.5   0   4.4
24.52   0   4.4
24.54   0   4.4
24.56   0   4.4
24.58   0   4.4
24.6   0   4.4
24.62   0   4.4
24.64   0   4.4
24.66   0   4.4
24.68   0   4.4
24.7   0   4.4
24.72   0   4.4
24.74   0   4.4
24.76   0   4.4
24.78   0   4.4
24.8   0   4.4
24.82   0   4.4
24.84   0   4.4
24.86   0   4.4
24.88   0   4.4
24.9   0   4.4
24.92   0   4.4
24.94   0   4.4
24.96   0   4.4
24.98   0   4.4
25   0   4.4
25.02   0   4.4
25.04   0   4.4
25.06   0   4.4
25.08   0   4.4
25.1   0   4.4
25.12   0   4.4
25.14   0   4.4
25.16   0   4.4
25.18   0   4.4
25.2   0   4.4
25.22   0   4.4
25.24   0   4.4
25.26   0   4.4
25.28   0   4.4
25.3   0   4.4
25.32   0   4.4
25.34   0   4.4
25.36   0   4.4
25.38   0   4.4
25.4   0   4.4
25.42   0   4.4
25.44   0   4.4
25.46   0   4.4
25.48   0   4.4
25.5   0   4.4
25.52   0   4.4
25.54   0   4.4
25.56   0   4.4
25.58   0   4.4
25.6   0   4.4
25.62   0   4.4
25.64   0   4.4
25.66   0   4.4
25.68   0   4.4
25.7   0   4.4
25.72   0   4.4
25.74   0   4.4
25.76   0   4.4
25.78   0   4.4
25.8   0   4.4
25.82   0   4.4
25.84   0   4.4
25.86   0   4.4
25.88   0   4.4
25.9   0   4.4
25.92   0   4.4
25.94   0   4.4
25.96   0   4.4
25.98   0   4.4
26   0   4.4
26.02   0   4.4
26.04   0   4.4
26.06   0   4.4
26.08   0   4.4
26.1   0   4.4
26.12   0   4.4
26.14   0   4.4
26.16   0   4.4
26.18   0   4.4
26.2   0   4.4
26.22   0   4.4
26.24   0   4.4
26.26   0   4.4
26.28   0   4.4
26.3   0   4.4
26.32   0   4.4
26.34   0   4.4
26.36   0   4.4
26.38   0   4.4
26.4   0   4.4
26.42   0   4.4
26.44   0   4.4
26.46   0   4.4
26.48   0   4.4
26.5   0   4.4
26.52   0   4.4
26.54   0   4.4
26.56   0   4.4
26.58   0   4.4
26.6   0   4.4
26.62   0   4.4
26.64   0   4.4
26.66   0   4.4
26.68   0   4.4
26.7   0   4.4
26.72   0   4.4
26.74   0   4.4
26.76   0   4.4
26.78   0   4.4
26.8   0   4.4
26.82   0   4.4
26.84   0   4.4
26.86   0   4.4
26.88   0   4.4
26.9   0   4.4
26.92   0   4.4
26.94   0   4.4
26.96   0   4.4
26.98   0   4.4
27   0   4.4
27.02   0   4.4
27.04   0   4.4
27.06   0   4.4
27.08   0   4.4
27.1   0   4.4
27.12   0   4.4
27.14   0   4.4
27.16   0   4.4
27.18   0   4.4
27.2   0   4.4
27.22   0   4.4
27.24   0   4.4
27.26   0   4.4
27.28   0   4.4
27.3   0   4.4
27.32   0   4.4
27.34   0   4.4
27.36   0   4.4
27.38   0   4.4
27.4   0   4.4
27.42   0   4.4
27.44   0   4.4
27.46   0   4.4
27.48   0   4.4
27.5   0   4.4
27.52   0   4.4
27.54   0   4.4
27.56   0   4.4
27.58   0   4.4
27.6   0   4.4
27.62   0   4.4
27.64   0   4.4
27.66   0   4.4
27.68   0   4.4
27.7   0   4.4
27.72   0   4.4
27.74   0   4.4
27.76   0   4.4
27.78   0   4.4
27.8   0   4.4
27.82   0   4.4
27.84   0   4.4
27.86   0   4.4
27.88   0   4.4
27.9   0   4.4
27.92   0   4.4
27.94   0   4.4
27.96   0   4.4
27.98   0   4.4
28   0   4.4
28.02   0   4.4
28.04   0   4.4
28.06   0   4.4
28.08   0   4.4
28.1   0   4.4
28.12   0   4.4
28.14   0   4.4
28.16   0   4.4
28.18   0   4.4
28.2   0   4.4
28.22   0   4.4
28.24   0   4.4
28.26   1.7488   4.4
28.28   1.79823   4.4
28.3   1.84978   4.4
28.32   1.90359   4.4
28.34   1.95978   4.4
28.36   2.01848   4.4
28.38   2.07987   4.4
28.4   2.1441   4.4
28.42   2.21135   4.4
28.44   2.28181   4.4
28.46   2.35569   4.4
28.48   2.43322   4.4
28.5   2.51463   4.4
28.52   2.6002   4.4
28.54   2.69021   4.4
28.56   2.78497   4.4
28.58   2.88482   4.4
28.6   2.99014   4.4
28.62   3.10133   4.4
28.64   3.21884   4.4
28.66   3.34314   4.4
28.68   3.47478   4.4
28.7   3.61435   4.4
28.72   3.76249   4.4
28.74   3.91992   4.4
28.76   4.08743   4.4
28.78   4.2659   4.4
28.8   4.4563   4.4
28.82   4.65974   4.4
28.84   4.8774   4.4
28.86   5.11067   4.4
28.88   5.36106   4.4
28.9   5.63029   4.4
28.92   5.92029   4.4
28.94   6.23325   4.4
28.96   6.57166   4.4
28.98   6.93835   4.4
29   7.33655   4.4
29.02   7.76998   4.4
29.04   8.24291   4.4
29.06   8.76028   4.4
29.08   9.32782   4.4
29.1   9.95222   4.4
29.12   10.6413   4.4
29.14   11.4043   4.4
29.16   12.2522   4.4
29.18   13.198   4.4
29.2   14.2572   4.4
29.22   15.4489   4.4
29.24   16.7957   4.4
29.26   18.3259   4.4
29.28   20.0741   4.48041
29.3   22.0834   4.6993
29.32   24.4085   4.94049
29.34   27.1184   5.20753
29.36   30.3025   5.50477
29.38   34.0771   5.83756
29.4   38.5964   6.2126
29.42   44.0675   6.63834
29.44   50.7742   7.1256
29.46   59.1121   7.68844
29.48   69.6465   8.34545
29.5   83.2055   9.12171
29.52   101.049   10.0523
29.54   125.218   11.1901
29.56   159.344   12.6231
29.58   210.524   14.5094
29.6   292.801   17.1114
29.62   431.191   20.7651
29.64   661.566   25.7209
29.66   1016.24   31.8786
29.68   1462.87   38.2475
29.7   1759.17   41.9425
29.72   1597.52   39.969
29.74   1160.24   34.0624
29.76   764.649   27.6523
29.78   495.48   22.2594
29.8   330.897   18.1906
29.82   233.394   15.2773
29.84   173.924   13.188
29.86   135.182   11.6268
29.88   108.231   10.4034
29.9   88.5702   9.41117
29.92   73.758   8.58825
29.94   62.3289   7.89487
29.96   53.3355   7.30312
29.98   46.1385   6.79253
30   40.2936   6.34772
30.02   35.4847   5.95691
30.04   31.4824   5.61092
30.06   28.117   5.30254
30.08   25.2608   5.02601
30.1   22.8166   4.77668
30.12   20.7092   4.55074
30.14   18.8797   4.4
30.16   17.2814   4.4
30.18   15.8772   4.4
30.2   14.6368   4.4
30.22   13.5359   4.4
30.24   12.5544   4.4
30.26   11.6756   4.4
30.28   10.8857   4.4
30.3   10.1732   4.4
30.32   9.52828   4.4
30.34   8.94267   4.4
30.36   8.40934   4.4
30.38   7.92226   4.4
30.4   7.47623   4.4
30.42   7.06677   4.4
30.44   6.69001   4.4
30.46   6.34255   4.4
30.48   6.02144   4.4
30.5   5.72408   4.4
30.52   5.44819   4.4
30.54   5.19175   4.4
30.56   4.95298   4.4
30.58   4.7303   4.4
30.6   4.52228   4.4
30.62   4.32768   4.4
30.64   4.14537   4.4
30.66   3.97432   4.4
30.68   3.81364   4.4
30.7   3.66251   4.4
30.72   3.52017   4.4
30.74   3.38597   4.4
30.76   3.25929   4.4
30.78   3.13959   4.4
30.8   3.02636   4.4
30.82   2.91914   4.4
30.84   2.81751   4.4
30.86   2.7211   4.4
30.88   2.62955   4.4
30.9   2.54254   4.4
30.92   2.45978   4.4
30.94   2.38099   4.4
30.96   2.30593   4.4
30.98   2.23435   4.4
31   2.16606   4.4
31.02   2.10085   4.4
31.04   2.03854   4.4
31.06   1.97896   4.4
31.08   1.92196   4.4
31.1   1.86738   4.4
31.12   1.81509   4.4
31.14   1.76497   4.4
31.16   1.71689   4.4
31.18   0   4.4
31.2   0   4.4
31.22   0   4.4
31.24   0   4.4
31.26   0   4.4
31.28   0   4.4
31.3   0   4.4
31.32   0   4.4
31.34   0   4.4
31.36   0   4.4
31.38   0   4.4
31.4   0   4.4
31.42   0   4.4
31.44   0   4.4
31.46   0   4.4
31.48   0   4.4
31.5   0   4.4
31.52   0   4.4
31.54   0   4.4
31.56   0   4.4
31.58   0   4.4
31.6   0   4.4
31.62   0   4.4
31.64   0   4.4
31.66   0   4.4
31.68   0   4.4
31.7   0   4.4
31.72   0   4.4
31.74   0   4.4
31.76   0   4.4
31.78   0   4.4
31.8   0   4.4
31.82   0   4.4
31.84   0   4.4
31.86   0   4.4
31.88   0   4.4
31.9   0   4.4
31.92   0   4.4
31.94   0   4.4
31.96   0   4.4
31.98   0   4.4
32   0   4.4
32.02   0   4.4
32.04   0   4.4
32.06   0   4.4
32.08   0   4.4
32.1   0   4.4
32.12   0   4.4
32.14   0   4.4
32.16   0   4.4
32.18   0   4.4
32.2   0   4.4
32.22   0   4.4
32.24   0   4.4
32.26   0   4.4
32.28   0   4.4
32.3   0   4.4
32.32   0   4.4
32.34   0   4.4
32.36   0   4.4
32.38   0   4.4
32.4   0   4.4
32.42   0   4.4
32.44   0   4.4
32.46   0   4.4
32.48   0   4.4
32.5   0   4.4
32.52   0   4.4
32.54   0   4.4
32.56   0   4.4
32.58   0   4.4
32.6   0   4.4
32.62   0   4.4
32.64   0   4.4
32.66   0   4.4
32.68   0   4.4
32.7   0   4.4
32.72   0   4.4
32.74   0   4.4
32.76   0   4.4
32.78   0   4.4
32.8   0   4.4
32.82   0   4.4
32.84   0   4.4
32.86   0   4.4
32.88   0   4.4
32.9   0   4.4
32.92   0   4.4
32.94   0   4.4
32.96   0   4.4
32.98   0   4.4
33   0   4.4
33.02   0   4.4
33.04   0   4.4
33.06   0   4.4
33.08   0   4.4
33.1   0   4.4
33.12   0   4.4
33.14   0   4.4
33.16   0   4.4
33.18   0   4.4
33.2   0   4.4
33.22   0   4.4
33.24   0   4.4
33.26   0   4.4
33.28   0   4.4
33.3   0   4.4
33.32   0   4.4
33.34   0   4.4
33.36   0   4.4
33.38   0   4.4
33.4   0   4.4
33.42   0   4.4
33.44   0   4.4
33.46   0   4.4
33.48   0   4.4
33.5   0   4.4
33.52   0   4.4
33.54   0   4.4
33.56   0   4.4
33.58   0   4.4
33.6   0   4.4
33.62   0   4.4
33.64   0   4.4
33.66   0   4.4
33.68   0   4.4
33.7   0   4.4
33.72   0   4.4
33.74   0   4.4
33.76   0   4.4
33.78   0   4.4
33.8   0   4.4
33.82   0   4.4
33.84   0   4.4
33.86   0   4.4
33.88   0   4.4
33.9   0   4.4
33.92   0   4.4
33.94   0   4.4
33.96   0   4.4
33.98   0   4.4
34   0   4.4
34.02   0   4.4
34.04   2.51287   4.4
34.06   2.58258   4.4
34.08   2.65524   4.4
34.1   2.731   4.4
34.12   2.81005   4.4
34.14   2.89258   4.4
34.16   2.9788   4.4
34.18   3.06893   4.4
34.2   3.16322   4.4
34.22   3.26191   4.4
34.24   3.36529   4.4
34.26   3.47367   4.4
34.28   3.58736   4.4
34.3   3.70672   4.4
34.32   3.83214   4.4
34.34   3.96403   4.4
34.36   4.10284   4.4
34.38   4.24906   4.4
34.4   4.40324   4.4
34.42   4.56596   4.4
34.44   4.73787   4.4
34.46   4.91966   4.4
34.48   5.1121   4.4
34.5   5.31606   4.4
34.52   5.53246   4.4
34.54   5.76233   4.4
34.56   6.00682   4.4
34.58   6.26719   4.4
34.6   6.54485   4.4
34.62   6.84135   4.4
34.64   7.15845   4.4
34.66   7.49809   4.4
34.68   7.86246   4.4
34.7   8.25401   4.4
34.72   8.67551   4.4
34.74   9.1301   4.4
34.76   9.62132   4.4
34.78   10.1532   4.4
34.8   10.7304   4.4
34.82   11.3581   4.4
34.84   12.0425   4.4
34.86   12.7905   4.4
34.88   13.6102   4.4
34.9   14.5112   4.4
34.92   15.5045   4.4
34.94   16.6031   4.4
34.96   17.8224   4.4
34.98   19.1806   4.4
35   20.6998   4.5497
35.02   22.4061   4.73351
35.04   24.3316   4.93271
35.06   26.5153   5.14931
35.08   29.0053   5.38566
35.1   31.8614   5.64459
35.12   35.1584   5.92946
35.14   38.9916   6.24433
35.16   43.483   6.59416
35.18   48.7908   6.98504
35.2   55.1239   7.42454
35.22   62.7612   7.9222
35.24   72.0824   8.49014
35.26   83.6138   9.14406
35.28   98.1005   9.90457
35.3   116.625   10.7993
35.32   140.808   11.8663
35.34   173.215   13.1611
35.36   218.25   14.7733
35.38   284.302   16.8612
35.4   388.109   19.7005
35.42   560.956   23.6845
35.44   851.751   29.1848
35.46   1315.38   36.2681
35.48   1954.75   44.2125
35.5   2536.03   50.359
35.52   2537.62   50.3748
35.54   1957.68   44.2457
35.56   1317.79   36.3014
35.58   853.338   29.2119
35.6   561.912   23.7047
35.62   388.674   19.7148
35.64   284.65   16.8716
35.66   218.48   14.7811
35.68   173.377   13.1673
35.7   140.928   11.8713
35.72   116.757   10.8054
35.74   98.2137   9.91028
35.76   83.7134   9.1495
35.78   72.1724   8.49544
35.8   62.8443   7.92744
35.82   55.202   7.4298
35.84   48.8654   6.99038
35.86   43.5552   6.59963
35.88   39.0623   6.24998
35.9   35.2282   5.93534
35.92   31.9308   5.65073
35.94   29.0749   5.39211
35.96   26.5853   5.1561
35.98   24.4024   4.93988
36   22.478   4.7411
36.02   20.773   4.55774
36.04   19.2554   4.4
36.06   17.899   4.4
36.08   16.6817   4.4
36.1   15.5854   4.4
36.12   14.5946   4.4
36.14   13.6962   4.4
36.16   12.8794   4.4
36.18   12.1345   4.4
36.2   11.4535   4.4
36.22   10.8294   4.4
36.24   10.2561   4.4
36.26   9.72844   4.4
36.28   9.24172   4.4
36.3   8.79196   4.4
36.32   8.37565   4.4
36.34   7.98968   4.4
36.36   7.63132   4.4
36.38   7.29816   4.4
36.4   6.98806   4.4
36.42   6.69911   4.4
36.44   6.42964   4.4
36.46   6.17814   4.4
36.48   5.9433   4.4
36.5   5.72393   4.4
36.52   5.519   4.4
36.54   5.32759   4.4
36.56   5.14891   4.4
36.58   4.98226   4.4
36.6   4.82706   4.4
36.62   4.68284   4.4
36.64   4.5492   4.4
36.66   4.42587   4.4
36.68   4.31269   4.4
36.7   4.20962   4.4
36.72   4.11674   4.4
36.74   4.03431   4.4
36.76   3.96277   4.4
36.78   3.90278   4.4
36.8   3.85531   4.4
36.82   3.82169   4.4
36.84   3.80373   4.4
36.86   3.8039   4.4
36.88   3.82557   4.4
36.9   3.87334   4.4
36.92   3.95358   4.4
36.94   4.07525   4.4
36.96   4.25114   4.4
36.98   4.50002   4.4
37   2.40401   4.4
37.02   2.96517   4.4
37.04   3.74948   4.4
37.06   4.90919   4.4
37.08   6.74773   4.4
37.1   11.3081   4.4
37.12   16.5069   4.4
37.14   24.6756   4.96746
37.16   35.5928   5.96597
37.18   44.5865   6.67731
37.2   43.1111   6.5659
37.22   32.927   5.73821
37.24   22.6034   4.7543
37.26   15.3262   4.4
37.28   10.8324   4.4
37.3   8.19326   4.4
37.32   6.62735   4.4
37.34   5.64849   4.4
37.36   5.00037   4.4
37.38   4.55465   4.4
37.4   4.24327   4.4
37.42   4.02629   4.4
37.44   3.87833   4.4
37.46   3.78253   4.4
37.48   3.72735   4.4
37.5   3.70477   4.4
37.52   3.7091   4.4
37.54   3.73633   4.4
37.56   3.78361   4.4
37.58   3.84893   4.4
37.6   3.93094   4.4
37.62   4.02876   4.4
37.64   4.14195   4.4
37.66   4.27035   4.4
37.68   4.41412   4.4
37.7   4.57365   4.4
37.72   4.74957   4.4
37.74   4.94276   4.4
37.76   5.1543   4.4
37.78   5.38554   4.4
37.8   5.63809   4.4
37.82   5.91382   4.4
37.84   6.21496   4.4
37.86   6.54406   4.4
37.88   6.90414   4.4
37.9   7.29866   4.4
37.92   7.73168   4.4
37.94   8.20792   4.4
37.96   8.73291   4.4
37.98   9.31314   4.4
38   9.95625   4.4
38.02   10.6713   4.4
38.04   11.4691   4.4
38.06   12.3626   4.4
38.08   13.3673   4.4
38.1   14.5022   4.4
38.12   15.7903   4.4
38.14   17.2601   4.4
38.16   18.9471   4.4
38.18   20.8956   4.57117
38.2   23.1621   4.8127
38.22   25.8188   5.08122
38.24   28.9598   5.38143
38.26   32.7089   5.71917
38.28   37.2316   6.10177
38.3   42.7534   6.53861
38.32   49.5867   7.04178
38.34   58.1743   7.62721
38.36   69.1592   8.3162
38.38   83.5063   9.13818
38.4   102.741   10.1361
38.42   129.491   11.3794
38.44   168.763   12.9909
38.46   230.551   15.1839
38.48   333.495   18.2619
38.5   506.634   22.5085
38.52   782.299   27.9696
38.54   1161.15   34.0757
38.56   1501.74   38.7523
38.58   1495.9   38.6768
38.6   1150.4   33.9175
38.62   773.449   27.811
38.64   500.811   22.3788
38.66   329.938   18.1642
38.68   228.422   15.1136
38.7   167.427   12.9394
38.72   128.586   11.3396
38.74   102.085   10.1037
38.76   83.0057   9.11074
38.78   68.7624   8.29231
38.8   57.8498   7.60591
38.82   49.3138   7.02238
38.84   42.5179   6.52057
38.86   37.0236   6.0847
38.88   32.5212   5.70274
38.9   28.7873   5.36538
38.92   25.6574   5.06532
38.94   23.0088   4.79675
38.96   20.7481   4.55501
38.98   18.8034   4.4
39   17.1187   4.4
39.02   15.6498   4.4
39.04   14.3615   4.4
39.06   13.2255   4.4
39.08   12.2188   4.4
39.1   11.3224   4.4
39.12   10.5209   4.4
39.14   9.80143   4.4
39.16   9.15313   4.4
39.18   8.56695   4.4
39.2   8.03522   4.4
39.22   7.55141   4.4
39.24   7.10994   4.4
39.26   6.70602   4.4
39.28   6.33551   4.4
39.3   5.99483   4.4
39.32   5.68088   4.4
39.34   5.39092   4.4
39.36   5.12258   4.4
39.38   4.87376   4.4
39.4   4.64263   4.4
39.42   4.42753   4.4
39.44   4.22703   4.4
39.46   4.03983   4.4
39.48   3.86479   4.4
39.5   3.70087   4.4
39.52   3.54715   4.4
39.54   3.4028   4.4
39.56   3.26709   4.4
39.58   3.13933   4.4
39.6   3.01891   4.4
39.62   2.90528   4.4
39.64   2.79795   4.4
39.66   2.69645   4.4
39.68   2.60038   4.4
39.7   2.50934   4.4
39.72   2.423   4.4
39.74   2.34104   4.4
39.76   2.26317   4.4
39.78   2.34478   4.4
39.8   2.27866   4.4
39.82   2.21609   4.4
39.84   2.15684   4.4
39.86   2.10076   4.4
39.88   2.04766   4.4
39.9   1.9974   4.4
39.92   1.94984   4.4
39.94   1.90486   4.4
39.96   1.86233   4.4
39.98   1.82215   4.4
40   1.78424   4.4
40.02   1.7485   4.4
40.04   1.71486   4.4
40.06   0.238629   4.4
40.08   0.246957   4.4
40.1   0.255729   4.4
40.12   0.264976   4.4
40.14   0.274734   4.4
40.16   0.28504   4.4
40.18   0.295937   4.4
40.2   0.307471   4.4
40.22   0.319691   4.4
40.24   0.332654   4.4
40.26   0.346421   4.4
40.28   0.361061   4.4
40.3   0.376646   4.4
40.32   0.393263   4.4
40.34   0.411002   4.4
40.36   0.429968   4.4
40.38   0.450277   4.4
40.4   0.472057   4.4
40.42   0.952006   4.4
40.44   0.989993   4.4
40.46   1.03049   4.4
40.48   1.07375   4.4
40.5   1.12003   4.4
40.52   1.16964   4.4
40.54   1.22294   4.4
40.56   1.28033   4.4
40.58   1.34226   4.4
40.6   1.40927   4.4
40.62   1.48195   4.4
40.64   1.56102   4.4
40.66   1.64731   4.4
40.68   1.74178   4.4
40.7   1.84558   4.4
40.72   1.96007   4.4
40.74   2.08687   4.4
40.76   2.22795   4.4
40.78   2.38568   4.4
40.8   2.56296   4.4
40.82   2.7634   4.4
40.84   2.99148   4.4
40.86   3.25283   4.4
40.88   3.55468   4.4
40.9   3.90632   4.4
40.92   4.31992   4.4
40.94   4.81169   4.4
40.96   5.40351   4.4
40.98   6.12557   4.4
41   7.02035   4.4
41.02   8.14907   4.4
41.04   9.60281   4.4
41.06   11.5235   4.4
41.08   14.1502   4.4
41.1   17.93   4.4
41.12   23.753   4.8737
41.14   33.3194   5.77229
41.16   49.4025   7.02869
41.18   75.3962   8.6831
41.2   112.641   10.6132
41.22   150.93   12.2853
41.24   159.7   12.6372
41.26   129.043   11.3597
41.28   90.0111   9.48742
41.3   59.8328   7.73517
41.32   40.6378   6.37478
41.34   29.2869   5.41174
41.36   22.6479   4.75898
41.38   18.6198   4.4
41.4   16.0517   4.4
41.42   14.3688   4.4
41.44   13.2787   4.4
41.46   12.6205   4.4
41.48   12.2999   4.4
41.5   12.2624   4.4
41.52   12.4802   4.4
41.54   12.946   4.4
41.56   13.6707   4.4
41.58   14.683   4.4
41.6   16.0331   4.4
41.62   17.7987   4.4
41.64   20.0953   4.48278
41.66   23.0954   4.80577
41.68   27.0594   5.20187
41.7   32.3974   5.69187
41.72   39.8037   6.30901
41.74   50.5785   7.11186
41.76   67.3162   8.20464
41.78   94.9777   9.74565
41.8   141.671   11.9026
41.82   217.35   14.7428
41.84   326.054   18.057
41.86   438.278   20.9351
41.88   464.639   21.5555
41.9   374.941   19.3634
41.92   257.838   16.0573
41.94   168.492   12.9805
41.96   111.364   10.5529
41.98   77.2679   8.79022
42   56.9873   7.549
42.02   44.3214   6.65743
42.04   35.8602   5.98834
42.06   29.8898   5.46716
42.08   25.5259   5.05231
42.1   22.266   4.71869
42.12   19.7978   4.44947
42.14   17.9162   4.4
42.16   16.4821   4.4
42.18   15.3999   4.4
42.2   14.6028   4.4
42.22   14.0444   4.4
42.24   13.6931   4.4
42.26   13.5285   4.4
42.28   13.8076   4.4
42.3   13.998   4.4
42.32   14.3647   4.4
42.34   14.9191   4.4
42.36   15.6811   4.4
42.38   16.6808   4.4
42.4   17.9607   4.4
42.42   19.5805   4.42498
42.44   21.6231   4.65007
42.46   24.2045   4.91981
42.48   27.4889   5.24299
42.5   31.7131   5.63144
42.52   37.2271   6.1014
42.54   44.5687   6.67598
42.56   54.6194   7.3905
42.58   68.9734   8.30502
42.6   90.7723   9.52745
42.62   126.187   11.2333
42.64   185.957   13.6366
42.66   284.869   16.878
42.68   434.521   20.8452
42.7   614.098   24.781
42.72   712.33   26.6895
42.74   623.038   24.9607
42.76   443.976   21.0707
42.78   291.443   17.0717
42.8   189.804   13.7769
42.82   128.162   11.3209
42.84   91.6153   9.57159
42.86   69.1504   8.31567
42.88   54.3738   7.37386
42.9   44.0181   6.63461
42.92   36.429   6.03565
42.94   30.6966   5.54045
42.96   26.2677   5.12521
42.98   22.7823   4.77309
43   19.9965   4.47174
43.02   17.7402   4.4
43.04   15.8924   4.4
43.06   14.3651   4.4
43.08   13.0933   4.4
43.1   12.0282   4.4
43.12   11.133   4.4
43.14   10.3794   4.4
43.16   9.74553   4.4
43.18   9.21465   4.4
43.2   8.77381   4.4
43.22   8.4132   4.4
43.24   8.12556   4.4
43.26   7.90585   4.4
43.28   7.75099   4.4
43.3   7.65977   4.4
43.32   7.63284   4.4
43.34   7.42518   4.4
43.36   7.34752   4.4
43.38   7.5503   4.4
43.4   7.84299   4.4
43.42   8.24089   4.4
43.44   8.76512   4.4
43.46   9.4448   4.4
43.48   10.3204   4.4
43.5   11.4487   4.4
43.52   12.9112   4.4
43.54   14.827   4.4
43.56   17.376   4.4
43.58   20.845   4.56563
43.6   25.7334   5.07281
43.62   33.0009   5.74464
43.64   44.5612   6.67542
43.66   63.9421   7.99638
43.68   96.5182   9.82437
43.7   147.981   12.1648
43.72   217.193   14.7375
43.74   275.059   16.5849
43.76   266.73   16.3319
43.78   201.773   14.2047
43.8   135.147   11.6253
43.82   87.8763   9.37424
43.84   58.4724   7.64673
43.86   41.011   6.40398
43.88   30.4653   5.51954
43.9   23.6945   4.8677
43.92   19.0384   4.4
43.94   15.665   4.4
43.96   13.1332   4.4
43.98   11.1836   4.4
44   9.65076   4.4
44.02   8.42412   4.4
44.04   7.42715   4.4
44.06   6.6057   4.4
44.08   5.9206   4.4
44.1   5.34301   4.4
44.12   4.8513   4.4
44.14   4.42901   4.4
44.16   4.06347   4.4
44.18   3.05673   4.4
44.2   2.79546   4.4
44.22   2.5662   4.4
44.24   2.36394   4.4
44.26   2.18461   4.4
44.28   2.02488   4.4
44.3   1.882   4.4
44.32   1.7537   4.4
44.34   1.63805   4.4
44.36   1.53345   4.4
44.38   1.43854   4.4
44.4   1.35216   4.4
44.42   1.27332   4.4
44.44   1.20117   4.4
44.46   1.13497   4.4
44.48   1.07409   4.4
44.5   1.01798   4.4
44.52   0.966139   4.4
44.54   0.918158   4.4
44.56   0.873659   4.4
44.58   0.832316   4.4
44.6   0.793835   4.4
44.62   0.757961   4.4
44.64   0.724462   4.4
44.66   0.693133   4.4
44.68   0.663792   4.4
44.7   0.636273   4.4
44.72   0.610429   4.4
44.74   0.586128   4.4
44.76   0.563247   4.4
44.78   0.54168   4.4
44.8   0.521328   4.4
44.82   0.5021   4.4
44.84   0.483917   4.4
44.86   0.466703   4.4
44.88   0.45039   4.4
44.9   0.434918   4.4
44.92   0.420229   4.4
44.94   0.406271   4.4
44.96   0.392997   4.4
44.98   0.380363   4.4
45   0.368328   4.4
45.02   0.356855   4.4
45.04   0.34591   4.4
45.06   0.33546   4.4
45.08   0.325477   4.4
45.1   0.315932   4.4
45.12   0.306801   4.4
45.14   0.29806   4.4
45.16   0.289688   4.4
45.18   0.281663   4.4
45.2   0.273967   4.4
45.22   0.266581   4.4
45.24   0   4.4
45.26   0   4.4
45.28   0   4.4
45.3   0   4.4
45.32   0   4.4
45.34   0   4.4
45.36   0   4.4
45.38   0   4.4
45.4   0   4.4
45.42   0   4.4
45.44   0   4.4
45.46   0   4.4
45.48   0.203614   4.4
45.5   0.209257   4.4
45.52   0.215137   4.4
45.54   0.221269   4.4
45.56   0.227667   4.4
45.58   0.234347   4.4
45.6   0.241324   4.4
45.62   0.248618   4.4
45.64   0.256247   4.4
45.66   0.264232   4.4
45.68   0.272597   4.4
45.7   0.281365   4.4
45.72   0.290562   4.4
45.74   0.300218   4.4
45.76   0.310363   4.4
45.78   0.321031   4.4
45.8   0.332258   4.4
45.82   0.344084   4.4
45.84   0.356552   4.4
45.86   0.36971   4.4
45.88   0.38361   4.4
45.9   0.398308   4.4
45.92   0.413866   4.4
45.94   0.430353   4.4
45.96   0.447844   4.4
45.98   0.466423   4.4
46   0.486182   4.4
46.02   0.507222   4.4
46.04   0.529656   4.4
46.06   0.553611   4.4
46.08   0.579226   4.4
46.1   0.606659   4.4
46.12   0.636086   4.4
46.14   0.667704   4.4
46.16   0.701736   4.4
46.18   0.738435   4.4
46.2   0.778084   4.4
46.22   0.82101   4.4
46.24   0.867582   4.4
46.26   0.918225   4.4
46.28   0.973427   4.4
46.3   1.03375   4.4
46.32   1.09985   4.4
46.34   1.17248   4.4
46.36   1.25253   4.4
46.38   1.34104   4.4
46.4   1.43925   4.4
46.42   1.54863   4.4
46.44   1.67092   4.4
46.46   1.80824   4.4
46.48   1.96314   4.4
46.5   2.13874   4.4
46.52   2.33889   4.4
46.54   2.56836   4.4
46.56   2.83312   4.4
46.58   3.14077   4.4
46.6   3.50101   4.4
46.62   3.92647   4.4
46.64   4.43371   4.4
46.66   5.0449   4.4
46.68   5.79015   4.4
46.7   6.7111   4.4
46.72   7.86666   4.4
46.74   9.34216   4.4
46.76   11.2652   4.4
46.78   13.8364   4.4
46.8   17.3979   4.4
46.82   22.5968   4.75361
46.84   30.7245   5.54297
46.86   44.2163   6.64953
46.88   66.9454   8.18201
46.9   103.418   10.1695
46.92   154.54   12.4314
46.94   203.483   14.2648
46.96   208.137   14.427
46.98   163.117   12.7717
47   110.48   10.5109
47.02   71.5888   8.46102
47.04   47.0146   6.85672
47.06   32.3807   5.6904
47.08   23.6177   4.8598
47.1   18.0726   4.4
47.12   14.3112   4.4
47.14   11.6143   4.4
47.16   9.60652   4.4
47.18   8.07146   4.4
47.2   7.00266   4.4
47.22   6.05339   4.4
47.24   5.28779   4.4
47.26   4.66198   4.4
47.28   4.14435   4.4
47.3   3.71171   4.4
47.32   3.34674   4.4
47.34   3.03631   4.4
47.36   2.77032   4.4
47.38   2.54092   4.4
47.4   2.34192   4.4
47.42   2.25906   4.4
47.44   2.10961   4.4
47.46   1.97859   4.4
47.48   1.86339   4.4
47.5   1.76187   4.4
47.52   1.67225   4.4
47.54   1.59306   4.4
47.56   1.52307   4.4
47.58   1.46125   4.4
47.6   1.40673   4.4
47.62   1.35879   4.4
47.64   1.3168   4.4
47.66   1.28024   4.4
47.68   1.24869   4.4
47.7   1.22177   4.4
47.72   1.19919   4.4
47.74   1.18068   4.4
47.76   1.16607   4.4
47.78   1.15518   4.4
47.8   1.14791   4.4
47.82   1.14418   4.4
47.84   1.14395   4.4
47.86   1.14722   4.4
47.88   1.15402   4.4
47.9   1.16443   4.4
47.92   1.17855   4.4
47.94   1.19654   4.4
47.96   1.21859   4.4
47.98   1.24495   4.4
48   1.27591   4.4
48.02   1.31183   4.4
48.04   1.35317   4.4
48.06   1.40043   4.4
48.08   1.45423   4.4
48.1   1.51532   4.4
48.12   1.58457   4.4
48.14   1.66304   4.4
48.16   1.75199   4.4
48.18   1.85294   4.4
48.2   1.96773   4.4
48.22   2.0986   4.4
48.24   2.24832   4.4
48.26   2.4203   4.4
48.28   2.6188   4.4
48.3   2.84919   4.4
48.32   3.11833   4.4
48.34   3.43508   4.4
48.36   3.81101   4.4
48.38   4.26154   4.4
48.4   4.80746   4.4
48.42   5.47745   4.4
48.44   6.11283   4.4
48.46   7.17511   4.4
48.48   8.54662   4.4
48.5   10.3636   4.4
48.52   12.859   4.4
48.54   16.4733   4.4
48.56   22.0818   4.69913
48.58   31.3157   5.59604
48.6   46.7199   6.8352
48.62   71.1492   8.435
48.64   104.759   10.2352
48.66   135.434   11.6376
48.68   136.28   11.6739
48.7   107.493   10.3679
48.72   76.22   8.73041
48.74   54.9109   7.41019
48.76   44.14   6.64379
48.78   42.3651   6.50885
48.8   48.9171   6.99408
48.82   63.8609   7.9913
48.84   84.6884   9.20263
48.86   98.4717   9.92329
48.88   88.9615   9.43194
48.9   65.3511   8.084
48.92   44.0587   6.63768
48.94   29.473   5.42891
48.96   20.4344   4.52045
48.98   14.9705   4.4
49   11.5522   4.4
49.02   9.26496   4.4
49.04   7.63298   4.4
49.06   6.41385   4.4
49.08   5.47436   4.4
49.1   4.73339   4.4
49.12   4.13784   4.4
49.14   3.6514   4.4
49.16   3.24852   4.4
49.18   2.91075   4.4
49.2   2.62453   4.4
49.22   2.37968   4.4
49.24   2.16846   4.4
49.26   1.98486   4.4
49.28   1.82418   4.4
49.3   1.68269   4.4
49.32   1.5574   4.4
49.34   1.44588   4.4
49.36   1.34616   4.4
49.38   1.25661   4.4
49.4   1.17586   4.4
49.42   1.10278   4.4
49.44   1.03642   4.4
49.46   0.975968   4.4
49.48   0.92073   4.4
49.5   0.870118   4.4
49.52   0.823622   4.4
49.54   0.780804   4.4
49.56   0.741281   4.4
49.58   0.704719   4.4
49.6   0.670828   4.4
49.62   0.63935   4.4
49.64   0.61006   4.4
49.66   0.582757   4.4
49.68   0.557264   4.4
49.7   0.533423   4.4
49.72   0.511094   4.4
49.74   0.490149   4.4
49.76   0.470477   4.4
49.78   0.451975   4.4
49.8   0.434551   4.4
49.82   0.418124   4.4
49.84   0.402617   4.4
49.86   0.387963   4.4
49.88   0.374099   4.4
49.9   0.360971   4.4
49.92   0.348526   4.4
49.94   0.336717   4.4
49.96   0.325502   4.4
49.98   0.314841   4.4
50   0.304699   4.4
50.02   0.295041   4.4
50.04   0.285837   4.4
50.06   0.27706   4.4
50.08   0.268683   4.4
50.1   0.260682   4.4
50.12   0.253034   4.4
50.14   0.24572   4.4
50.16   0.112335   4.4
50.18   0.108953   4.4
50.2   0.105721   4.4
50.22   0.102631   4.4
50.24   0.0996744   4.4
50.26   0.0968437   4.4
50.28   0.0941318   4.4
50.3   0.0915322   4.4
50.32   0.0890388   4.4
50.34   0   4.4
50.36   0   4.4
50.38   0   4.4
50.4   0   4.4
50.42   0   4.4
50.44   0   4.4
50.46   0   4.4
50.48   0   4.4
50.5   0   4.4
50.52   0   4.4
50.54   0   4.4
50.56   0   4.4
50.58   0   4.4
50.6   0   4.4
50.62   0   4.4
50.64   0   4.4
50.66   0   4.4
50.68   0   4.4
50.7   0   4.4
50.72   0   4.4
50.74   0   4.4
50.76   0   4.4
50.78   0   4.4
50.8   0   4.4
50.82   0   4.4
50.84   0   4.4
50.86   0   4.4
50.88   0   4.4
50.9   0   4.4
50.92   0   4.4
50.94   0   4.4
50.96   0   4.4
50.98   0   4.4
51   0   4.4
51.02   0   4.4
51.04   0   4.4
51.06   0   4.4
51.08   0   4.4
51.1   0   4.4
51.12   0   4.4
51.14   0   4.4
51.16   0   4.4
51.18   0   4.4
51.2   0   4.4
51.22   0   4.4
51.24   0   4.4
51.26   0   4.4
51.28   0   4.4
51.3   0   4.4
51.32   0   4.4
51.34   0   4.4
51.36   0   4.4
51.38   0   4.4
51.4   0   4.4
51.42   0   4.4
51.44   0   4.4
51.46   0   4.4
51.48   0   4.4
51.5   0   4.4
51.52   0   4.4
51.54   0   4.4
51.56   0   4.4
51.58   0   4.4
51.6   0   4.4
51.62   0   4.4
51.64   0   4.4
51.66   0   4.4
51.68   0   4.4
51.7   0   4.4
51.72   0   4.4
51.74   0   4.4
51.76   0   4.4
51.78   0   4.4
51.8   0   4.4
51.82   0   4.4
51.84   0   4.4
51.86   0   4.4
51.88   0   4.4
51.9   0   4.4
51.92   0   4.4
51.94   0   4.4
51.96   0.0445032   4.4
51.98   0.563493   4.4
52   0.579397   4.4
52.02   0.595983   4.4
52.04   0.613292   4.4
52.06   0.631365   4.4
52.08   0.650249   4.4
52.1   0.669993   4.4
52.12   0.690649   4.4
52.14   0.712275   4.4
52.16   0.734932   4.4
52.18   0.758687   4.4
52.2   0.783612   4.4
52.22   0.809785   4.4
52.24   0.837291   4.4
52.26   0.866221   4.4
52.28   0.896676   4.4
52.3   0.928765   4.4
52.32   0.962607   4.4
52.34   0.998331   4.4
52.36   1.03608   4.4
52.38   1.07601   4.4
52.4   1.11829   4.4
52.42   1.16311   4.4
52.44   1.21068   4.4
52.46   1.26122   4.4
52.48   1.315   4.4
52.5   1.37228   4.4
52.52   1.43339   4.4
52.54   1.49867   4.4
52.56   1.5685   4.4
52.58   1.64333   4.4
52.6   1.72363   4.4
52.62   1.80996   4.4
52.64   1.90293   4.4
52.66   2.00324   4.4
52.68   2.11169   4.4
52.7   2.22917   4.4
52.72   2.35672   4.4
52.74   2.49552   4.4
52.76   2.64692   4.4
52.78   2.81251   4.4
52.8   2.99409   4.4
52.82   3.19381   4.4
52.84   3.41414   4.4
52.86   3.65803   4.4
52.88   3.92893   4.4
52.9   4.23098   4.4
52.92   4.56913   4.4
52.94   4.94934   4.4
52.96   5.37886   4.4
52.98   5.86657   4.4
53   6.42341   4.4
53.02   7.06303   4.4
53.04   7.80257   4.4
53.06   8.66385   4.4
53.08   9.67492   4.4
53.1   10.8723   4.4
53.12   12.3044   4.4
53.14   14.0359   4.4
53.16   16.1554   4.4
53.18   18.7863   4.4
53.2   22.1043   4.70152
53.22   26.3658   5.13476
53.24   31.9595   5.65327
53.26   39.5091   6.28562
53.28   50.1129   7.07905
53.3   65.9014   8.11797
53.32   91.1072   9.54501
53.34   133.396   11.5497
53.36   204.086   14.2859
53.38   314.254   17.7272
53.4   457.552   21.3905
53.42   564.527   23.7598
53.44   528.378   22.9865
53.46   390.479   19.7605
53.48   258.803   16.0874
53.5   167.564   12.9446
53.52   111.367   10.5531
53.54   78.0648   8.83543
53.56   57.8637   7.60682
53.58   44.8033   6.69353
53.6   35.774   5.98113
53.62   29.2145   5.40505
53.64   24.2873   4.92821
53.66   20.4941   4.52704
53.68   17.5151   4.4
53.7   15.1352   4.4
53.72   13.2052   4.4
53.74   11.6195   4.4
53.76   10.3012   4.4
53.78   9.19382   4.4
53.8   8.25492   4.4
53.82   7.45214   4.4
53.84   6.76049   4.4
53.86   6.16046   4.4
53.88   5.63662   4.4
53.9   5.17663   4.4
53.92   4.77055   4.4
53.94   4.41031   4.4
53.96   4.08927   4.4
53.98   3.80197   4.4
54   3.54384   4.4
54.02   3.31108   4.4
54.04   3.10047   4.4
54.06   3.15537   4.4
54.08   3.33157   4.4
54.1   3.18948   4.4
54.12   3.06154   4.4
54.14   2.94633   4.4
54.16   2.84262   4.4
54.18   2.74935   4.4
54.2   2.6656   4.4
54.22   2.59057   4.4
54.24   2.52358   4.4
54.26   2.46403   4.4
54.28   2.41141   4.4
54.3   2.36528   4.4
54.32   2.32525   4.4
54.34   2.29101   4.4
54.36   2.26228   4.4
54.38   2.23884   4.4
54.4   2.22051   4.4
54.42   2.20714   4.4
54.44   2.19862   4.4
54.46   2.1949   4.4
54.48   2.19594   4.4
54.5   2.20173   4.4
54.52   2.21231   4.4
54.54   2.22776   4.4
54.56   2.24817   4.4
54.58   2.2737   4.4
54.6   2.30451   4.4
54.62   2.34084   4.4
54.64   2.38296   4.4
54.66   2.43119   4.4
54.68   2.4859   4.4
54.7   2.54754   4.4
54.72   2.6166   4.4
54.74   2.69369   4.4
54.76   2.77947   4.4
54.78   2.87473   4.4
54.8   2.98037   4.4
54.82   3.09743   4.4
54.84   3.22711   4.4
54.86   3.3708   4.4
54.88   3.53013   4.4
54.9   3.16549   4.4
54.92   3.37644   4.4
54.94   3.60916   4.4
54.96   3.86672   4.4
54.98   4.15279   4.4
55   4.47172   4.4
55.02   4.82872   4.4
55.04   5.23009   4.4
55.06   5.68344   4.4
55.08   6.19814   4.4
55.1   6.78571   4.4
55.12   7.4605   4.4
55.14   8.24056   4.4
55.16   9.14885   4.4
55.18   10.2149   4.4
55.2   11.477   4.4
55.22   12.9861   4.4
55.24   14.8101   4.4
55.26   17.0421   4.4
55.28   20.3358   4.50953
55.3   23.8416   4.88279
55.32   28.3385   5.32339
55.34   34.2332   5.85091
55.36   42.1771   6.49439
55.38   53.3143   7.30166
55.4   69.8591   8.35818
55.42   96.2146   9.80891
55.44   140.387   11.8485
55.46   214.278   14.6383
55.48   329.758   18.1592
55.5   481.099   21.934
55.52   597.164   24.4369
55.54   563.43   23.7367
55.56   418.622   20.4603
55.58   278.216   16.6798
55.6   180.438   13.4327
55.62   120.103   10.9592
55.64   84.3555   9.18453
55.66   62.715   7.91928
55.68   48.766   6.98327
55.7   39.1521   6.25716
55.72   32.189   5.67354
55.74   26.9757   5.19382
55.76   22.9778   4.79351
55.78   19.8528   4.45564
55.8   17.3706   4.4
55.82   15.3723   4.4
55.84   13.745   4.4
55.86   12.4072   4.4
55.88   11.2989   4.4
55.9   10.3752   4.4
55.92   9.60218   4.4
55.94   8.95371   4.4
55.96   8.40965   4.4
55.98   7.95431   4.4
56   7.5754   4.4
56.02   7.26331   4.4
56.04   7.01055   4.4
56.06   6.81132   4.4
56.08   6.66129   4.4
56.1   6.55734   4.4
56.12   6.58514   4.4
56.14   6.57065   4.4
56.16   6.5991   4.4
56.18   6.67131   4.4
56.2   6.78911   4.4
56.22   6.95535   4.4
56.24   7.17416   4.4
56.26   7.45105   4.4
56.28   7.79328   4.4
56.3   8.21023   4.4
56.32   8.714   4.4
56.34   9.32012   4.4
56.36   10.0487   4.4
56.38   10.926   4.4
56.4   11.9863   4.4
56.42   13.2756   4.4
56.44   14.8555   4.4
56.46   16.811   4.4
56.48   19.2607   4.4
56.5   22.374   4.73012
56.52   26.3998   5.13807
56.54   31.7166   5.63175
56.56   38.9381   6.24004
56.58   49.158   7.01127
56.6   64.5142   8.03207
56.62   89.2356   9.44646
56.64   130.845   11.4388
56.66   200.108   14.1459
56.68   306.653   17.5115
56.7   440.483   20.9877
56.72   528.471   22.9885
56.74   479.104   21.8885
56.76   347.933   18.653
56.78   229.606   15.1528
56.8   149.171   12.2135
56.82   100.005   10.0002
56.84   70.8764   8.41881
56.86   53.1046   7.28729
56.88   41.5243   6.44393
56.9   33.4687   5.78522
56.92   27.5949   5.25309
56.94   23.1741   4.81395
56.96   19.7686   4.44619
56.98   17.0956   4.4
57   14.3905   4.4
57.02   12.684   4.4
57.04   11.2924   4.4
57.06   10.1479   4.4
57.08   9.20082   4.4
57.1   8.41404   4.4
57.12   7.75991   4.4
57.14   7.21771   4.4
57.16   6.77204   4.4
57.18   6.41174   4.4
57.2   6.12923   4.4
57.22   5.9201   4.4
57.24   5.78304   4.4
57.26   5.72   4.4
57.28   5.73675   4.4
57.3   5.84387   4.4
57.32   6.05852   4.4
57.34   6.40726   4.4
57.36   6.931   4.4
57.38   7.69405   4.4
57.4   8.80307   4.4
57.42   10.4521   4.4
57.44   13.0246   4.4
57.46   17.2762   4.4
57.48   24.5279   4.95256
57.5   36.611   6.0507
57.52   54.9984   7.41609
57.54   77.2662   8.79012
57.56   89.8533   9.4791
57.58   79.1329   8.89567
57.6   56.8482   7.53978
57.62   37.6969   6.13978
57.64   24.881   4.98809
57.66   17.0806   4.4
57.68   12.4384   4.4
57.7   9.57185   4.4
57.72   7.67529   4.4
57.74   6.33633   4.4
57.76   5.34629   4.4
57.78   4.59053   4.4
57.8   3.99944   4.4
57.82   3.52771   4.4
57.84   3.14459   4.4
57.86   2.82863   4.4
57.88   2.5645   4.4
57.9   2.34105   4.4
57.92   2.14996   4.4
57.94   1.98497   4.4
57.96   1.84129   4.4
57.98   1.71518   4.4
58   1.60371   4.4
58.02   1.50455   4.4
58.04   1.41582   4.4
58.06   1.336   4.4
58.08   1.26384   4.4
58.1   1.19832   4.4
58.12   1.13857   4.4
58.14   1.08389   4.4
58.16   1.03366   4.4
58.18   0.842219   4.4
58.2   0.443921   4.4
58.22   0.417537   4.4
58.24   0.393433   4.4
58.26   0.371355   4.4
58.28   1.05991   4.4
58.3   1.06135   4.4
58.32   1.06509   4.4
58.34   1.07106   4.4
58.36   1.07917   4.4
58.38   1.08937   4.4
58.4   1.10163   4.4
58.42   1.11592   4.4
58.44   1.13224   4.4
58.46   1.15059   4.4
58.48   1.17101   4.4
58.5   1.19352   4.4
58.52   1.21818   4.4
58.54   1.24504   4.4
58.56   1.2742   4.4
58.58   1.30574   4.4
58.6   1.33976   4.4
58.62   1.37639   4.4
58.64   1.41576   4.4
58.66   1.45804   4.4
58.68   1.5034   4.4
58.7   1.55205   4.4
58.72   1.6042   4.4
58.74   1.6601   4.4
58.76   1.72003   4.4
58.78   2.15633   4.4
58.8   2.23582   4.4
58.82   2.32085   4.4
58.84   2.41188   4.4
58.86   2.50942   4.4
58.88   2.61406   4.4
58.9   2.72646   4.4
58.92   2.84733   4.4
58.94   2.97753   4.4
58.96   3.11798   4.4
58.98   3.26976   4.4
59   3.43407   4.4
59.02   3.52674   4.4
59.04   3.72278   4.4
59.06   3.93609   4.4
59.08   4.16876   4.4
59.1   4.42327   4.4
59.12   4.70247   4.4
59.14   5.00971   4.4
59.16   5.34895   4.4
59.18   5.72485   4.4
59.2   6.14298   4.4
59.22   6.60999   4.4
59.24   7.13394   4.4
59.26   7.7246   4.4
59.28   8.39394   4.4
59.3   9.15677   4.4
59.32   10.0316   4.4
59.34   11.0416   4.4
59.36   12.2165   4.4
59.38   13.5945   4.4
59.4   15.2256   4.4
59.42   17.1762   4.4
59.44   19.5357   4.41992
59.46   22.4267   4.73569
59.48   26.0213   5.10111
59.5   30.566   5.52866
59.52   36.4245   6.03527
59.54   44.1552   6.64494
59.56   54.6777   7.39443
59.58   69.665   8.34656
59.6   92.4233   9.6137
59.62   129.414   11.376
59.64   191.742   13.8471
59.66   294.364   17.157
59.68   448.021   21.1665
59.7   627.412   25.0482
59.72   714.754   26.7349
59.74   614.143   24.7819
59.76   434.338   20.8408
59.78   285.369   16.8929
59.8   187.23   13.6832
59.82   128.139   11.3199
59.84   93.3244   9.66045
59.86   72.1081   8.49165
59.88   58.3809   7.64074
59.9   49.0499   7.00356
59.92   42.5643   6.52413
59.94   38.0908   6.17178
59.96   35.1535   5.92904
59.98   33.4871   5.78681
60   32.9752   5.7424
60.02   33.6304   5.79917
60.04   35.607   5.96716
60.06   39.2618   6.26593
60.08   45.3247   6.73236
60.1   55.3026   7.43657
60.12   72.2297   8.4988
60.14   101.507   10.0751
60.16   150.8   12.28
60.18   226.736   15.0577
60.2   321.157   17.9209
60.22   380.213   19.499
60.24   341.321   18.4749
60.26   247.396   15.7288
60.28   164.11   12.8105
60.3   107.753   10.3804
60.32   73.2974   8.56139
60.34   52.7956   7.26606
60.36   40.1864   6.33928
60.38   31.8884   5.64698
60.4   26.057   5.1046
60.42   21.7612   4.66489
60.44   18.4932   4.4
60.46   15.9463   4.4
60.48   13.9215   4.4
60.5   12.2842   4.4
60.52   10.9402   4.4
60.54   9.82262   4.4
60.56   8.88254   4.4
60.58   8.08369   4.4
60.6   7.39869   4.4
60.62   6.80658   4.4
60.64   6.29108   4.4
60.66   5.8394   4.4
60.68   5.44135   4.4
60.7   5.08879   4.4
60.72   4.77509   4.4
60.74   4.49485   4.4
60.76   4.24363   4.4
60.78   4.01773   4.4
60.8   3.81409   4.4
60.82   3.63014   4.4
60.84   3.4637   4.4
60.86   3.31295   4.4
60.88   3.17635   4.4
60.9   3.0526   4.4
60.92   2.94059   4.4
60.94   2.8394   4.4
60.96   2.74825   4.4
60.98   2.66652   4.4
61   2.59368   4.4
61.02   2.52935   4.4
61.04   2.47324   4.4
61.06   2.42517   4.4
61.08   2.38506   4.4
61.1   2.35295   4.4
61.12   2.32901   4.4
61.14   2.31351   4.4
61.16   2.30691   4.4
61.18   1.62183   4.4
61.2   1.65349   4.4
61.22   1.69581   4.4
61.24   1.75021   4.4
61.26   1.81851   4.4
61.28   1.90301   4.4
61.3   2.00668   4.4
61.32   2.13334   4.4
61.34   2.28796   4.4
61.36   2.47711   4.4
61.38   2.70951   4.4
61.4   2.99699   4.4
61.42   3.35585   4.4
61.44   3.80897   4.4
61.46   4.38921   4.4
61.48   5.14511   4.4
61.5   6.15137   4.4
61.52   7.53117   4.4
61.54   9.50906   4.4
61.56   12.5292   4.4
61.58   17.4589   4.4
61.6   25.7856   5.07795
61.62   39.5045   6.28526
61.64   60.023   7.74745
61.66   83.8579   9.1574
61.68   95.0416   9.74893
61.7   81.1113   9.00618
61.72   57.1093   7.55707
61.74   37.3008   6.10744
61.76   24.2512   4.92455
61.78   16.3716   4.4
61.8   11.696   4.4
61.82   8.80785   4.4
61.84   6.89695   4.4
61.86   5.55141   4.4
61.88   4.56182   4.4
61.9   3.81197   4.4
61.92   3.23071   4.4
61.94   2.77154   4.4
61.96   2.40283   4.4
61.98   2.10249   4.4
62   1.85473   4.4
62.02   1.64803   4.4
62.04   1.47386   4.4
62.06   1.32577   4.4
62.08   1.19882   4.4
62.1   1.08919   4.4
62.12   0.993881   4.4
62.14   0.91051   4.4
62.16   0.837171   4.4
62.18   0.772321   4.4
62.2   0.714703   4.4
62.22   0.663284   4.4
62.24   0.617207   4.4
62.26   0.575758   4.4
62.28   0.53834   4.4
62.3   0.658975   4.4
62.32   0.849721   4.4
62.34   0.832269   4.4
62.36   0.81769   4.4
62.38   0.805742   4.4
62.4   0.79622   4.4
62.42   0.788951   4.4
62.44   0.783793   4.4
62.46   0.780627   4.4
62.48   0.779354   4.4
62.5   0.779897   4.4
62.52   0.782195   4.4
62.54   0.786203   4.4
62.56   0.79189   4.4
62.58   0.799238   4.4
62.6   0.808243   4.4
62.62   0.818913   4.4
62.64   0.831266   4.4
62.66   0.845335   4.4
62.68   0.861164   4.4
62.7   0.878807   4.4
62.72   0.898335   4.4
62.74   0.919828   4.4
62.76   0.943384   4.4
62.78   0.969115   4.4
62.8   0.997149   4.4
62.82   1.02763   4.4
62.84   1.06073   4.4
62.86   1.09664   4.4
62.88   1.13557   4.4
62.9   1.17777   4.4
62.92   1.2235   4.4
62.94   1.27309   4.4
62.96   1.32687   4.4
62.98   1.38527   4.4
63   1.44872   4.4
63.02   1.51775   4.4
63.04   1.59295   4.4
63.06   1.67501   4.4
63.08   1.76469   4.4
63.1   1.8629   4.4
63.12   1.97068   4.4
63.14   1.99761   4.4
63.16   2.13082   4.4
63.18   2.27778   4.4
63.2   2.44044   4.4
63.22   2.62111   4.4
63.24   2.82255   4.4
63.26   3.04806   4.4
63.28   3.30161   4.4
63.3   3.58803   4.4
63.32   3.91324   4.4
63.34   4.28452   4.4
63.36   4.71098   4.4
63.38   5.20403   4.4
63.4   5.78347   4.4
63.42   6.4576   4.4
63.44   7.25589   4.4
63.46   8.21051   4.4
63.48   9.36462   4.4
63.5   10.7772   4.4
63.52   12.5303   4.4
63.54   14.7409   4.4
63.56   17.5796   4.4
63.58   21.305   4.61573
63.6   26.3316   5.13144
63.62   33.3892   5.77834
63.64   43.8918   6.62509
63.66   60.6498   7.7878
63.68   88.7578   9.42114
63.7   135.752   11.6513
63.72   209.047   14.4584
63.74   304.577   17.4521
63.76   376.469   19.4028
63.78   353.288   18.796
63.8   261.55   16.1725
63.82   173.468   13.1707
63.84   112.318   10.598
63.86   74.6239   8.63851
63.88   52.2836   7.23074
63.9   38.7382   6.22401
63.92   29.9872   5.47605
63.94   23.9408   4.89294
63.96   19.5504   4.42158
63.98   16.2535   4.4
64   13.7162   4.4
64.02   11.724   4.4
64.04   10.1329   4.4
64.06   8.84302   4.4
64.08   7.78347   4.4
64.1   6.90296   4.4
64.12   6.16363   4.4
64.14   5.53707   4.4
64.16   5.00163   4.4
64.18   4.54063   4.4
64.2   4.14101   4.4
64.22   3.79247   4.4
64.24   3.48677   4.4
64.26   3.21728   4.4
64.28   2.97863   4.4
64.3   2.76641   4.4
64.32   2.57699   4.4
64.34   2.40737   4.4
64.36   2.92146   4.4
64.38   2.80317   4.4
64.4   2.69915   4.4
64.42   2.60797   4.4
64.44   2.52846   4.4
64.46   2.45966   4.4
64.48   2.4008   4.4
64.5   2.35131   4.4
64.52   2.31076   4.4
64.54   2.27891   4.4
64.56   2.25573   4.4
64.58   2.24137   4.4
64.6   2.23631   4.4
64.62   2.24138   4.4
64.64   2.25792   4.4
64.66   2.28805   4.4
64.68   2.33509   4.4
64.7   2.40443   4.4
64.72   2.50552   4.4
64.74   2.6565   4.4
64.76   2.89364   4.4
64.78   3.28426   4.4
64.8   3.93224   4.4
64.82   4.95084   4.4
64.84   6.3321   4.4
64.86   7.54645   4.4
64.88   7.51093   4.4
64.9   6.31875   4.4
64.92   5.05442   4.4
64.94   4.1698   4.4
64.96   3.64794   4.4
64.98   3.37397   4.4
65   3.24807   4.4
65.02   3.2074   4.4
65.04   3.21897   4.4
65.06   3.26674   4.4
65.08   3.34283   4.4
65.1   3.44319   4.4
65.12   3.56591   4.4
65.14   3.71037   4.4
65.16   3.8769   4.4
65.18   4.06659   4.4
65.2   4.28118   4.4
65.22   4.52308   4.4
65.24   4.43381   4.4
65.26   4.74993   4.4
65.28   5.10463   4.4
65.3   5.50369   4.4
65.32   5.95418   4.4
65.34   6.46477   4.4
65.36   7.04612   4.4
65.38   7.71146   4.4
65.4   8.47731   4.4
65.42   9.36452   4.4
65.44   10.3997   4.4
65.46   11.617   4.4
65.48   13.0612   4.4
65.5   14.7917   4.4
65.52   16.8881   4.4
65.54   19.4597   4.41132
65.56   22.6592   4.76017
65.58   26.7046   5.16765
65.6   31.9159   5.64941
65.62   38.7809   6.22743
65.64   48.0916   6.93481
65.66   61.2638   7.82712
65.68   81.0704   9.00391
65.7   112.988   10.6296
65.72   166.711   12.9117
65.74   255.995   15.9998
65.76   392.819   19.8197
65.78   562.982   23.7273
65.8   670.713   25.8981
65.82   602.865   24.5533
65.84   435.424   20.8668
65.86   286.477   16.9256
65.88   185.716   13.6278
65.9   124.245   11.1465
65.92   87.825   9.3715
65.94   65.5664   8.09731
65.96   51.0285   7.14342
65.98   40.8938   6.39483
66   33.49   5.78706
66.02   27.9067   5.28268
66.04   23.5951   4.85748
66.06   20.2002   4.49446
66.08   17.4817   4.4
66.1   15.2728   4.4
66.12   13.4546   4.4
66.14   11.9407   4.4
66.16   10.6672   4.4
66.18   9.62456   4.4
66.2   8.70016   4.4
66.22   7.90309   4.4
66.24   7.21113   4.4
66.26   6.60668   4.4
66.28   6.07568   4.4
66.3   5.60677   4.4
66.32   5.19071   4.4
66.34   4.81989   4.4
66.36   4.48296   4.4
66.38   4.18501   4.4
66.4   3.91643   4.4
66.42   3.67354   4.4
66.44   3.45321   4.4
66.46   3.25278   4.4
66.48   3.06998   4.4
66.5   2.93741   4.4
66.52   2.78523   4.4
66.54   2.6456   4.4
66.56   2.51726   4.4
66.58   2.3991   4.4
66.6   2.29014   4.4
66.62   2.18954   4.4
66.64   2.09655   4.4
66.66   2.01052   4.4
66.68   2.13813   4.4
66.7   2.07019   4.4
66.72   2.0079   4.4
66.74   1.95088   4.4
66.76   1.89879   4.4
66.78   1.85133   4.4
66.8   1.80825   4.4
66.82   1.76933   4.4
66.84   1.73437   4.4
66.86   1.70322   4.4
66.88   1.67575   4.4
66.9   1.65186   4.4
66.92   1.63148   4.4
66.94   1.61456   4.4
66.96   1.60108   4.4
66.98   1.59106   4.4
67   1.58453   4.4
67.02   1.58157   4.4
67.04   1.58228   4.4
67.06   1.58682   4.4
67.08   1.59536   4.4
67.1   1.60816   4.4
67.12   1.62552   4.4
67.14   1.64781   4.4
67.16   1.67548   4.4
67.18   1.70911   4.4
67.2   1.74936   4.4
67.22   1.7971   4.4
67.24   1.85338   4.4
67.26   1.69251   4.4
67.28   1.36167   4.4
67.3   1.46965   4.4
67.32   1.59319   4.4
67.34   1.7358   4.4
67.36   1.90209   4.4
67.38   2.09825   4.4
67.4   2.33275   4.4
67.42   2.61741   4.4
67.44   2.9692   4.4
67.46   3.41328   4.4
67.48   3.98891   4.4
67.5   4.76269   4.4
67.52   5.85995   4.4
67.54   7.52974   4.4
67.56   10.2393   4.4
67.58   14.7276   4.4
67.6   21.8458   4.67395
67.62   31.7342   5.63331
67.64   41.1062   6.41142
67.66   41.9968   6.48049
67.68   33.6856   5.80393
67.7   24.1495   4.91422
67.72   17.3077   4.4
67.74   13.2431   4.4
67.76   11.1543   4.4
67.78   10.3219   4.4
67.8   10.3204   4.4
67.82   11.0061   4.4
67.84   12.4777   4.4
67.86   15.0926   4.4
67.88   19.4901   4.41476
67.9   26.4632   5.14424
67.92   36.3081   6.02562
67.94   46.5936   6.82595
67.96   50.6544   7.11719
67.98   47.5434   6.89517
68   45.0599   6.71267
68.02   48.7486   6.98202
68.04   61.9046   7.86795
68.06   88.1384   9.38821
68.08   130.247   11.4126
68.1   182.062   13.493
68.12   211.347   14.5378
68.14   185.797   13.6307
68.16   132.973   11.5314
68.18   87.5734   9.35806
68.2   57.186   7.56214
68.22   38.6896   6.2201
68.24   27.6864   5.26179
68.26   20.9009   4.57175
68.28   16.4227   4.4
68.3   13.2725   4.4
68.32   10.954   4.4
68.34   9.19419   4.4
68.36   7.82699   4.4
68.38   6.74421   4.4
68.4   5.87239   4.4
68.42   5.16019   4.4
68.44   4.57095   4.4
68.46   4.0779   4.4
68.48   3.66116   4.4
68.5   3.30573   4.4
68.52   3.00013   4.4
68.54   2.73542   4.4
68.56   2.50459   4.4
68.58   2.30208   4.4
68.6   2.12342   4.4
68.62   1.96499   4.4
68.64   1.82383   4.4
68.66   1.6975   4.4
68.68   1.58399   4.4
68.7   1.48161   4.4
68.72   1.38895   4.4
68.74   1.3048   4.4
68.76   1.22815   4.4
68.78   1.15812   4.4
68.8   1.09398   4.4
68.82   1.03507   4.4
68.84   0.980836   4.4
68.86   0.930797   4.4
68.88   0.884527   4.4
68.9   0.841655   4.4
68.92   0.801853   4.4
68.94   0.764834   4.4
68.96   0.730343   4.4
68.98   0.698153   4.4
69   0.668063   4.4
69.02   0.639893   4.4
69.04   0.613482   4.4
69.06   0.588687   4.4
69.08   0.565376   4.4
69.1   0.543434   4.4
69.12   0.522755   4.4
69.14   0.465714   4.4
69.16   0.448269   4.4
69.18   0.431788   4.4
69.2   0.4162   4.4
69.22   0.401442   4.4
69.24   0.387456   4.4
69.26   0.374189   4.4
69.28   0.361593   4.4
69.3   0.349623   4.4
69.32   0.338238   4.4
69.34   0.327401   4.4
69.36   0.317077   4.4
69.38   0.307234   4.4
69.4   0.297843   4.4
69.42   0.288876   4.4
69.44   0.247349   4.4
69.46   0.240025   4.4
69.48   0.233022   4.4
69.5   0.22632   4.4
69.52   0.219904   4.4
69.54   0.213756   4.4
69.56   0.207863   4.4
69.58   0.0461303   4.4
69.6   0   4.4
69.62   0   4.4
69.64   0   4.4
69.66   0   4.4
69.68   0   4.4
69.7   0   4.4
69.72   0   4.4
69.74   0   4.4
69.76   0   4.4
69.78   0   4.4
69.8   0   4.4
69.82   0   4.4
69.84   0   4.4
69.86   0   4.4
69.88   0   4.4
69.9   0   4.4
69.92   0   4.4
69.94   0   4.4
69.96   0   4.4
69.98   0   4.4
70   0   4.4
